8.780487806823363342e-03,3.333333339288970572e-03,4.847533635751412676e-03,1.277904111950472349e-02
8.780487813560793400e-03,3.333333359915801545e-03,4.847533647750128065e-03,1.277904143581355158e-02
8.780487873971690171e-03,3.333333544865342470e-03,4.847533755336097712e-03,1.277904427197696507e-02
8.780488294030689908e-03,3.333334830885354306e-03,4.847534503420284323e-03,1.277906399274897353e-02
8.780490971233227693e-03,3.333343027182250704e-03,4.847539271253954729e-03,1.277918967980576880e-02
8.780505948474895059e-03,3.333388880050376386e-03,4.847565944209267057e-03,1.277989280611882723e-02
8.780582975874718157e-03,3.333624698096136763e-03,4.847703121942004319e-03,1.278350885439488716e-02
8.780933210709898629e-03,3.334696924515976636e-03,4.848326851350145787e-03,1.279994985992383497e-02
8.781607322832139795e-03,3.336760653492457009e-03,4.849527364182858527e-03,1.283159255015178107e-02
8.783230115071696473e-03,3.341728593809113832e-03,4.852417345598089571e-03,1.290776134012920975e-02
8.786977190301916221e-03,3.353199447122390178e-03,4.859090335627674027e-03,1.308362390481779443e-02
8.795053460313007054e-03,3.377922222310627155e-03,4.873472732265076920e-03,1.346263140600967648e-02
8.812009113861223389e-03,3.429822651789531975e-03,4.903666678208284772e-03,1.425823131914742865e-02
8.845512257230431219e-03,3.532360351667410484e-03,4.963323404137784389e-03,1.582997937635180832e-02
8.910032844858055065e-03,3.729776402704371337e-03,5.078193737171188618e-03,1.885601059031832838e-02
9.027527114253938376e-03,4.089094256916115701e-03,5.287314820377519813e-03,2.436401988919337930e-02
9.235469740040197148e-03,4.724407917354385075e-03,5.657210723626642304e-03,3.410495909796862346e-02
9.584729118747477294e-03,5.789603099728807614e-03,6.277840388206923014e-03,5.044537008063028349e-02
1.015410562999436578e-02,7.520741247501587859e-03,7.287751103881605005e-03,7.702843990318924972e-02
1.103905874086506811e-02,1.019701255614485075e-02,8.852418362637712312e-03,1.182010381396202403e-01
1.236010559185177562e-02,1.415694859309391332e-02,1.117586316368031005e-02,1.793185371426539443e-01
1.420214724933096737e-02,1.960237157909836686e-02,1.438890144180500312e-02,2.638053771299886385e-01
1.657006967162347535e-02,2.646041396958905001e-02,1.846914175994086166e-02,3.710596197621311987e-01
1.930678640139027805e-02,3.416491905970353571e-02,2.310608777965453969e-02,4.929139009477579991e-01
8.780487807458691937e-03,3.333333341234048786e-03,4.847533636882873052e-03,1.277904114933215221e-02
8.780487816225293965e-03,3.333333368073243715e-03,4.847533652495347907e-03,1.277904156090622391e-02
8.780487890511966265e-03,3.333333595503741326e-03,4.847533784792712810e-03,1.277904504850213736e-02
8.780488405044785394e-03,3.333335170756547994e-03,4.847534701125403959e-03,1.277906920453411761e-02
8.780491521765663304e-03,3.333344712635626962e-03,4.847540251696039887e-03,1.277921552505679667e-02
8.780508953880744594e-03,3.333398081029120049e-03,4.847571296518866056e-03,1.278003389348906539e-02
8.780594886142105079e-03,3.333661160551858616e-03,4.847724332765647806e-03,1.278406793984749289e-02
8.780985999250172022e-03,3.334858530440628060e-03,4.848420861219546185e-03,1.280242766731823009e-02
8.781711162682795391e-03,3.337078538919219413e-03,4.849712288545262283e-03,1.283646610843261308e-02
8.783479741854977041e-03,3.342492761455683088e-03,4.852861892723331870e-03,1.291947630147053175e-02
8.787439195577437245e-03,3.354613687901976914e-03,4.859913080522572544e-03,1.310530228162161762e-02
8.796074911293789642e-03,3.381048806645439025e-03,4.875291697163066339e-03,1.351055455766658232e-02
8.813732593654191247e-03,3.435097383221513787e-03,4.906735589088150398e-03,1.433906893074113516e-02
8.849003989521604663e-03,3.543044685773367314e-03,4.969540253876592213e-03,1.599371490969322962e-02
8.915455670968460561e-03,3.746362048202847139e-03,5.087846334001066423e-03,1.911015931712801291e-02
9.037550978445229449e-03,4.119729068425236757e-03,5.305149395212636378e-03,2.483351810975038126e-02
9.249944579441017264e-03,4.768577103926037453e-03,5.682941291208868165e-03,3.478204085394190348e-02
9.609302647083579549e-03,5.864398352315778815e-03,6.321457072712276248e-03,5.159279205410764041e-02
1.018802322852896056e-02,7.623486405495654913e-03,7.347783895790905087e-03,7.860674023753555506e-02
1.109110596470048310e-02,1.035351459520219251e-02,8.944135103303078524e-03,1.206114001323161794e-01
1.242429229362928926e-02,1.434760194251459217e-02,1.128815093872176899e-02,1.822676386061897746e-01
1.427885513002262116e-02,1.982632060017560510e-02,1.452172203235539520e-02,2.672927748385223179e-01
1.663860768390652486e-02,2.665562050555491530e-02,1.858608488565496181e-02,3.741286836249577141e-01
1.935663998470440669e-02,3.430247911524299947e-02,2.318956702025885830e-02,4.951045161588463195e-01
8.780487807455347390e-03,3.333333341223808713e-03,4.847533636876916012e-03,1.277904114917512157e-02
8.780487815945743277e-03,3.333333367217391000e-03,4.847533651997495280e-03,1.277904154778185600e-02
8.780487890250751604e-03,3.333333594704026431e-03,4.847533784327515485e-03,1.277904503623862598e-02
8.780488390332555695e-03,3.333335125714644628e-03,4.847534674924340939e-03,1.277906851382422902e-02
8.780491503105678289e-03,3.333344655507559495e-03,4.847540218464403694e-03,1.277921464900764158e-02
8.780508471513725002e-03,3.333396604252671092e-03,4.847570437470342768e-03,1.278001124756723665e-02
8.780594162423915536e-03,3.333658944874267564e-03,4.847723043894357729e-03,1.278403396311452583e-02
8.780976190983658808e-03,3.334828502498887303e-03,4.848403393706354238e-03,1.280196721103971959e-02
8.781701738087108189e-03,3.337049685600245331e-03,4.849695504317240100e-03,1.283602366368752704e-02
8.783426305553962768e-03,3.342329169685008452e-03,4.852766728850393778e-03,1.291696786656021216e-02
8.787381198875506699e-03,3.354436136053685815e-03,4.859809795560557193e-03,1.310257977977999887e-02
8.795819929934164255e-03,3.380268239679926155e-03,4.874837616614706264e-03,1.349858648935966209e-02
8.813448508708647891e-03,3.434227765903860932e-03,4.906229695012372972e-03,1.432573521636893235e-02
8.848014951098555347e-03,3.540017612957449458e-03,4.967779146187104380e-03,1.594730330376730593e-02
8.914350949352447054e-03,3.742981775481843063e-03,5.085879539057301148e-03,1.905832703915855478e-02
9.034451930198226371e-03,4.110252272738906115e-03,5.299633964082987696e-03,2.468818691250290048e-02
9.246573275689897245e-03,4.758278293562536593e-03,5.676945001414634984e-03,3.462403851653163278e-02
9.601639070008018834e-03,5.841035927527907408e-03,6.307843251950885112e-03,5.123412787489886600e-02
1.018025138204178143e-02,7.599874320050700738e-03,7.334005851475142342e-03,7.824374441092464549e-02
1.107706108337470734e-02,1.031110754128457090e-02,8.919328025247032568e-03,1.199579466260822791e-01
1.241197629936994194e-02,1.431077721331118838e-02,1.126652461839539737e-02,1.816979378012947843e-01
1.426227830716602328e-02,1.977754257965034720e-02,1.449289048342321078e-02,2.665333523154654327e-01
1.662772563084377944e-02,2.662433899900018899e-02,1.856742002280424575e-02,3.736369524450117163e-01
1.934754406371170035e-02,3.427718680527880313e-02,2.317427073162325879e-02,4.947014945530185948e-01
8.780487807360171787e-03,3.333333340932422874e-03,4.847533636707416181e-03,1.277904114470676707e-02
8.780487815824624884e-03,3.333333366846579979e-03,4.847533651781792824e-03,1.277904154209551918e-02
8.780487887030659008e-03,3.333333584845624142e-03,4.847533778592841465e-03,1.277904488506161756e-02
8.780488382267675335e-03,3.333335101023784160e-03,4.847534660561564346e-03,1.277906813519399248e-02
8.780491367976336545e-03,3.333344241805836442e-03,4.847539977812158167e-03,1.277920830499111940e-02
8.780508139396901376e-03,3.333395587469628347e-03,4.847569846002615541e-03,1.277999565547367246e-02
8.780590593841005459e-03,3.333648019636386954e-03,4.847716688606502726e-03,1.278386643051903325e-02
8.780967773768095369e-03,3.334802733199730088e-03,4.848388403502291825e-03,1.280157205530829505e-02
8.781665463923980092e-03,3.336938633632443620e-03,4.849630903994445880e-03,1.283432081661973860e-02
8.783374078488821388e-03,3.342169279323547668e-03,4.852673718372197721e-03,1.291451615872680342e-02
8.787187855240350884e-03,3.353844240666902995e-03,4.859465476277576718e-03,1.309350435434865519e-02
8.795544063399735740e-03,3.379423732201470350e-03,4.874346341758724506e-03,1.348563784557556613e-02
8.812601409517291373e-03,3.431634760564276736e-03,4.904721208393016292e-03,1.428597949063035999e-02
8.846841010597588165e-03,3.536424580790059093e-03,4.965688784982622526e-03,1.589221340931851884e-02
8.911327037922018093e-03,3.733729498598774982e-03,5.080496015107871868e-03,1.891646529181488512e-02
9.030447124713276638e-03,4.098005356105704870e-03,5.292506432678516920e-03,2.450037258944665064e-02
9.237882995402938238e-03,4.731733158952382626e-03,5.661488915759433672e-03,3.421682190178253202e-02
9.590932222597253060e-03,5.808394066927307156e-03,6.288822589929049522e-03,5.073300712864486917e-02
1.016093837664788085e-02,7.541207878013263949e-03,7.299770415192132975e-03,7.734192046702989543e-02
1.105600028197190922e-02,1.024750965597973594e-02,8.882126506779606731e-03,1.189779953661760648e-01
1.238188811141419446e-02,1.422083484724363800e-02,1.121369786377295411e-02,1.803065835010024265e-01
1.423593219045566488e-02,1.970000730987810783e-02,1.444706373777809513e-02,2.653262806108658278e-01
1.660113397197840804e-02,2.654791963950745362e-02,1.852181676364677426e-02,3.724358015269608746e-01
1.933269152771213695e-02,3.423588371911654576e-02,2.314929235413393238e-02,4.940433836743292062e-01
8.780487807311733103e-03,3.333333340784130905e-03,4.847533636621153587e-03,1.277904114243273367e-02
8.780487815231413640e-03,3.333333365030446797e-03,4.847533650725341023e-03,1.277904151424540807e-02
8.780487885101068840e-03,3.333333578938124393e-03,4.847533775156424515e-03,1.277904479447105300e-02
8.780488351422272714e-03,3.333335006589784478e-03,4.847534605628885281e-03,1.277906668706810418e-02
8.780491272556244578e-03,3.333343949674866854e-03,4.847539807878222320e-03,1.277920382522917259e-02
8.780507108454276705e-03,3.333392431224704942e-03,4.847568009995825364e-03,1.277994725576730300e-02
8.780587627069725426e-03,3.333638936840594997e-03,4.847711405083284832e-03,1.278372715037017632e-02
8.780945704238731636e-03,3.334735167834785262e-03,4.848349100007096416e-03,1.280053600844490574e-02
8.781630907825707308e-03,3.336832841285603327e-03,4.849569363325176123e-03,1.283269861104691101e-02
8.783249903340832609e-03,3.341789128291198369e-03,4.852452577385842417e-03,1.290868726941145871e-02
8.786987878876228314e-03,3.353232038469833483e-03,4.859109344638740634e-03,1.308411750279081000e-02
8.794935610819820324e-03,3.377561115947162740e-03,4.873262790432559416e-03,1.345708026657774226e-02
8.811657315281273828e-03,3.428744834994647273e-03,4.903039992125144721e-03,1.424167114561827874e-02
8.844393242369092550e-03,3.528933013623559035e-03,4.961330250204987712e-03,1.577735724595340921e-02
8.907707116323321586e-03,3.722653458441456051e-03,5.074051354238906866e-03,1.874664052584685062e-02
9.022393695097802313e-03,4.073378800636383475e-03,5.278173717088210579e-03,2.412274062439294722e-02
9.226723943102968159e-03,4.697645686181582333e-03,5.641641547222717851e-03,3.369391110406520784e-02
9.569747990176563981e-03,5.743815801076732064e-03,6.251190582008275126e-03,4.974169487662728761e-02
1.013433495834811446e-02,7.460388496252129756e-03,7.252608996272849606e-03,7.609962503063598394e-02
1.101428043455547449e-02,1.012154311754022082e-02,8.808437844819282797e-03,1.170372520808505151e-01
1.233752266501226408e-02,1.408819315505729572e-02,1.113579670903776242e-02,1.782548988512918653e-01
1.418278621315838088e-02,1.954362840181598712e-02,1.435462907030439494e-02,2.628921083445983076e-01
1.655973407328696634e-02,2.642892580946250985e-02,1.845081129506408180e-02,3.705657117914596954e-01
1.930215656436150631e-02,3.415098640081546538e-02,2.309794479873041734e-02,4.926909226995292990e-01
8.780487807128520283e-03,3.333333340223216309e-03,4.847533636294867714e-03,1.277904113383119059e-02
8.780487814873432634e-03,3.333333363934481465e-03,4.847533650087813666e-03,1.277904149743895254e-02
8.780487879132459553e-03,3.333333560665066413e-03,4.847533764526909018e-03,1.277904451425709680e-02
8.780488330027419810e-03,3.333334941088879431e-03,4.847534567526720628e-03,1.277906568262475104e-02
8.780491024008242953e-03,3.333343188740461524e-03,4.847539365238587306e-03,1.277919215654828300e-02
8.780506288402545323e-03,3.333389920623786376e-03,4.847566549564596289e-03,1.277990875667417946e-02
8.780580917271723490e-03,3.333618394843330772e-03,4.847699455623315570e-03,1.278341215461487393e-02
8.780925565968379989e-03,3.334673514905439704e-03,4.848313235866505942e-03,1.279959061927242805e-02
8.781559871527167688e-03,3.336615368194224048e-03,4.849442855777365453e-03,1.282936401909526292e-02
8.783126734155453919e-03,3.341412056343600560e-03,4.852233227777022137e-03,1.290290556672125770e-02
8.786602945859523645e-03,3.352053632609898297e-03,4.858423832911031547e-03,1.306604994841993779e-02
8.794290316524115692e-03,3.375585713329539057e-03,4.872113628765818022e-03,1.342679335598027414e-02
8.809925476907365730e-03,3.423443697104675172e-03,4.899956007691008003e-03,1.416039920672062906e-02
8.841622621072037919e-03,3.520453263960360724e-03,4.956396814582065061e-03,1.564735123567097264e-02
8.901261113312960299e-03,3.702930993774864593e-03,5.062575480404486739e-03,1.844426882932339098e-02
9.012654184485973524e-03,4.043595523412170899e-03,5.260839966552874856e-03,2.366604278478115150e-02
9.207051773311953485e-03,4.637556129394646183e-03,5.606653506791825156e-03,3.277222306857526662e-02
9.542263316672567122e-03,5.660023812650451409e-03,6.202363705507796948e-03,4.845551723976558589e-02
1.008703389187089357e-02,7.316696541873317187e-03,7.168756595989473138e-03,7.389121257972579293e-02
1.095591054135053137e-02,9.945267636214527932e-03,8.705327445885367374e-03,1.143217581647087977e-01
1.225617695717437852e-02,1.384499316081933343e-02,1.099296111584523519e-02,1.744938572133052368e-01
1.410249675730677367e-02,1.930730514315628227e-02,1.421495714635356844e-02,2.592143104742968274e-01
1.648041352750659674e-02,2.620095427939074864e-02,1.831477043239228275e-02,3.669838654706349401e-01
1.925386650229093943e-02,3.401669401205943688e-02,2.301672876186354119e-02,4.905520413025616366e-01
8.780487807021265800e-03,3.333333339894857875e-03,4.847533636103859914e-03,1.277904112879586426e-02
8.780487813869294889e-03,3.333333360860280415e-03,4.847533648299537541e-03,1.277904145029659655e-02
8.780487875167483636e-03,3.333333548526182764e-03,4.847533757465668537e-03,1.277904432810950119e-02
8.780488279049342148e-03,3.333334785018335356e-03,4.847534476739721182e-03,1.277906328932403024e-02
8.780490837099480181e-03,3.333342616515510941e-03,4.847539032372351862e-03,1.277918338165290150e-02
8.780504579236283677e-03,3.333384688004273344e-03,4.847563505711654022e-03,1.277982851747160899e-02
8.780575214105522039e-03,3.333600934624410348e-03,4.847689298867769586e-03,1.278314441466084535e-02
8.780887696960179914e-03,3.334557580609974307e-03,4.848245795323793961e-03,1.279781292576590533e-02
8.781492868603598886e-03,3.336410242739666198e-03,4.849323531154716566e-03,1.282621874433879754e-02
8.782908960505828380e-03,3.340745369284506185e-03,4.851845400495351755e-03,1.289268357541482196e-02
8.786215710183687896e-03,3.350868175148334106e-03,4.857734219861248835e-03,1.304787421025418136e-02
8.793201879010545396e-03,3.372253800610942095e-03,4.870175314207142100e-03,1.337571130133031333e-02
8.808073642800959627e-03,3.417775222431630039e-03,4.896658329398693998e-03,1.407349568293269140e-02
8.837086502681433878e-03,3.506570374006889347e-03,4.948319754928310471e-03,1.543452437487824631e-02
8.893923326331083443e-03,3.680479486653407632e-03,5.049511774755717497e-03,1.810006244215527083e-02
8.996876811776573918e-03,3.995349683654688018e-03,5.232760567119707461e-03,2.292631979266935086e-02
9.183076757427497544e-03,4.564317290762744637e-03,5.564010443741927193e-03,3.164890387789941889e-02
9.497337806525379261e-03,5.523057536894174571e-03,6.122551131149691316e-03,4.635345701088040837e-02
1.002471725491231591e-02,7.127344129367111508e-03,7.058269136694667566e-03,7.098144439862186239e-02
1.085702824077221934e-02,9.646603474183597024e-03,8.530634604976501667e-03,1.097220322469634191e-01
1.213879936422467172e-02,1.349388660474965668e-02,1.078679192575867848e-02,1.690656102012221829e-01
1.395728182882573047e-02,1.887977752896083730e-02,1.396229904203682981e-02,2.525633888806644300e-01
1.635486865852264771e-02,2.583989853384789648e-02,1.809936641972894819e-02,3.613133181575082231e-01
1.916174674112935961e-02,3.376048095397634480e-02,2.286178221712082195e-02,4.864731147424898317e-01
8.780487806737317588e-03,3.333333339025537634e-03,4.847533635598173275e-03,1.277904111546498099e-02
8.780487813243189818e-03,3.333333358943441332e-03,4.847533647184504996e-03,1.277904142090219644e-02
8.780487866205074696e-03,3.333333521087545898e-03,4.847533741504488243e-03,1.277904390734401797e-02
8.780488243213110597e-03,3.333334675304863107e-03,4.847534412918872403e-03,1.277906160689483081e-02
8.780490467254133125e-03,3.333341484229250095e-03,4.847538373714445868e-03,1.277916601852994646e-02
8.780503231775298872e-03,3.333380562743060854e-03,4.847561106018648085e-03,1.277976525876916604e-02
8.780565071804174310e-03,3.333569884193861126e-03,4.847671236500320641e-03,1.278266828795265181e-02
8.780854262548525718e-03,3.334455222462779592e-03,4.848186252277485349e-03,1.279624339516711833e-02
8.781381814924993368e-03,3.336070262040589322e-03,4.849125757777648059e-03,1.282100585856826326e-02
8.782702629632115413e-03,3.340113711496509302e-03,4.851477951050897630e-03,1.288299861532620633e-02
8.785604664718581203e-03,3.348997588438139619e-03,4.856646037652274581e-03,1.301919529090431009e-02
8.792108723430093475e-03,3.368907430465371226e-03,4.868228593272500189e-03,1.332440742545594470e-02
8.805246725642109848e-03,3.409122172197085691e-03,4.891624286358121909e-03,1.394084454144936015e-02
8.832254869647754303e-03,3.491782814120046683e-03,4.939716414755278111e-03,1.520783025753297615e-02
8.882891011101217565e-03,3.646724243767060850e-03,5.029870585325207227e-03,1.758260780066037837e-02
8.978962007180325833e-03,3.940564103962288130e-03,5.200875820652149303e-03,2.208635910081346854e-02
9.146878776172749984e-03,4.453735252161855097e-03,5.499624855897637318e-03,2.995307270217488146e-02
9.442350899665162209e-03,5.355377927368929619e-03,6.024850198752876133e-03,4.378034630500340918e-02
9.927541162618264137e-03,6.832002314745108662e-03,6.885950167573625172e-03,6.644414097726084045e-02
1.072397930396078169e-02,9.244490696028688850e-03,8.295491267929609377e-03,1.035310367569431400e-01
1.194166618115937925e-02,1.290386920651684192e-02,1.044040882533012193e-02,1.599481913401395727e-01
1.373661306465757265e-02,1.822932938660325186e-02,1.357808231063492230e-02,2.424507263787363254e-01
1.612132612334795517e-02,2.516764929231016593e-02,1.769844083684389557e-02,3.507630722580241667e-01
1.900738538035968983e-02,3.333069059306376786e-02,2.260197404512289884e-02,4.796353474478216583e-01
8.780487806573318565e-03,3.333333338523454883e-03,4.847533635306110027e-03,1.277904110776562074e-02
8.780487811873917067e-03,3.333333354751375367e-03,4.847533644745960837e-03,1.277904135661765694e-02
8.780487860379658158e-03,3.333333503252877694e-03,4.847533731129983169e-03,1.277904363385302597e-02
8.780488174810910026e-03,3.333334465890222097e-03,4.847534291101254778e-03,1.277905839558892039e-02
8.780490198401283419e-03,3.333340661132122747e-03,4.847537894914041162e-03,1.277915339665353089e-02
8.780500931121162922e-03,3.333373519302042492e-03,4.847557008789278067e-03,1.277965725275481516e-02
8.780556866639688957e-03,3.333544764219547370e-03,4.847656623960602471e-03,1.278228309641038854e-02
8.780801877008706513e-03,3.334294847469642005e-03,4.848092959575362772e-03,1.279378431782979275e-02
8.781283555095760127e-03,3.335769447762086670e-03,4.848950768569101899e-03,1.281639346978902423e-02
8.782395494533613844e-03,3.339173464416622748e-03,4.850930983937699371e-03,1.286858275301276493e-02
8.785031914934852276e-03,3.347244228687506519e-03,4.855626052657279618e-03,1.299231342043371921e-02
8.790542226477479279e-03,3.364112138002749684e-03,4.865438945332069276e-03,1.325089392258198100e-02
8.802446692816406904e-03,3.400551314189495088e-03,4.886638085884692159e-03,1.380945299912252414e-02
8.825482657700301284e-03,3.471056200109350672e-03,4.927657628523841697e-03,1.489011577914823095e-02
8.871308955223679293e-03,3.611285302660899484e-03,5.009250091928863641e-03,1.703935254135204025e-02
8.953960735736178969e-03,3.864104619339391554e-03,5.156377295627125393e-03,2.091424481535466770e-02
9.106213484493353577e-03,4.329483221332506432e-03,5.427285231470403183e-03,2.804777124451569847e-02
9.363962082929843528e-03,5.116281987088455545e-03,5.885548471556478756e-03,4.011219143012040300e-02
9.808338404860667339e-03,6.469501600356787618e-03,6.674496482953432702e-03,6.087662672084086929e-02
1.052121528295194529e-02,8.631227615765787314e-03,7.936973582979128458e-03,9.409404538035923138e-02
1.166692831590901078e-02,1.208032762695343196e-02,9.957222967625006110e-03,1.472311863262966425e-01
1.335653431277513195e-02,1.710701005566668542e-02,1.291559268180090397e-02,2.250198557557908097e-01
1.573436283579490724e-02,2.405082818275014814e-02,1.703307995997298957e-02,3.332578254252455130e-01
1.870296981297711256e-02,3.248138232727793007e-02,2.208897489409268611e-02,4.661403043915955946e-01
8.780487806224170771e-03,3.333333337454528686e-03,4.847533634684310540e-03,1.277904109137381443e-02
8.780487811061254630e-03,3.333333352263385084e-03,4.847533643298687113e-03,1.277904131846476637e-02
8.780487849550702370e-03,3.333333470099774602e-03,4.847533711844664167e-03,1.277904312545845300e-02
8.780488129287536761e-03,3.333334326519447628e-03,4.847534210028568019e-03,1.277905625837807459e-02
8.780489753232794542e-03,3.333339298245298083e-03,4.847537102113492861e-03,1.277913249748415143e-02
8.780499230073381123e-03,3.333368311543894163e-03,4.847553979395746900e-03,1.277957739513055878e-02
8.780544508163786593e-03,3.333506929159397829e-03,4.847634614846147924e-03,1.278170294158101870e-02
8.780759097097230390e-03,3.334163879085940124e-03,4.848016773329961830e-03,1.279177612003658607e-02
8.781144832760512733e-03,3.335344764777839650e-03,4.848703721107482101e-03,1.280988200361130036e-02
8.782128421911830282e-03,3.338355858872825606e-03,4.850455362056494205e-03,1.285604707485434213e-02
8.784257787886405600e-03,3.344874420699183240e-03,4.854247448619394140e-03,1.295598197430054485e-02
8.789106675089917650e-03,3.359717651368702377e-03,4.862882477078995028e-03,1.318352411431411748e-02
8.798773636214835339e-03,3.389308261732619683e-03,4.880097243975822091e-03,1.363710738506863918e-02
8.818943775504715227e-03,3.451043088098672881e-03,4.916014113760675160e-03,1.458333796988988372e-02
8.856340497608899270e-03,3.565483730248543426e-03,4.982600027735573610e-03,1.633731246033368750e-02
8.928383617960961721e-03,3.785874427487590736e-03,5.110850503077156437e-03,1.971503851593130879e-02
9.053378755171212836e-03,4.168021206797237373e-03,5.333287289430913188e-03,2.557233579785403096e-02
9.277682919635987790e-03,4.853000461915814301e-03,5.732183408606432613e-03,3.607376697961368894e-02
9.646422066285719951e-03,5.976783462299867927e-03,6.387156319141377991e-03,5.331249057316740647e-02
1.027193093233538107e-02,7.876186223923092172e-03,7.495822333790006994e-03,8.248260419352301809e-02
1.125090544697003245e-02,1.083069081779703714e-02,9.224636030395826081e-03,1.279555431582752867e-01
1.279264436579451852e-02,1.543578237362175712e-02,1.193054310700259781e-02,1.991056019565398683e-01
1.501786060797913325e-02,2.197306380585130683e-02,1.579757524423981707e-02,3.007636498838820449e-01
1.811526486601886324e-02,3.083340663621265618e-02,2.109559218104515091e-02,4.400149982150575179e-01
8.780487806036687062e-03,3.333333336880539913e-03,4.847533634350418771e-03,1.277904108257179108e-02
8.780487809578544842e-03,3.333333347724037887e-03,4.847533640658129202e-03,1.277904124885479581e-02
8.780487843008432172e-03,3.333333450070451350e-03,4.847533700193514504e-03,1.277904281831322708e-02
8.780488055663433419e-03,3.333334101118010963e-03,4.847534078911281720e-03,1.277905280192820348e-02
8.780489453799125710e-03,3.333338381525430532e-03,4.847536568851833205e-03,1.277911843998632592e-02
8.780496744141256041e-03,3.333360700888623671e-03,4.847549552207727069e-03,1.277946069199534067e-02
8.780535342520661909e-03,3.333478868762959971e-03,4.847618291806824083e-03,1.278127266489394870e-02
8.780701529546155321e-03,3.333987640327748352e-03,4.847914252168079863e-03,1.278907383266125915e-02
8.781033600024645142e-03,3.335004236487441962e-03,4.848505628929934523e-03,1.280466076128536183e-02
8.781786412345048490e-03,3.337308853967102529e-03,4.849846288862166496e-03,1.283999472645798272e-02
8.783603981123327617e-03,3.342872929301803683e-03,4.853083113357845903e-03,1.292529660592680804e-02
8.787335706957560486e-03,3.354296444052055209e-03,4.859728696172196070e-03,1.310041791156329148e-02
8.795520586318241602e-03,3.379350631672294915e-03,4.874304275988569114e-03,1.348446347708920356e-02
8.811080773817564493e-03,3.426977198757793965e-03,4.902012679111114428e-03,1.421446082728069008e-02
8.842433371674883816e-03,3.522926549739053767e-03,4.957838521121898240e-03,1.568500511480166310e-02
8.897987269813629335e-03,3.692895299913599456e-03,5.056742147511742759e-03,1.828991689648414715e-02
9.001512312664218876e-03,4.009472495971131388e-03,5.240996166031100696e-03,2.314180234530674798e-02
9.173718300483952801e-03,4.535608598689155543e-03,5.547330012094546341e-03,3.120683181251588528e-02
9.474644978745463963e-03,5.453518113819621344e-03,6.082128163003012143e-03,4.528272344295866669e-02
9.951372398603837433e-03,6.903639214768777024e-03,6.927961897476447167e-03,6.753907774855687218e-02
1.073995569664454655e-02,9.290789667189276735e-03,8.323089035065549951e-03,1.042356228940032603e-01
1.193259014220895975e-02,1.287289740815423383e-02,1.042321468308043605e-02,1.594610157756119473e-01
1.380237830192832318e-02,1.841667829723201560e-02,1.369043904824713762e-02,2.453531080974507561e-01
1.672741158109479487e-02,2.689814633363939514e-02,1.873413317215029406e-02,3.779286364348889427e-01
8.780487805700610410e-03,3.333333335851632918e-03,4.847533633751899274e-03,1.277904106679369003e-02
8.780487808774812761e-03,3.333333345263390316e-03,4.847533639226758555e-03,1.277904121112121219e-02
8.780487832618999802e-03,3.333333418262962415e-03,4.847533681690943501e-03,1.277904233055366170e-02
8.780488010910931368e-03,3.333333964107315639e-03,4.847533999211449049e-03,1.277905070091059879e-02
8.780489026161877181e-03,3.333337072311370886e-03,4.847535807272808535e-03,1.277909836389898995e-02
8.780495073626251937e-03,3.333355586610510686e-03,4.847546577190703539e-03,1.277938226803127485e-02
8.780523391404655362e-03,3.333442280865547228e-03,4.847597008164533650e-03,1.278071163611260545e-02
8.780659276841748864e-03,3.333858286164471333e-03,4.847839004855204401e-03,1.278709039784894225e-02
8.780897962838018697e-03,3.334588999108115126e-03,4.848264075854869827e-03,1.279829416924817449e-02
8.781521087912042695e-03,3.336496601533582487e-03,4.849373780362038582e-03,1.282754124357354288e-02
8.782841092473804220e-03,3.340537524791104430e-03,4.851724521835779416e-03,1.288949306037640366e-02
8.785898361830921446e-03,3.349896445047844708e-03,4.857169023066989881e-03,1.303296480336594773e-02
8.791854349028857887e-03,3.368128246825453920e-03,4.867775496014290805e-03,1.331243938869748275e-02
8.804435268891991351e-03,3.406636773826986642e-03,4.890178941431808611e-03,1.390267955506993384e-02
8.827165788498649718e-03,3.476204177236892796e-03,4.930653901731010293e-03,1.496890718785416803e-02
8.871265350471547323e-03,3.611142703440141984e-03,5.009170188887466721e-03,1.703689273003046109e-02
8.945405174761522984e-03,3.837917648895065870e-03,5.141143642440471409e-03,2.051233696248036531e-02
9.078295818708569803e-03,4.244117046822034472e-03,5.377603420529161737e-03,2.673792256250051916e-02
9.287157854469986831e-03,4.881809322449235690e-03,5.748995452493060182e-03,3.651409131904004290e-02
9.636089666893761160e-03,5.945010425513654398e-03,6.368718795335555870e-03,5.282169009846728047e-02
1.014524586734148574e-02,7.491546021479006910e-03,7.271322438137279263e-03,7.656711584189986042e-02
1.090674954034545098e-02,9.793099823645991242e-03,8.617289879283493437e-03,1.119640151544619711e-01
1.183233094318084273e-02,1.257194249567493080e-02,1.024676116971138043e-02,1.548085250939920665e-01
1.268415505201522450e-02,1.511036772474329964e-02,1.173974144498232675e-02,1.940550252826735989e-01
8.780487805538698259e-03,3.333333335355932216e-03,4.847533633463548333e-03,1.277904105919219248e-02
8.780487807514785956e-03,3.333333341405780338e-03,4.847533636982770573e-03,1.277904115196554398e-02
8.780487826962961664e-03,3.333333400946867243e-03,4.847533671618092094e-03,1.277904206501517120e-02
8.780487948107032134e-03,3.333333771832107731e-03,4.847533887363880516e-03,1.277904775243894966e-02
8.780488767113080878e-03,3.333336279230224557e-03,4.847535345932589036e-03,1.277908620234354149e-02
8.780492945594542756e-03,3.333349071662464365e-03,4.847542787386092782e-03,1.277928236660479284e-02
8.780515460062547975e-03,3.333417999246242585e-03,4.847582883283413878e-03,1.278033930272165324e-02
8.780609841539315646e-03,3.333706943597047369e-03,4.847750966271227591e-03,1.278476984323126224e-02
8.780801667980533270e-03,3.334294201446143420e-03,4.848092586185528095e-03,1.279377409794833775e-02
8.781226483499115359e-03,3.335594717800274400e-03,4.848849128883488645e-03,1.281371382153176017e-02
8.782273996817658093e-03,3.338801473892690028e-03,4.850714604191158803e-03,1.286287719703583035e-02
8.784367445294014726e-03,3.345210022903808995e-03,4.854442714997958021e-03,1.296112274703638788e-02
8.789025669731222526e-03,3.359469408660112604e-03,4.862738166470373206e-03,1.317970582904166854e-02
8.797609273326373325e-03,3.385743573854427604e-03,4.878023654413234100e-03,1.358243828648831621e-02
8.815026917278600410e-03,3.439053293720042287e-03,4.909039113039288457e-03,1.439949168052404201e-02
8.844712831542186904e-03,3.529898944191211391e-03,4.961896392099950960e-03,1.579176963158036504e-02
8.899802944799022064e-03,3.698439575768636307e-03,5.059971809807273235e-03,1.837461274101810649e-02
8.986408016683948910e-03,3.963278154133827863e-03,5.214112874997676658e-03,2.243337704207964967e-02
9.133596388144336886e-03,4.413016952515640655e-03,5.475958814509217405e-03,2.932636383748647713e-02
9.344866457718915137e-03,5.057773830753363453e-03,5.851535650314329019e-03,3.921141524886361668e-02
9.667570071183764074e-03,6.040633750223810272e-03,6.424534122478143920e-03,5.428722090309000270e-02
1.006043656037627562e-02,7.234041345213315481e-03,7.121023607437044003e-03,7.260865673008337629e-02
1.051309000389338312e-02,8.604423805988276053e-03,7.921900730887191863e-03,9.366900762451117746e-02
1.076009607333553927e-02,9.350239323271395536e-03,8.358234680343365822e-03,1.051425591186890274e-01
8.780487805288100106e-03,3.333333334588720834e-03,4.847533633017258627e-03,1.277904104742714174e-02
8.780487806908512244e-03,3.333333339549659612e-03,4.847533635903057865e-03,1.277904112350226190e-02
8.780487819130195978e-03,3.333333376966668773e-03,4.847533657668695768e-03,1.277904169728472962e-02
8.780487914083969989e-03,3.333333667669768387e-03,4.847533826772122342e-03,1.277904615513890570e-02
8.780488442700963916e-03,3.333335286039785378e-03,4.847534768187025840e-03,1.277907097226790162e-02
8.780491673216171689e-03,3.333345176274748849e-03,4.847540521409096463e-03,1.277922263328353826e-02
8.780506392732007059e-03,3.333390239901216391e-03,4.847566735341218673e-03,1.277991364599297824e-02
8.780577844183757100e-03,3.333608985339194409e-03,4.847693982534683962e-03,1.278326780147225755e-02
8.780699277784687062e-03,3.333980744684565591e-03,4.847910241661194074e-03,1.278896799553382035e-02
8.781026207857702340e-03,3.334981599796756849e-03,4.848492463192980752e-03,1.280431335557856605e-02
8.781698680050404118e-03,3.337040261818429668e-03,4.849690046665686323e-03,1.283587603009212971e-02
8.783286246878751341e-03,3.341900211527608442e-03,4.852517266523705651e-03,1.291038162931594513e-02
8.786274919472522593e-03,3.351049085166021846e-03,4.857839594757367568e-03,1.305063125551555320e-02
8.792655075279180374e-03,3.370578948508481769e-03,4.869201352223021667e-03,1.334998980466702359e-02
8.803704827592661805e-03,3.404400575293672643e-03,4.888878128120094542e-03,1.386838438528295060e-02
8.825137422499341328e-03,3.469994588025612694e-03,4.927041750519023725e-03,1.487365930066050952e-02
8.859173916231779383e-03,3.574144760572836501e-03,4.987642563852505949e-03,1.646977826789171664e-02
8.918958133219558049e-03,3.757022878297423558e-03,5.094067252930781220e-03,1.927224192257259716e-02
9.004761106200728782e-03,4.019370383241759048e-03,5.246768196103805681e-03,2.329277348349390042e-02
9.139724985940692048e-03,4.431701840457762977e-03,5.486849391548037289e-03,2.961218222596746774e-02
9.306884945729523850e-03,4.941870027940101738e-03,5.784021930862158489e-03,3.743320715186848613e-02
9.525148731054113721e-03,5.607000811008499078e-03,6.171703971199651688e-03,4.763261016759615801e-02
9.709220837193704295e-03,6.167133109777385089e-03,6.498375137570698568e-03,5.622627852875262955e-02
9.819484763130470126e-03,6.502203267541405499e-03,6.693903255100445288e-03,6.136780412224198539e-02
8.780487805182805860e-03,3.333333334266360207e-03,4.847533632829740223e-03,1.277904104248378699e-02
8.780487806076302942e-03,3.333333337001825273e-03,4.847533634420971710e-03,1.277904108443170088e-02
8.780487815377678584e-03,3.333333365478235739e-03,4.847533650985823631e-03,1.277904152111192758e-02
8.780487872001372165e-03,3.333333538833067964e-03,4.847533751827132024e-03,1.277904417946867932e-02
8.780488269195892495e-03,3.333334754851226527e-03,4.847534459191585494e-03,1.277906282669068021e-02
8.780490241906949503e-03,3.333340794326582548e-03,4.847537972393561358e-03,1.277915543920121050e-02
8.780501096822698748e-03,3.333374026552277363e-03,4.847557303878558335e-03,1.277966502877599109e-02
8.780544934177710384e-03,3.333508233298953290e-03,4.847635373514787120e-03,1.278172293443373062e-02
8.780635821360276844e-03,3.333786477684646653e-03,4.847797233112958668e-03,1.278598928539780022e-02
8.780831400998159383e-03,3.334385225251618613e-03,4.848145536955740173e-03,1.279516969345957655e-02
8.781326686597576425e-03,3.335901464983049517e-03,4.849027575782630453e-03,1.281841634901298606e-02
8.782281683336128422e-03,3.338824997783103755e-03,4.850728291499841090e-03,1.286323750277065976e-02
8.784442891042378715e-03,3.345440909522672760e-03,4.854577058502318986e-03,1.296465888709568033e-02
8.788255920624659864e-03,3.357113079153358024e-03,4.861367378516135221e-03,1.314358304725406212e-02
8.796042551337453566e-03,3.380947554672065255e-03,4.875233612694822478e-03,1.350890673608480357e-02
8.808593762537132374e-03,3.419363587645377154e-03,4.897583725678250621e-03,1.409769786079149989e-02
8.831703133976768691e-03,3.490085862288746458e-03,4.938732052241052127e-03,1.518152056786867786e-02
8.865297353936714420e-03,3.592877292406727700e-03,4.998543746401847704e-03,1.675677168246882467e-02
8.920386364417227931e-03,3.761384839197929892e-03,5.096607883304142897e-03,1.933891701994171555e-02
8.990091077011527765e-03,3.974514892253288786e-03,5.220660891835273397e-03,2.260505481769286423e-02
9.088414672787543946e-03,4.274957881437047719e-03,5.395583085513987187e-03,2.720914480467690605e-02
9.184568756048847385e-03,4.568582218866164626e-03,5.566580288890910985e-03,3.170961912675249877e-02
9.282081967490148078e-03,4.866105282245646903e-03,5.739911134580970818e-03,3.626979913609900547e-02
9.310941259374446929e-03,4.954138734966172415e-03,5.791200932610876366e-03,3.761963847904208069e-02
8.780487805039583621e-03,3.333333333827878924e-03,4.847533632574673422e-03,1.277904103575975246e-02
8.780487805729552536e-03,3.333333335940238690e-03,4.847533633803442245e-03,1.277904106815243995e-02
8.780487810777521523e-03,3.333333351394734880e-03,4.847533642793387318e-03,1.277904130514446665e-02
8.780487852086486453e-03,3.333333477863166961e-03,4.847533716360654180e-03,1.277904324450978429e-02
8.780488076176467399e-03,3.333334163919578728e-03,4.847534115443082742e-03,1.277905376499701914e-02
8.780489492537821988e-03,3.333338500126667436e-03,4.847536637842024369e-03,1.277912025880043913e-02
8.780495725469301960e-03,3.333357582255100805e-03,4.847547738062038362e-03,1.277941287135582298e-02
8.780526377842578709e-03,3.333451423712936127e-03,4.847602326682848642e-03,1.278085182892054437e-02
8.780576276452737444e-03,3.333604185776305791e-03,4.847691190573344758e-03,1.278319420562458106e-02
8.780716374305806010e-03,3.334033082426668924e-03,4.847940688223551300e-03,1.278977039334013716e-02
8.780994234423526029e-03,3.334883717858209366e-03,4.848435522642366782e-03,1.280281263929638515e-02
8.781667126667861908e-03,3.336943653873825077e-03,4.849633851951329691e-03,1.283439423215577968e-02
8.782880161517384390e-03,3.340657083147214289e-03,4.851794089950541358e-03,1.289132386204481368e-02
8.785508618744979764e-03,3.348703233691795265e-03,4.856474929439356589e-03,1.301466642896548405e-02
8.789821036734405194e-03,3.361903894609734669e-03,4.864154521420522084e-03,1.321701485071990687e-02
8.798212713155001766e-03,3.387589833169667684e-03,4.879098064402834743e-03,1.361070223683470866e-02
8.810632381972284197e-03,3.425602438620862968e-03,4.901213715091788485e-03,1.419329396969990463e-02
8.832168715023302336e-03,3.491509301766337458e-03,4.939560734943794149e-03,1.520328705012269008e-02
8.860147154936886746e-03,3.577117799773175955e-03,4.989374151892958693e-03,1.651518571446281350e-02
8.902340302637139213e-03,3.706185832150096955e-03,5.064484780938928281e-03,1.849288470074464397e-02
8.947095256069015345e-03,3.843053704013534022e-03,5.144143331873710263e-03,2.059021970348426725e-02
9.001720549440338226e-03,4.010036348327057111e-03,5.241347388299247290e-03,2.314874631068669988e-02
9.037013172008624348e-03,4.117895209111416439e-03,5.304140054866259696e-03,2.480164696268194469e-02
9.059176350305493328e-03,4.185599923988202707e-03,5.343564155195740240e-03,2.583887095207535595e-02
8.780487804988541117e-03,3.333333333671609829e-03,4.847533632483771310e-03,1.277904103336339331e-02
8.780487805306720628e-03,3.333333334645725583e-03,4.847533633050418733e-03,1.277904104830130012e-02
8.780487808880046291e-03,3.333333345585563594e-03,4.847533639414167671e-03,1.277904121606185037e-02
8.780487830097417901e-03,3.333333410543125059e-03,4.847533677200261369e-03,1.277904221217394248e-02
8.780487986567275804e-03,3.333333889579148147e-03,4.847533955857855764e-03,1.277904955806593787e-02
8.780488739265712370e-03,3.333336193979278932e-03,4.847535296339950880e-03,1.277908489527104265e-02
8.780492998678522676e-03,3.333349234188505168e-03,4.847542881925021550e-03,1.277928485932578427e-02
8.780509393439063157e-03,3.333399426590454278e-03,4.847572079300496370e-03,1.278005451921153737e-02
8.780544323470557133e-03,3.333506363299913559e-03,4.847634285848200116e-03,1.278169424267766238e-02
8.780617001659126938e-03,3.333728863035853932e-03,4.847763717482403943e-03,1.278510589817915578e-02
8.780807927952249611e-03,3.334313362858862522e-03,4.848103733909510729e-03,1.279406774624495570e-02
8.781160563368462652e-03,3.335392907564819695e-03,4.848731732639354787e-03,1.281061940056225923e-02
8.781979079341620600e-03,3.337898623826815025e-03,4.850189393945073153e-03,1.284903446746100963e-02
8.783350227414419426e-03,3.342096047855851355e-03,4.852631201545211555e-03,1.291338271522561934e-02
8.786190124455580536e-03,3.350789357461181599e-03,4.857688558918821578e-03,1.304664218126387783e-02
8.790477298452422164e-03,3.363912617264566869e-03,4.865323165814673147e-03,1.324779996114511423e-02
8.798395046211136133e-03,3.388147642694094332e-03,4.879422693778373739e-03,1.361923946413118834e-02
8.808962937296162601e-03,3.420492481699901558e-03,4.898240888763933862e-03,1.411495815861297555e-02
8.826097582675725139e-03,3.472929659680482149e-03,4.928750644754180572e-03,1.491851627547647469e-02
8.845343869495248673e-03,3.531822807711073806e-03,4.963018276189288050e-03,1.582100811080332584e-02
8.871678788264902166e-03,3.612391115622515855e-03,5.009902250240774388e-03,1.705549931018152110e-02
8.893212351768178120e-03,3.678261855466809747e-03,5.048235397669914234e-03,1.806485709248921781e-02
8.915048374001754983e-03,3.745041645197033121e-03,5.087102169742655292e-03,1.908794530373671139e-02
8.918779433816066346e-03,3.756454591166925958e-03,5.093743737547595449e-03,1.926290431329077957e-02
8.780487804926661796e-03,3.333333333482164148e-03,4.847533632373569532e-03,1.277904103045827099e-02
8.780487805158028805e-03,3.333333334190500749e-03,4.847533632785612327e-03,1.277904104132050224e-02
8.780487806795238270e-03,3.333333339202869741e-03,4.847533635701327739e-03,1.277904111818439423e-02
8.780487821182876920e-03,3.333333383251016382e-03,4.847533661324322785e-03,1.277904179365469198e-02
8.780487896981785736e-03,3.333333615311356510e-03,4.847533796314854558e-03,1.277904535225254760e-02
8.780488398817169748e-03,3.333335151690230026e-03,4.847534690034567377e-03,1.277906891213966521e-02
8.780490516124204309e-03,3.333341633855171991e-03,4.847538460748972156e-03,1.277916831347549950e-02
8.780501126543382995e-03,3.333374117594014880e-03,4.847557356817686243e-03,1.277966642753054598e-02
8.780517509454780281e-03,3.333424273527733645e-03,4.847586533055422801e-03,1.278043551825761882e-02
8.780566269830550330e-03,3.333573550703689079e-03,4.847673369832336022e-03,1.278272444691480603e-02
8.780658948627726931e-03,3.333857280044028298e-03,4.847838420099260213e-03,1.278707490280956219e-02
8.780891881886486450e-03,3.334570375921713705e-03,4.848253245114964201e-03,1.279800826742083161e-02
8.781291260041804159e-03,3.335793011387444898e-03,4.848964485598023476e-03,1.281675352305704403e-02
8.782179884884619772e-03,3.338513334251725674e-03,4.850546997483450723e-03,1.285845791728804956e-02
8.783551402931197641e-03,3.342711869389336943e-03,4.852989459446989395e-03,1.292282227233908058e-02
8.786262687030817198e-03,3.351011423107419420e-03,4.857817768578444328e-03,1.305004346462004805e-02
8.789976719667327160e-03,3.362380240011091613e-03,4.864431719911794898e-03,1.322430685940350313e-02
8.796467027551584800e-03,3.382246103488587702e-03,4.875989351735253614e-03,1.352877784792819171e-02
8.804093342360349086e-03,3.405588142995986771e-03,4.889569626653262994e-03,1.388651944227832676e-02
8.815605403651618002e-03,3.440819905415237485e-03,4.910068346138569267e-03,1.442641347856213688e-02
8.826235967928601836e-03,3.473352097223226728e-03,4.928996812810429798e-03,1.492494966068749762e-02
8.839339510804546107e-03,3.513446898982811300e-03,4.952327095250750287e-03,1.553928281715267513e-02
8.846086642286638338e-03,3.534091939447955247e-03,4.964339898969691994e-03,1.585565019693477642e-02
8.851320448147820263e-03,3.550103596648537634e-03,4.973657614877368890e-03,1.610093113959557010e-02
8.780487804908553018e-03,3.333333333426724120e-03,4.847533632341320155e-03,1.277904102960810383e-02
8.780487804995006432e-03,3.333333333691403458e-03,4.847533632495284669e-03,1.277904103366691961e-02
8.780487806072330426e-03,3.333333336989661392e-03,4.847533634413894905e-03,1.277904108424519555e-02
8.780487812297831443e-03,3.333333356049215674e-03,4.847533645500915964e-03,1.277904137652041174e-02
8.780487861506258707e-03,3.333333506702124225e-03,4.847533733136375617e-03,1.277904368675298989e-02
8.780488089619701772e-03,3.333334205077068905e-03,4.847534139384309347e-03,1.277905439617375676e-02
8.780489433574728900e-03,3.333338319616553636e-03,4.847536532835739452e-03,1.277911749107422598e-02
8.780494311085179984e-03,3.333353252156931457e-03,4.847545219194647655e-03,1.277934647411216144e-02
8.780505133678619470e-03,3.333386385341497241e-03,4.847564493100886898e-03,1.277985454048048870e-02
8.780526800288587438e-03,3.333452717085274176e-03,4.847603079026297467e-03,1.278087166474209911e-02
8.780586731708247758e-03,3.333636193208947603e-03,4.847709810075002262e-03,1.278368495008205298e-02
8.780692106552927603e-03,3.333958789639726149e-03,4.847897470366571530e-03,1.278863131244615745e-02
8.780946575676814789e-03,3.334737811715433094e-03,4.848350647470090966e-03,1.280057531578989057e-02
8.781348831019979845e-03,3.335969251452653231e-03,4.849067011113592125e-03,1.281945537154683713e-02
8.782207030232401859e-03,3.338596422410996904e-03,4.850595337284926631e-03,1.285973115791570233e-02
8.783413772948160669e-03,3.342290535247970876e-03,4.852744358595771114e-03,1.291636225971987822e-02
8.785689900712774503e-03,3.349258014062170621e-03,4.856797731709841526e-03,1.302316351254566990e-02
8.788467260119519134e-03,3.357759676432973961e-03,4.861743668200961543e-03,1.315347897656861040e-02
8.793058204256002167e-03,3.371812031234041902e-03,4.869919056709644256e-03,1.336885006686863372e-02
8.797645291699116021e-03,3.385852274871500086e-03,4.878087474243859162e-03,1.358403607451180023e-02
8.804106800877588984e-03,3.405628257123124829e-03,4.889593366541806693e-03,1.388708756648031860e-02
8.808567605111027043e-03,3.419280807747802475e-03,4.897536566240675085e-03,1.409631547712747804e-02
8.813564673632853785e-03,3.434573134756061571e-03,4.906434308211912038e-03,1.433062735964927420e-02
8.813877260087100637e-03,3.435530220290751793e-03,4.906990999851220010e-03,1.434531318445988676e-02
8.780487804888756354e-03,3.333333333366120255e-03,4.847533632306066237e-03,1.277904102867875175e-02
8.780487804948104713e-03,3.333333333547814758e-03,4.847533632411758601e-03,1.277904103146500908e-02
8.780487805352812231e-03,3.333333334786839700e-03,4.847533633132504981e-03,1.277904105046527052e-02
8.780487809280573125e-03,3.333333346811789312e-03,4.847533640127466882e-03,1.277904123486596315e-02
8.780487829303735073e-03,3.333333408113271432e-03,4.847533675786793068e-03,1.277904217491415174e-02
8.780487970875551842e-03,3.333333841538979950e-03,4.847533927912497063e-03,1.277904882140327471e-02
8.780488539254994312e-03,3.333335581645763442e-03,4.847534940141029827e-03,1.277907550549617355e-02
8.780491475533740500e-03,3.333344571096156714e-03,4.847540169361595069e-03,1.277921335461793158e-02
8.780495732160159897e-03,3.333357602772352331e-03,4.847547749983922849e-03,1.277941318769535567e-02
8.780509466440912514e-03,3.333399649971160138e-03,4.847572209288180181e-03,1.278005793867832349e-02
8.780534338033142705e-03,3.333475793562951702e-03,4.847616502923647076e-03,1.278122551068158752e-02
8.780600295785149362e-03,3.333677718388810413e-03,4.847733966088619596e-03,1.278432164780421432e-02
8.780707193200742305e-03,3.334004975411394671e-03,4.847924337782285632e-03,1.278933943855127368e-02
8.780955701996051577e-03,3.334765748694306590e-03,4.848366899910896456e-03,1.280100354513044429e-02
8.781314486661247892e-03,3.335864108574846613e-03,4.849005847758972379e-03,1.281784318866004829e-02
8.782049464514879791e-03,3.338114063261198462e-03,4.850314734271941527e-03,1.285233585306637047e-02
8.782977087437556299e-03,3.340953731863920400e-03,4.851966687860439706e-03,1.289586834458992387e-02
8.784649959125492846e-03,3.346074593270400351e-03,4.854945775802274252e-03,1.297436374012506284e-02
8.786421742236644530e-03,3.351498189190756875e-03,4.858100993448639937e-03,1.305749926329248869e-02
8.789206566127085243e-03,3.360022373274622852e-03,4.863060154469452633e-03,1.318814566414993998e-02
8.791440452675741701e-03,3.366860160114704646e-03,4.867038203858057785e-03,1.329294880745790670e-02
8.794427083235318438e-03,3.376001466161056373e-03,4.872356588990473143e-03,1.343303639733146350e-02
8.795607831051493672e-03,3.379615597398479086e-03,4.874459211414759220e-03,1.348843131346668875e-02
8.796892096323588595e-03,3.383546123629094671e-03,4.876746076851941857e-03,1.354865578971941806e-02
8.780487804884202704e-03,3.333333333352175246e-03,4.847533632297954670e-03,1.277904102846490544e-02
8.780487804901397283e-03,3.333333333404818900e-03,4.847533632328577743e-03,1.277904102927219197e-02
8.780487805149285799e-03,3.333333334163737869e-03,4.847533632770044051e-03,1.277904104091009789e-02
8.780487806539583398e-03,3.333333338420175519e-03,4.847533635246031349e-03,1.277904110618192923e-02
8.780487818656130747e-03,3.333333375515330158e-03,4.847533656824435343e-03,1.277904167503011480e-02
8.780487872483056302e-03,3.333333540307981038e-03,4.847533752685008294e-03,1.277904420209761104e-02
8.780488209102703390e-03,3.333334570877098928e-03,4.847534352171931939e-03,1.277906000562708914e-02
8.780489347573255596e-03,3.333338056328906309e-03,4.847536379676926563e-03,1.277911345403269679e-02
8.780492033443073815e-03,3.333346279134830319e-03,4.847541162941361274e-03,1.277923954624753979e-02
8.780497178600799035e-03,3.333362031042591111e-03,4.847550325946464213e-03,1.277948109195404212e-02
8.780512465510594347e-03,3.333408831514261036e-03,4.847577550306763315e-03,1.278019872607571127e-02
8.780537895386819960e-03,3.333486684189373214e-03,4.847622838170221812e-03,1.278139250043774065e-02
8.780602998411291341e-03,3.333685991973515776e-03,4.847738779097672535e-03,1.278444849177837010e-02
8.780699499313412981e-03,3.333981420735407635e-03,4.847910635780213612e-03,1.278897825084239666e-02
8.780916013611181348e-03,3.334644246715508156e-03,4.848296219682508498e-03,1.279914059372152732e-02
8.781197964331355355e-03,3.335507392756612965e-03,4.848798336605561650e-03,1.281237404767723159e-02
8.781754504461815325e-03,3.337211105559973606e-03,4.849789452438752445e-03,1.283849263921555718e-02
8.782372168308381216e-03,3.339101927013604469e-03,4.850889418798941428e-03,1.286747951562294129e-02
8.783444213453504498e-03,3.342383609220964894e-03,4.852798547161783077e-03,1.291778354669042422e-02
8.784391201511853112e-03,3.345282476515944094e-03,4.854484969187384050e-03,1.296222021222625913e-02
8.785829803559536827e-03,3.349686048005332938e-03,4.857046829794438303e-03,1.302971378972712230e-02
8.786651941036272701e-03,3.352202668317419074e-03,4.858510899279171007e-03,1.306828919691949663e-02
8.787755861903726734e-03,3.355581631064296581e-03,4.860476727005475645e-03,1.312007302076551550e-02
8.787700285891172566e-03,3.355411602090853287e-03,4.860377775059984869e-03,1.311747122298995150e-02
8.780487804879668137e-03,3.333333333338293122e-03,4.847533632289879532e-03,1.277904102825203059e-02
8.780487804890862308e-03,3.333333333372566487e-03,4.847533632309816709e-03,1.277904102877760496e-02
8.780487804964095394e-03,3.333333333596772124e-03,4.847533632440237557e-03,1.277904103221576271e-02
8.780487805782413030e-03,3.333333336102076248e-03,4.847533633897583086e-03,1.277904107063422556e-02
8.780487809801586913e-03,3.333333348406890533e-03,4.847533641055343581e-03,1.277904125932669693e-02
8.780487841029417997e-03,3.333333444011784760e-03,4.847533696669107176e-03,1.277904272541188942e-02
8.780487959319098132e-03,3.333333806158937738e-03,4.847533907331632794e-03,1.277904827887530771e-02
8.780488601305955904e-03,3.333335771616098477e-03,4.847535050647740380e-03,1.277907841863643208e-02
8.780489464547203485e-03,3.333338414446110169e-03,4.847536587995927501e-03,1.277911894560423978e-02
8.780492576063345447e-03,3.333347940365656830e-03,4.847542129292782033e-03,1.277926502008985138e-02
8.780497911328110153e-03,3.333364274278747402e-03,4.847551630857867104e-03,1.277951549008942388e-02
8.780513161433422392e-03,3.333410962025912250e-03,4.847578789664299184e-03,1.278023139318923591e-02
8.780536368280312740e-03,3.333482008939256044e-03,4.847620118546021491e-03,1.278132080779121119e-02
8.780593948636903137e-03,3.333658286511745079e-03,4.847722662446659649e-03,1.278402366816305293e-02
8.780671173233778326e-03,3.333894702689426184e-03,4.847860190326733383e-03,1.278764860089506156e-02
8.780839123361880091e-03,3.334408856896967522e-03,4.848159287770389438e-03,1.279553153564298024e-02
8.781033068284836707e-03,3.335002589120764863e-03,4.848504678326652668e-03,1.280463450170570873e-02
8.781404622090866266e-03,3.336140014748227405e-03,4.849166361625336687e-03,1.282207182927416235e-02
8.781756433702441952e-03,3.337217005436462439e-03,4.849792886997904284e-03,1.283858278049486434e-02
8.782352972284386897e-03,3.339043112548398858e-03,4.850855224006699745e-03,1.286657530526047651e-02
8.782762250247032679e-03,3.340295996773073438e-03,4.851584082998481283e-03,1.288578168440731794e-02
8.783388497001522882e-03,3.342212983846039147e-03,4.852699312578055701e-03,1.291516458174507033e-02
8.783561643372683747e-03,3.342743031412965561e-03,4.853007660535721933e-03,1.292329070443710114e-02
8.783860507030578219e-03,3.343657840152437950e-03,4.853539874438584506e-03,1.293731095416296092e-02
8.780487804878899655e-03,3.333333333335942138e-03,4.847533632288511703e-03,1.277904102821597609e-02
8.780487804881250205e-03,3.333333333343136036e-03,4.847533632292696723e-03,1.277904102832629410e-02
8.780487804923121226e-03,3.333333333471328198e-03,4.847533632367266414e-03,1.277904103029209835e-02
8.780487805150250305e-03,3.333333334166688634e-03,4.847533632771760560e-03,1.277904104095534989e-02
8.780487807426578736e-03,3.333333341135734200e-03,4.847533636825682689e-03,1.277904114782460986e-02
8.780487817053438809e-03,3.333333370608650929e-03,4.847533653970196796e-03,1.277904159978734445e-02
8.780487882827094429e-03,3.333333571976546811e-03,4.847533771106745520e-03,1.277904468772966123e-02
8.780488087193956404e-03,3.333334197651317918e-03,4.847534135064425487e-03,1.277905428233951958e-02
8.780488615302166344e-03,3.333335814465431500e-03,4.847535075573557867e-03,1.277907907569999363e-02
8.780489576510324551e-03,3.333338757222671211e-03,4.847536787391156128e-03,1.277912420193706884e-02
8.780492724912880576e-03,3.333348396065637185e-03,4.847542394378167099e-03,1.277927200780555952e-02
8.780497646327158415e-03,3.333363462972014236e-03,4.847551158916896426e-03,1.277950304889748784e-02
8.780511316520911436e-03,3.333405313843889467e-03,4.847575504065627580e-03,1.278014478287948022e-02
8.780530173483687417e-03,3.333463043755448534e-03,4.847609086276473064e-03,1.278102999857077919e-02
8.780575742980512716e-03,3.333602551068158733e-03,4.847690240238513096e-03,1.278316906166851105e-02
8.780630242160704022e-03,3.333769395674362947e-03,4.847787296885504998e-03,1.278572727696478638e-02
8.780745988037588767e-03,3.334123734992339161e-03,4.847993425436169894e-03,1.279115998338088353e-02
8.780861674478833076e-03,3.334477892634354207e-03,4.848199448177723317e-03,1.279658992345123793e-02
8.781079736968264854e-03,3.335145443758804739e-03,4.848587786481447365e-03,1.280682398508289563e-02
8.781247428102535030e-03,3.335658797262877270e-03,4.848886421149794027e-03,1.281469426949614909e-02
8.781534151232898294e-03,3.336536516195861852e-03,4.849397030040946376e-03,1.282814929946937688e-02
8.781664153453995827e-03,3.336934490305277449e-03,4.849628545492447144e-03,1.283425060438401696e-02
8.781888933882587428e-03,3.337622573012389866e-03,4.850028840870946809e-03,1.284479779062853294e-02
8.781852480305820871e-03,3.337510995258723655e-03,4.849963925466726361e-03,1.284308806792056057e-02
8.780487804878197092e-03,3.333333333333792815e-03,4.847533632287261834e-03,1.277904102818301635e-02
8.780487804879657729e-03,3.333333333338262330e-03,4.847533632289861318e-03,1.277904102825155527e-02
8.780487804888768497e-03,3.333333333366156684e-03,4.847533632306087921e-03,1.277904102867930859e-02
8.780487805013998184e-03,3.333333333749547486e-03,4.847533632529107440e-03,1.277904103455855360e-02
8.780487805603393037e-03,3.333333335553997738e-03,4.847533633578763462e-03,1.277904106222952155e-02
8.780487810854489469e-03,3.333333351630382319e-03,4.847533642930461698e-03,1.277904130875845597e-02
8.780487829426612476e-03,3.333333408489484381e-03,4.847533676005631037e-03,1.277904218068421846e-02
8.780487938370506312e-03,3.333333742024243221e-03,4.847533870024210018e-03,1.277904729538114140e-02
8.780488072030646560e-03,3.333334151228404662e-03,4.847534108060027637e-03,1.277905357045134270e-02
8.780488632186689638e-03,3.333335866157466701e-03,4.847535105643192149e-03,1.277907986836745134e-02
8.780489534929063547e-03,3.333338629920430413e-03,4.847536713338925635e-03,1.277912224977679340e-02
8.780492393135108653e-03,3.333347380323687433e-03,4.847541803514831410e-03,1.277925643183610606e-02
8.780496445052896060e-03,3.333359785268054289e-03,4.847549019568832274e-03,1.277944665353865535e-02
8.780507449732579198e-03,3.333393475751722772e-03,4.847568617722930115e-03,1.277996325754545900e-02
8.780521036370976876e-03,3.333435070790171945e-03,4.847592814062683976e-03,1.278060106701863104e-02
8.780553253513987549e-03,3.333533701057201509e-03,4.847650189057997779e-03,1.278211336822862067e-02
8.780586923075168332e-03,3.333636777834108819e-03,4.847710150649247283e-03,1.278369385052094583e-02
8.780657632527555378e-03,3.333853245311878353e-03,4.847836075239117352e-03,1.278701274895420632e-02
8.780716567822475713e-03,3.334033668508333461e-03,4.847941031673683350e-03,1.278977905168086383e-02
8.780828694782140745e-03,3.334376923297758134e-03,4.848140714320730953e-03,1.279504151867666417e-02
8.780892468103273368e-03,3.334572155554522445e-03,4.848254286301503964e-03,1.279803478116397879e-02
8.781010517557630984e-03,3.334933533902012873e-03,4.848464514764232354e-03,1.280357475076345647e-02
8.781028968945491300e-03,3.334990022853010199e-03,4.848497374811453799e-03,1.280444097616201433e-02
8.781091822266332697e-03,3.335182427991396567e-03,4.848609306385539587e-03,1.280739035038746913e-02
8.780487804878120764e-03,3.333333333333554725e-03,4.847533632287123057e-03,1.277904102817936649e-02
8.780487804878316788e-03,3.333333333334156674e-03,4.847533632287473471e-03,1.277904102818859522e-02
8.780487804883198300e-03,3.333333333349103485e-03,4.847533632296167905e-03,1.277904102841780076e-02
8.780487804908700469e-03,3.333333333427177751e-03,4.847533632341583833e-03,1.277904102961505833e-02
8.780487805222853687e-03,3.333333334388968294e-03,4.847533632901061644e-03,1.277904104436397223e-02
8.780487806477388357e-03,3.333333338229761428e-03,4.847533635135266653e-03,1.277904110326195594e-02
8.780487816251800540e-03,3.333333368154410992e-03,4.847533652542555804e-03,1.277904156215194792e-02
8.780487843640277443e-03,3.333333452005033185e-03,4.847533701318801000e-03,1.277904284798859862e-02
8.780487924415108711e-03,3.333333699299397424e-03,4.847533845170990709e-03,1.277904664020264834e-02
8.780488062767490345e-03,3.333334122868977442e-03,4.847534091563235857e-03,1.277905313556369944e-02
8.780488579416214148e-03,3.333335704599367771e-03,4.847535011664090739e-03,1.277907739091187558e-02
8.780489332005298950e-03,3.333338008665240760e-03,4.847536351951536870e-03,1.277911272301857776e-02
8.780491667260612726e-03,3.333345158053737343e-03,4.847540510805060585e-03,1.277922235449461402e-02
8.780494636923083518e-03,3.333354249677475054e-03,4.847545799472923606e-03,1.277936176877544558e-02
8.780502582535728781e-03,3.333378574936211175e-03,4.847559949759251696e-03,1.277973476874648927e-02
8.780511210802756719e-03,3.333404990126355785e-03,4.847575315780950668e-03,1.278013981569770148e-02
8.780531520002479717e-03,3.333467165275486119e-03,4.847611484132795419e-03,1.278109315552751653e-02
8.780549522925592057e-03,3.333522280054032269e-03,4.847643545294562546e-03,1.278193824450489513e-02
8.780587715056801384e-03,3.333639200640368689e-03,4.847711560745905646e-03,1.278373090719009224e-02
8.780612626834541010e-03,3.333715465636573252e-03,4.847755925645367246e-03,1.278490025727608073e-02
8.780662913946841661e-03,3.333869411065091843e-03,4.847845480295680763e-03,1.278726046930303735e-02
8.780679644392974312e-03,3.333920629889668402e-03,4.847875275254056281e-03,1.278804580321717989e-02
8.780720618753705062e-03,3.334046064012803536e-03,4.847948244777829443e-03,1.278996879730299671e-02
8.780709543774885620e-03,3.334012161695606470e-03,4.847928522058820265e-03,1.278944911933679700e-02
8.780487804878054844e-03,3.333333333333353497e-03,4.847533632287005963e-03,1.277904102817628042e-02
8.780487804878171071e-03,3.333333333333713018e-03,4.847533632287214997e-03,1.277904102818179163e-02
8.780487804878866695e-03,3.333333333335840223e-03,4.847533632288452722e-03,1.277904102821440964e-02
8.780487804892106105e-03,3.333333333376375940e-03,4.847533632312031951e-03,1.277904102883602004e-02
8.780487804951437117e-03,3.333333333558017968e-03,4.847533632417693958e-03,1.277904103162147247e-02
8.780487805599576645e-03,3.333333335542317845e-03,4.847533633571969418e-03,1.277904106205041135e-02
8.780487807712221773e-03,3.333333342010241698e-03,4.847533637334386879e-03,1.277904116123505102e-02
8.780487821685459271e-03,3.333333384789716539e-03,4.847533662219380250e-03,1.277904181725185093e-02
8.780487836966485715e-03,3.333333431573023801e-03,4.847533689433418565e-03,1.277904253466680996e-02
8.780487915476182723e-03,3.333333671932617575e-03,4.847533829251621587e-03,1.277904622053751410e-02
8.780488033290385561e-03,3.333334032624009260e-03,4.847534039067352349e-03,1.277905175167343664e-02
8.780488461162055946e-03,3.333335342561667605e-03,4.847534801064955386e-03,1.277907183916326440e-02
8.780489020687592960e-03,3.333337055560030987e-03,4.847535797525179616e-03,1.277909810745216264e-02
8.780490736819872646e-03,3.333342309503484896e-03,4.847538853783432168e-03,1.277917867351083953e-02
8.780492664644189496e-03,3.333348211543049871e-03,4.847542287043895420e-03,1.277926917775292458e-02
8.780497801620698595e-03,3.333363938262080654e-03,4.847551435452801712e-03,1.277951032984781313e-02
8.780502587552828364e-03,3.333378590285958256e-03,4.847559958692325595e-03,1.277973500360119440e-02
8.780513977717542551e-03,3.333413460549477809e-03,4.847580243285250223e-03,1.278026967895252303e-02
8.780522145476013854e-03,3.333438465734845420e-03,4.847594789158663105e-03,1.278065309622920809e-02
8.780540326478661686e-03,3.333494124975408274e-03,4.847627167327118493e-03,1.278150649641078204e-02
8.780548483493830908e-03,3.333519097169936225e-03,4.847641694049094861e-03,1.278188940265037772e-02
8.780568019576218131e-03,3.333578904092866346e-03,4.847676485310851817e-03,1.278280635870988544e-02
8.780568721416135911e-03,3.333581053204840230e-03,4.847677735296030549e-03,1.278283933617521857e-02
8.780580293788010915e-03,3.333616479895223569e-03,4.847698344121276724e-03,1.278338247166696875e-02
8.780487804878051375e-03,3.333333333333342655e-03,4.847533632286999891e-03,1.277904102817611215e-02
8.780487804878058314e-03,3.333333333333365640e-03,4.847533632287012902e-03,1.277904102817646777e-02
8.780487804878408728e-03,3.333333333334439000e-03,4.847533632287637402e-03,1.277904102819292682e-02
8.780487804880162533e-03,3.333333333339810571e-03,4.847533632290762506e-03,1.277904102827529843e-02
8.780487804910126412e-03,3.333333333431543616e-03,4.847533632344123468e-03,1.277904102968201172e-02
8.780487805022017811e-03,3.333333333774102496e-03,4.847533632543391154e-03,1.277904103493509788e-02
8.780487806085385954e-03,3.333333337029633758e-03,4.847533634437147139e-03,1.277904108485817744e-02
8.780487808707649472e-03,3.333333345057770507e-03,4.847533639107146769e-03,1.277904120796844421e-02
8.780487818051119914e-03,3.333333373663080468e-03,4.847533655746970836e-03,1.277904164662656272e-02
8.780487832925416153e-03,3.333333419201171127e-03,4.847533682236662353e-03,1.277904234494631891e-02
8.780487899004535760e-03,3.333333621504207429e-03,4.847533799917203012e-03,1.277904544722662308e-02
8.780487987768894470e-03,3.333333893258724322e-03,4.847533957997969371e-03,1.277904961453236142e-02
8.780488306981885580e-03,3.333334870535744916e-03,4.847534526485104342e-03,1.277906460077806068e-02
8.780488676724507516e-03,3.333336002510270749e-03,4.847535184960577274e-03,1.277908195926373384e-02
8.780489809422874908e-03,3.333339470270996457e-03,4.847537202182281187e-03,1.277913513537488714e-02
8.780490909630993962e-03,3.333342838564494742e-03,4.847539161542458765e-03,1.277918678630680406e-02
8.780493877427089644e-03,3.333351924408626491e-03,4.847544446874331447e-03,1.277932610855465889e-02
8.780496162022012607e-03,3.333358918663458046e-03,4.847548515500009134e-03,1.277943335924520973e-02
8.780501830107950711e-03,3.333376271207304752e-03,4.847558609730026960e-03,1.277969943367384363e-02
8.780504849755073338e-03,3.333385515764120989e-03,4.847563987397890926e-03,1.277984118816704109e-02
8.780512445753353365e-03,3.333408770262929772e-03,4.847577514979510907e-03,1.278019774720200175e-02
8.780514047541543299e-03,3.333413674145956421e-03,4.847580367603276583e-03,1.278027294552169790e-02
8.780520545463212784e-03,3.333433566785913137e-03,4.847591939603835762e-03,1.278057794759385538e-02
8.780518134348630488e-03,3.333426185560702231e-03,4.847587645727969782e-03,1.278046478210421132e-02
8.780487804878047906e-03,3.333333333333333981e-03,4.847533632286994687e-03,1.277904102817598031e-02
8.780487804878053110e-03,3.333333333333347425e-03,4.847533632287002493e-03,1.277904102817618674e-02
8.780487804878077396e-03,3.333333333333422018e-03,4.847533632287045861e-03,1.277904102817733339e-02
8.780487804878939553e-03,3.333333333336064869e-03,4.847533632288582826e-03,1.277904102821785653e-02
8.780487804882594616e-03,3.333333333347255571e-03,4.847533632295093244e-03,1.277904102838946752e-02
8.780487804937842089e-03,3.333333333516393278e-03,4.847533632393480688e-03,1.277904103098316535e-02
8.780487805101195795e-03,3.333333334016507551e-03,4.847533632684399886e-03,1.277904103865234314e-02
8.780487806403322604e-03,3.333333338003005748e-03,4.847533635003361749e-03,1.277904109978469059e-02
8.780487807631421823e-03,3.333333341762867962e-03,4.847533637190488964e-03,1.277904115744161670e-02
8.780487815939585008e-03,3.333333367198552336e-03,4.847533651986529225e-03,1.277904154749400119e-02
8.780487827417875549e-03,3.333333402339676288e-03,4.847533672428262601e-03,1.277904208637783631e-02
8.780487877384043904e-03,3.333333555312472610e-03,4.847533761413190534e-03,1.277904443218800222e-02
8.780487936911912650e-03,3.333333737558679451e-03,4.847533867426586512e-03,1.277904722690063714e-02
8.780488151254805043e-03,3.333334393773888793e-03,4.847534249150349354e-03,1.277905728976689095e-02
8.780488367055708232e-03,3.333335054452941058e-03,4.847534633470706143e-03,1.277906742109080791e-02
8.780489037230936045e-03,3.333337106198640178e-03,4.847535826985558197e-03,1.277909888350433308e-02
8.780489582754218841e-03,3.333338776323321526e-03,4.847536798508115911e-03,1.277912449405365844e-02
8.780491111102229490e-03,3.333343455337095182e-03,4.847539520336434198e-03,1.277919624247809624e-02
8.780492024391701317e-03,3.333346251368799959e-03,4.847541146811551981e-03,1.277923911760875560e-02
8.780494518754322283e-03,3.333353887757601209e-03,4.847545588999278149e-03,1.277935621138741665e-02
8.780495334621822578e-03,3.333356385532839587e-03,4.847547041975919929e-03,1.277939451299476767e-02
8.780498103364491741e-03,3.333364861857288346e-03,4.847551972792057268e-03,1.277952448255606152e-02
8.780497879402189912e-03,3.333364176256063682e-03,4.847551573948919064e-03,1.277951397238200407e-02
8.780499689675085040e-03,3.333369718246245988e-03,4.847554797831539995e-03,1.277959894691063636e-02
8.780487804878047906e-03,3.333333333333333981e-03,4.847533632286994687e-03,1.277904102817598031e-02
8.780487804878047906e-03,3.333333333333333981e-03,4.847533632286994687e-03,1.277904102817598031e-02
8.780487804878060049e-03,3.333333333333369543e-03,4.847533632287015504e-03,1.277904102817652848e-02
8.780487804878115560e-03,3.333333333333539979e-03,4.847533632287114383e-03,1.277904102817914098e-02
8.780487804879878039e-03,3.333333333338937138e-03,4.847533632290254232e-03,1.277904102826190637e-02
8.780487804885966918e-03,3.333333333357576308e-03,4.847533632301096254e-03,1.277904102854773155e-02
8.780487804965649706e-03,3.333333333601529169e-03,4.847533632443005308e-03,1.277904103228871477e-02
8.780487805133121645e-03,3.333333334114250545e-03,4.847533632741257183e-03,1.277904104015121882e-02
8.780487805917214922e-03,3.333333336514773468e-03,4.847533634137650600e-03,1.277904107696287497e-02
8.780487807060172178e-03,3.333333340013971361e-03,4.847533636173148239e-03,1.277904113062254543e-02
8.780487813441647388e-03,3.333333359551046010e-03,4.847533647537943628e-03,1.277904143022063829e-02
8.780487821245960139e-03,3.333333383444176106e-03,4.847533661436673885e-03,1.277904179661819295e-02
8.780487855298243702e-03,3.333333487696183740e-03,4.847533722080510192e-03,1.277904339530404852e-02
8.780487890678404309e-03,3.333333596013523647e-03,4.847533785089165777e-03,1.277904505633123237e-02
8.780488020007380656e-03,3.333333991956958803e-03,4.847534015411460000e-03,1.277905112801183164e-02
8.780488130172120834e-03,3.333334329228795131e-03,4.847534211604144494e-03,1.277905629998586125e-02
8.780488484797295545e-03,3.333335414916983788e-03,4.847534843156185193e-03,1.277907294847920906e-02
8.780488715096273350e-03,3.333336119980466212e-03,4.847535253295877367e-03,1.277908376033596791e-02
8.780489414545514931e-03,3.333338261338255216e-03,4.847536498942869171e-03,1.277911659635866740e-02
8.780489702130571394e-03,3.333339141782127105e-03,4.847537011103080981e-03,1.277913009751133026e-02
8.780490668698506460e-03,3.333342100902708487e-03,4.847538732457450789e-03,1.277917547230465745e-02
8.780490756183327930e-03,3.333342368745371032e-03,4.847538888260498335e-03,1.277917957990738415e-02
8.780491628787761085e-03,3.333345040184252338e-03,4.847540442273105300e-03,1.277922054264281175e-02
8.780491225739947211e-03,3.333343806280183574e-03,4.847539724490818568e-03,1.277920162291178337e-02
8.780487804878047906e-03,3.333333333333333981e-03,4.847533632286994687e-03,1.277904102817598031e-02
8.780487804878047906e-03,3.333333333333333981e-03,4.847533632286994687e-03,1.277904102817598031e-02
8.780487804878047906e-03,3.333333333333333981e-03,4.847533632286994687e-03,1.277904102817598031e-02
8.780487804878073926e-03,3.333333333333413778e-03,4.847533632287041525e-03,1.277904102817720676e-02
8.780487804878178010e-03,3.333333333333731666e-03,4.847533632287226273e-03,1.277904102818207613e-02
8.780487804881107958e-03,3.333333333342700620e-03,4.847533632292443453e-03,1.277904102831961368e-02
8.780487804888789313e-03,3.333333333366221302e-03,4.847533632306125218e-03,1.277904102868030432e-02
8.780487804972226043e-03,3.333333333621665406e-03,4.847533632454718161e-03,1.277904103259749728e-02
8.780487805036629387e-03,3.333333333818837112e-03,4.847533632569413740e-03,1.277904103562109775e-02
8.780487805675765700e-03,3.333333335775570932e-03,4.847533633707653417e-03,1.277904106562731228e-02
8.780487806476267726e-03,3.333333338226328844e-03,4.847533635133269986e-03,1.277904110320932096e-02
8.780487810903890925e-03,3.333333351781627655e-03,4.847533643018441668e-03,1.277904131107777952e-02
8.780487815624920048e-03,3.333333366235198807e-03,4.847533651426142419e-03,1.277904153272111515e-02
8.780487836587313327e-03,3.333333430412150755e-03,4.847533688758147094e-03,1.277904251686334466e-02
8.780487855092274779e-03,3.333333487065601782e-03,4.847533721713697709e-03,1.277904338563419506e-02
8.780487925216930861e-03,3.333333701753812568e-03,4.847533846598885837e-03,1.277904667782069244e-02
8.780487973622453507e-03,3.333333849948479609e-03,4.847533932804425072e-03,1.277904895035013311e-02
8.780488141187932360e-03,3.333334362952242343e-03,4.847534231221915443e-03,1.277905681703760121e-02
8.780488220581703432e-03,3.333334606017760143e-03,4.847534372614441603e-03,1.277906054436707753e-02
8.780488504183905918e-03,3.333335474265510315e-03,4.847534877681108044e-03,1.277907385836473189e-02
8.780488562121088747e-03,3.333335651641796717e-03,4.847534980861645075e-03,1.277907657839868691e-02
8.780488890224610529e-03,3.333336656125802672e-03,4.847535565179808374e-03,1.277909198125593351e-02
8.780488827059720544e-03,3.333336462749979506e-03,4.847535452690196131e-03,1.277908901614343423e-02
8.780489061742259571e-03,3.333337181224365394e-03,4.847535870634830761e-03,1.277910003316190708e-02
8.780487804878047906e-03,3.333333333333333981e-03,4.847533632286994687e-03,1.277904102817598031e-02
8.780487804878047906e-03,3.333333333333333981e-03,4.847533632286994687e-03,1.277904102817598031e-02
8.780487804878047906e-03,3.333333333333333981e-03,4.847533632286994687e-03,1.277904102817598031e-02
8.780487804878047906e-03,3.333333333333333981e-03,4.847533632286994687e-03,1.277904102817598031e-02
8.780487804878117294e-03,3.333333333333548653e-03,4.847533632287119587e-03,1.277904102817927282e-02
8.780487804878321992e-03,3.333333333334170551e-03,4.847533632287481277e-03,1.277904102818881032e-02
8.780487804883023092e-03,3.333333333348566154e-03,4.847533632295855655e-03,1.277904102840956256e-02
8.780487804890213521e-03,3.333333333370579795e-03,4.847533632308660516e-03,1.277904102874714148e-02
8.780487804941438171e-03,3.333333333527405302e-03,4.847533632399887021e-03,1.277904103115203721e-02
8.780487805006334176e-03,3.333333333726086218e-03,4.847533632515460371e-03,1.277904103419877889e-02
8.780487805500400769e-03,3.333333335238685725e-03,4.847533633395345945e-03,1.277904105739426435e-02
8.780487806024249095e-03,3.333333336842460998e-03,4.847533634328268087e-03,1.277904108198791092e-02
8.780487808980387901e-03,3.333333345892770545e-03,4.847533639592869342e-03,1.277904122077304534e-02
8.780487811596326617e-03,3.333333353901539106e-03,4.847533644251602811e-03,1.277904134358630490e-02
8.780487823711744660e-03,3.333333390993229502e-03,4.847533665827994526e-03,1.277904191238096211e-02
8.780487832238153406e-03,3.333333417097071247e-03,4.847533681012709122e-03,1.277904231267899642e-02
8.780487867196080584e-03,3.333333524121595472e-03,4.847533743269383764e-03,1.277904395387381882e-02
8.780487884877261756e-03,3.333333578252987983e-03,4.847533774757857919e-03,1.277904478396731623e-02
8.780487956405054126e-03,3.333333797236469505e-03,4.847533902141807662e-03,1.277904814199697439e-02
8.780487975833110512e-03,3.333333856715963751e-03,4.847533936741295867e-03,1.277904905410257377e-02
8.780488078211284159e-03,3.333334170147434633e-03,4.847534119066562730e-03,1.277905386040727870e-02
8.780488074054324660e-03,3.333334157421324537e-03,4.847534111663517539e-03,1.277905366528242839e-02
8.780488171884929388e-03,3.333334456929573034e-03,4.847534285889869635e-03,1.277905825803999675e-02
8.780488117985171467e-03,3.333334291915909277e-03,4.847534189899952231e-03,1.277905572768540943e-02
8.780487804878047906e-03,3.333333333333333981e-03,4.847533632286994687e-03,1.277904102817598031e-02
8.780487804878047906e-03,3.333333333333333981e-03,4.847533632286994687e-03,1.277904102817598031e-02
8.780487804878047906e-03,3.333333333333333981e-03,4.847533632286994687e-03,1.277904102817598031e-02
8.780487804878047906e-03,3.333333333333333981e-03,4.847533632286994687e-03,1.277904102817598031e-02
8.780487804878047906e-03,3.333333333333333981e-03,4.847533632286994687e-03,1.277904102817598031e-02
8.780487804878134642e-03,3.333333333333600695e-03,4.847533632287149945e-03,1.277904102818006732e-02
8.780487804878280358e-03,3.333333333334044784e-03,4.847533632287408419e-03,1.277904102818687958e-02
8.780487804880837341e-03,3.333333333341875759e-03,4.847533632291963802e-03,1.277904102830696755e-02
8.780487804881869501e-03,3.333333333345032089e-03,4.847533632293799140e-03,1.277904102835536633e-02
8.780487804904424376e-03,3.333333333414085792e-03,4.847533632333968397e-03,1.277904102941429532e-02
8.780487804927204765e-03,3.333333333483831217e-03,4.847533632374539242e-03,1.277904103048383561e-02
8.780487805105575971e-03,3.333333334029915229e-03,4.847533632692199203e-03,1.277904103885794951e-02
8.780487805256791817e-03,3.333333334492868689e-03,4.847533632961501145e-03,1.277904104595727237e-02
8.780487806172476012e-03,3.333333337296265526e-03,4.847533634592247898e-03,1.277904108894693802e-02
8.780487806795972058e-03,3.333333339205117509e-03,4.847533635702634854e-03,1.277904111821889441e-02
8.780487810017974584e-03,3.333333349069365816e-03,4.847533641440708932e-03,1.277904126948549435e-02
8.780487811632051512e-03,3.333333354010906049e-03,4.847533644315223794e-03,1.277904134526322392e-02
8.780487819595882495e-03,3.333333378392379451e-03,4.847533658498036704e-03,1.277904171914781215e-02
8.780487821943299895e-03,3.333333385579063425e-03,4.847533662678561554e-03,1.277904182935437130e-02
8.780487835826945864e-03,3.333333428084131033e-03,4.847533687403979448e-03,1.277904248115685829e-02
8.780487836339384913e-03,3.333333429652999766e-03,4.847533688316588846e-03,1.277904250521623430e-02
8.780487853106455284e-03,3.333333480985637125e-03,4.847533718177083999e-03,1.277904329238231315e-02
8.780487847535167062e-03,3.333333463929091280e-03,4.847533708255176085e-03,1.277904303082876523e-02
8.780487860776111861e-03,3.333333504466396129e-03,4.847533731835983531e-03,1.277904365245001277e-02
8.780487804878047906e-03,3.333333333333333981e-03,4.847533632286994687e-03,1.277904102817598031e-02
8.780487804878047906e-03,3.333333333333333981e-03,4.847533632286994687e-03,1.277904102817598031e-02
8.780487804878047906e-03,3.333333333333333981e-03,4.847533632286994687e-03,1.277904102817598031e-02
8.780487804878047906e-03,3.333333333333333981e-03,4.847533632286994687e-03,1.277904102817598031e-02
8.780487804878047906e-03,3.333333333333333981e-03,4.847533632286994687e-03,1.277904102817598031e-02
8.780487804878047906e-03,3.333333333333333981e-03,4.847533632286994687e-03,1.277904102817598031e-02
8.780487804878103417e-03,3.333333333333505719e-03,4.847533632287094434e-03,1.277904102817861709e-02
8.780487804878136376e-03,3.333333333333604164e-03,4.847533632287151679e-03,1.277904102818012110e-02
8.780487804878769550e-03,3.333333333335544886e-03,4.847533632288280984e-03,1.277904102820988722e-02
8.780487804879385377e-03,3.333333333337426627e-03,4.847533632289375595e-03,1.277904102823873740e-02
8.780487804887068468e-03,3.333333333360948177e-03,4.847533632303058226e-03,1.277904102859944192e-02
8.780487804893304798e-03,3.333333333380044013e-03,4.847533632314166528e-03,1.277904102889227192e-02
8.780487804945971003e-03,3.333333333541281789e-03,4.847533632407958690e-03,1.277904103136482707e-02
8.780487804980577002e-03,3.333333333647232194e-03,4.847533632469590813e-03,1.277904103298956560e-02
8.780487805215215699e-03,3.333333334365585522e-03,4.847533632887459677e-03,1.277904104400540315e-02
8.780487805330637260e-03,3.333333334718947393e-03,4.847533633093011399e-03,1.277904104942415194e-02
8.780487806045430069e-03,3.333333336907306696e-03,4.847533634365989649e-03,1.277904108298228911e-02
8.780487806264877793e-03,3.333333337579150353e-03,4.847533634756803766e-03,1.277904109328490377e-02
8.780487807787444587e-03,3.333333342240531010e-03,4.847533637468349164e-03,1.277904116476627494e-02
8.780487807918267024e-03,3.333333342641044833e-03,4.847533637701328599e-03,1.277904117090811198e-02
8.780487810189025258e-03,3.333333349593029394e-03,4.847533641745331578e-03,1.277904127751511819e-02
8.780487809723191289e-03,3.333333348166873326e-03,4.847533640915729566e-03,1.277904125564547147e-02
8.780487812041369924e-03,3.333333355264024318e-03,4.847533645044177150e-03,1.277904136447826668e-02
8.780487810533517054e-03,3.333333350647701802e-03,4.847533642358838220e-03,1.277904129368835802e-02
8.780487804878047906e-03,3.333333333333333981e-03,4.847533632286994687e-03,1.277904102817598031e-02
8.780487804878047906e-03,3.333333333333333981e-03,4.847533632286994687e-03,1.277904102817598031e-02
8.780487804878047906e-03,3.333333333333333981e-03,4.847533632286994687e-03,1.277904102817598031e-02
8.780487804878047906e-03,3.333333333333333981e-03,4.847533632286994687e-03,1.277904102817598031e-02
8.780487804878047906e-03,3.333333333333333981e-03,4.847533632286994687e-03,1.277904102817598031e-02
8.780487804878047906e-03,3.333333333333333981e-03,4.847533632286994687e-03,1.277904102817598031e-02
8.780487804878047906e-03,3.333333333333333981e-03,4.847533632286994687e-03,1.277904102817598031e-02
8.780487804878063518e-03,3.333333333333383854e-03,4.847533632287023310e-03,1.277904102817674532e-02
8.780487804878065253e-03,3.333333333333386890e-03,4.847533632287025912e-03,1.277904102817679216e-02
8.780487804878275154e-03,3.333333333334030039e-03,4.847533632287399745e-03,1.277904102818665580e-02
8.780487804878438218e-03,3.333333333334530073e-03,4.847533632287690311e-03,1.277904102819432328e-02
8.780487804880599684e-03,3.333333333341145874e-03,4.847533632291538795e-03,1.277904102829577684e-02
8.780487804881968381e-03,3.333333333345336099e-03,4.847533632293976082e-03,1.277904102836002927e-02
8.780487804894935439e-03,3.333333333385033511e-03,4.847533632317068721e-03,1.277904102896878190e-02
8.780487804901164831e-03,3.333333333404109398e-03,4.847533632328164879e-03,1.277904102926131005e-02
8.780487804951593242e-03,3.333333333558493716e-03,4.847533632417971514e-03,1.277904103162877392e-02
8.780487804967351470e-03,3.333333333606740279e-03,4.847533632446035870e-03,1.277904103236862307e-02
8.780487805100864462e-03,3.333333334015492738e-03,4.847533632683809213e-03,1.277904103863678094e-02
8.780487805116624425e-03,3.333333334063741903e-03,4.847533632711876171e-03,1.277904103937667173e-02
8.780487805362228310e-03,3.333333334815663431e-03,4.847533633149271083e-03,1.277904105090725551e-02
8.780487805331837689e-03,3.333333334722627175e-03,4.847533633095152047e-03,1.277904104948055994e-02
8.780487805645312629e-03,3.333333335682339086e-03,4.847533633653420757e-03,1.277904106419754972e-02
8.780487805501922122e-03,3.333333335243345626e-03,4.847533633398056450e-03,1.277904105746568118e-02
8.780487805771872850e-03,3.333333336069799983e-03,4.847533633878809041e-03,1.277904107013918926e-02
8.780487804878047906e-03,3.333333333333333981e-03,4.847533632286994687e-03,1.277904102817598031e-02
8.780487804878047906e-03,3.333333333333333981e-03,4.847533632286994687e-03,1.277904102817598031e-02
8.780487804878047906e-03,3.333333333333333981e-03,4.847533632286994687e-03,1.277904102817598031e-02
8.780487804878047906e-03,3.333333333333333981e-03,4.847533632286994687e-03,1.277904102817598031e-02
8.780487804878047906e-03,3.333333333333333981e-03,4.847533632286994687e-03,1.277904102817598031e-02
8.780487804878047906e-03,3.333333333333333981e-03,4.847533632286994687e-03,1.277904102817598031e-02
8.780487804878047906e-03,3.333333333333333981e-03,4.847533632286994687e-03,1.277904102817598031e-02
8.780487804878047906e-03,3.333333333333333981e-03,4.847533632286994687e-03,1.277904102817598031e-02
8.780487804878051375e-03,3.333333333333342221e-03,4.847533632286999891e-03,1.277904102817610868e-02
8.780487804878053110e-03,3.333333333333348726e-03,4.847533632287003361e-03,1.277904102817620409e-02
8.780487804878108621e-03,3.333333333333520897e-03,4.847533632287103107e-03,1.277904102817884781e-02
8.780487804878143315e-03,3.333333333333626282e-03,4.847533632287164690e-03,1.277904102818045937e-02
8.780487804878653324e-03,3.333333333335188834e-03,4.847533632288073685e-03,1.277904102820442631e-02
8.780487804878892716e-03,3.333333333335920454e-03,4.847533632288499560e-03,1.277904102821564129e-02
8.780487804881585007e-03,3.333333333344160824e-03,4.847533632293292601e-03,1.277904102834200722e-02
8.780487804882428082e-03,3.333333333346745996e-03,4.847533632294796606e-03,1.277904102838165433e-02
8.780487804891585688e-03,3.333333333374781729e-03,4.847533632311104741e-03,1.277904102881157432e-02
8.780487804892864179e-03,3.333333333378693964e-03,4.847533632313380698e-03,1.277904102887156799e-02
8.780487804913946273e-03,3.333333333443241724e-03,4.847533632350927921e-03,1.277904102986139948e-02
8.780487804912508187e-03,3.333333333438832057e-03,4.847533632348363132e-03,1.277904102979377302e-02
8.780487804945964064e-03,3.333333333541262707e-03,4.847533632407948281e-03,1.277904103136454084e-02
8.780487804934719587e-03,3.333333333506835385e-03,4.847533632387920899e-03,1.277904103083659856e-02
8.780487804971152249e-03,3.333333333618379406e-03,4.847533632452806496e-03,1.277904103254710703e-02
8.780487804944850372e-03,3.333333333537855277e-03,4.847533632405965492e-03,1.277904103131228056e-02
8.780487804878047906e-03,3.333333333333333981e-03,4.847533632286994687e-03,1.277904102817598031e-02
8.780487804878047906e-03,3.333333333333333981e-03,4.847533632286994687e-03,1.277904102817598031e-02
8.780487804878047906e-03,3.333333333333333981e-03,4.847533632286994687e-03,1.277904102817598031e-02
8.780487804878047906e-03,3.333333333333333981e-03,4.847533632286994687e-03,1.277904102817598031e-02
8.780487804878047906e-03,3.333333333333333981e-03,4.847533632286994687e-03,1.277904102817598031e-02
8.780487804878047906e-03,3.333333333333333981e-03,4.847533632286994687e-03,1.277904102817598031e-02
8.780487804878047906e-03,3.333333333333333981e-03,4.847533632286994687e-03,1.277904102817598031e-02
8.780487804878047906e-03,3.333333333333333981e-03,4.847533632286994687e-03,1.277904102817598031e-02
8.780487804878047906e-03,3.333333333333333981e-03,4.847533632286994687e-03,1.277904102817598031e-02
8.780487804878047906e-03,3.333333333333336149e-03,4.847533632286995554e-03,1.277904102817601327e-02
8.780487804878049640e-03,3.333333333333337450e-03,4.847533632286996422e-03,1.277904102817603235e-02
8.780487804878061783e-03,3.333333333333376482e-03,4.847533632287018973e-03,1.277904102817663083e-02
8.780487804878066987e-03,3.333333333333394263e-03,4.847533632287029381e-03,1.277904102817690318e-02
8.780487804878169336e-03,3.333333333333706947e-03,4.847533632287211527e-03,1.277904102818170143e-02
8.780487804878202296e-03,3.333333333333804525e-03,4.847533632287268773e-03,1.277904102818319849e-02
8.780487804878675875e-03,3.333333333335255621e-03,4.847533632288112716e-03,1.277904102820544459e-02
8.780487804878748734e-03,3.333333333335478967e-03,4.847533632288242821e-03,1.277904102820887240e-02
8.780487804880157329e-03,3.333333333339793658e-03,4.847533632290752098e-03,1.277904102827503996e-02
8.780487804880117431e-03,3.333333333339668757e-03,4.847533632290679240e-03,1.277904102827312136e-02
8.780487804882932887e-03,3.333333333348287731e-03,4.847533632295693458e-03,1.277904102840529341e-02
8.780487804882218181e-03,3.333333333346101979e-03,4.847533632294421906e-03,1.277904102837177508e-02
8.780487804886057124e-03,3.333333333357851695e-03,4.847533632301256716e-03,1.277904102855195907e-02
8.780487804883935557e-03,3.333333333351360794e-03,4.847533632297481090e-03,1.277904102845241890e-02
8.780487804887477862e-03,3.333333333362204984e-03,4.847533632303788545e-03,1.277904102861870950e-02
8.780487804878047906e-03,3.333333333333333981e-03,4.847533632286994687e-03,1.277904102817598031e-02
8.780487804878047906e-03,3.333333333333333981e-03,4.847533632286994687e-03,1.277904102817598031e-02
8.780487804878047906e-03,3.333333333333333981e-03,4.847533632286994687e-03,1.277904102817598031e-02
8.780487804878047906e-03,3.333333333333333981e-03,4.847533632286994687e-03,1.277904102817598031e-02
8.780487804878047906e-03,3.333333333333333981e-03,4.847533632286994687e-03,1.277904102817598031e-02
8.780487804878047906e-03,3.333333333333333981e-03,4.847533632286994687e-03,1.277904102817598031e-02
8.780487804878047906e-03,3.333333333333333981e-03,4.847533632286994687e-03,1.277904102817598031e-02
8.780487804878047906e-03,3.333333333333333981e-03,4.847533632286994687e-03,1.277904102817598031e-02
8.780487804878047906e-03,3.333333333333333981e-03,4.847533632286994687e-03,1.277904102817598031e-02
8.780487804878047906e-03,3.333333333333333981e-03,4.847533632286994687e-03,1.277904102817598031e-02
8.780487804878047906e-03,3.333333333333334415e-03,4.847533632286994687e-03,1.277904102817598725e-02
8.780487804878047906e-03,3.333333333333334848e-03,4.847533632286994687e-03,1.277904102817599072e-02
8.780487804878051375e-03,3.333333333333342221e-03,4.847533632286999024e-03,1.277904102817610521e-02
8.780487804878051375e-03,3.333333333333344389e-03,4.847533632287000759e-03,1.277904102817614164e-02
8.780487804878068722e-03,3.333333333333397732e-03,4.847533632287031984e-03,1.277904102817695869e-02
8.780487804878072192e-03,3.333333333333406406e-03,4.847533632287037188e-03,1.277904102817709227e-02
8.780487804878143315e-03,3.333333333333623680e-03,4.847533632287162955e-03,1.277904102818042120e-02
8.780487804878143315e-03,3.333333333333623680e-03,4.847533632287162955e-03,1.277904102818042120e-02
8.780487804878325461e-03,3.333333333334186164e-03,4.847533632287489951e-03,1.277904102818904625e-02
8.780487804878290767e-03,3.333333333334076876e-03,4.847533632287426633e-03,1.277904102818736877e-02
8.780487804878606486e-03,3.333333333335046587e-03,4.847533632287991286e-03,1.277904102820224229e-02
8.780487804878467709e-03,3.333333333334621146e-03,4.847533632287743220e-03,1.277904102819571626e-02
8.780487804878837205e-03,3.333333333335748282e-03,4.847533632288398946e-03,1.277904102821300451e-02
8.780487804878550975e-03,3.333333333334876150e-03,4.847533632287891539e-03,1.277904102819963153e-02
8.780487804878047906e-03,3.333333333333333981e-03,4.847533632286994687e-03,1.277904102817598031e-02
8.780487804878047906e-03,3.333333333333333981e-03,4.847533632286994687e-03,1.277904102817598031e-02
8.780487804878047906e-03,3.333333333333333981e-03,4.847533632286994687e-03,1.277904102817598031e-02
8.780487804878047906e-03,3.333333333333333981e-03,4.847533632286994687e-03,1.277904102817598031e-02
8.780487804878047906e-03,3.333333333333333981e-03,4.847533632286994687e-03,1.277904102817598031e-02
8.780487804878047906e-03,3.333333333333333981e-03,4.847533632286994687e-03,1.277904102817598031e-02
8.780487804878047906e-03,3.333333333333333981e-03,4.847533632286994687e-03,1.277904102817598031e-02
8.780487804878047906e-03,3.333333333333333981e-03,4.847533632286994687e-03,1.277904102817598031e-02
8.780487804878047906e-03,3.333333333333333981e-03,4.847533632286994687e-03,1.277904102817598031e-02
8.780487804878047906e-03,3.333333333333333981e-03,4.847533632286994687e-03,1.277904102817598031e-02
8.780487804878047906e-03,3.333333333333333981e-03,4.847533632286994687e-03,1.277904102817598031e-02
8.780487804878047906e-03,3.333333333333333981e-03,4.847533632286994687e-03,1.277904102817598204e-02
8.780487804878047906e-03,3.333333333333333981e-03,4.847533632286994687e-03,1.277904102817598204e-02
8.780487804878047906e-03,3.333333333333335282e-03,4.847533632286995554e-03,1.277904102817600113e-02
8.780487804878047906e-03,3.333333333333335716e-03,4.847533632286995554e-03,1.277904102817600460e-02
8.780487804878051375e-03,3.333333333333343088e-03,4.847533632286999891e-03,1.277904102817612256e-02
8.780487804878051375e-03,3.333333333333343522e-03,4.847533632286999891e-03,1.277904102817612603e-02
8.780487804878060049e-03,3.333333333333370844e-03,4.847533632287016371e-03,1.277904102817654756e-02
8.780487804878058314e-03,3.333333333333366941e-03,4.847533632287013769e-03,1.277904102817648511e-02
8.780487804878079131e-03,3.333333333333428957e-03,4.847533632287050198e-03,1.277904102817743401e-02
8.780487804878072192e-03,3.333333333333406406e-03,4.847533632287037188e-03,1.277904102817709400e-02
8.780487804878101682e-03,3.333333333333497912e-03,4.847533632287090097e-03,1.277904102817849566e-02
8.780487804878082600e-03,3.333333333333441100e-03,4.847533632287057137e-03,1.277904102817761962e-02
8.780487804878112090e-03,3.333333333333530438e-03,4.847533632287109179e-03,1.277904102817899179e-02
8.780487804878047906e-03,3.333333333333333981e-03,4.847533632286994687e-03,1.277904102817598031e-02
8.780487804878047906e-03,3.333333333333333981e-03,4.847533632286994687e-03,1.277904102817598031e-02
8.780487804878047906e-03,3.333333333333333981e-03,4.847533632286994687e-03,1.277904102817598031e-02
8.780487804878047906e-03,3.333333333333333981e-03,4.847533632286994687e-03,1.277904102817598031e-02
8.780487804878047906e-03,3.333333333333333981e-03,4.847533632286994687e-03,1.277904102817598031e-02
8.780487804878047906e-03,3.333333333333333981e-03,4.847533632286994687e-03,1.277904102817598031e-02
8.780487804878047906e-03,3.333333333333333981e-03,4.847533632286994687e-03,1.277904102817598031e-02
8.780487804878047906e-03,3.333333333333333981e-03,4.847533632286994687e-03,1.277904102817598031e-02
8.780487804878047906e-03,3.333333333333333981e-03,4.847533632286994687e-03,1.277904102817598031e-02
8.780487804878047906e-03,3.333333333333333981e-03,4.847533632286994687e-03,1.277904102817598031e-02
8.780487804878047906e-03,3.333333333333333981e-03,4.847533632286994687e-03,1.277904102817598031e-02
8.780487804878047906e-03,3.333333333333333981e-03,4.847533632286994687e-03,1.277904102817598031e-02
8.780487804878047906e-03,3.333333333333333981e-03,4.847533632286994687e-03,1.277904102817598031e-02
8.780487804878047906e-03,3.333333333333333981e-03,4.847533632286994687e-03,1.277904102817598031e-02
8.780487804878047906e-03,3.333333333333333981e-03,4.847533632286994687e-03,1.277904102817598378e-02
8.780487804878047906e-03,3.333333333333333981e-03,4.847533632286994687e-03,1.277904102817598378e-02
8.780487804878047906e-03,3.333333333333335282e-03,4.847533632286995554e-03,1.277904102817599766e-02
8.780487804878047906e-03,3.333333333333334848e-03,4.847533632286995554e-03,1.277904102817599592e-02
8.780487804878049640e-03,3.333333333333337884e-03,4.847533632286997289e-03,1.277904102817604103e-02
8.780487804878049640e-03,3.333333333333337017e-03,4.847533632286996422e-03,1.277904102817602888e-02
8.780487804878051375e-03,3.333333333333342655e-03,4.847533632286999891e-03,1.277904102817611562e-02
8.780487804878049640e-03,3.333333333333340052e-03,4.847533632286998156e-03,1.277904102817607052e-02
8.780487804878051375e-03,3.333333333333346991e-03,4.847533632287002493e-03,1.277904102817617980e-02
8.780487804878049640e-03,3.333333333333341354e-03,4.847533632286999024e-03,1.277904102817609133e-02
8.780487804878047906e-03,3.333333333333333981e-03,4.847533632286994687e-03,1.277904102817598031e-02
8.780487804878047906e-03,3.333333333333333981e-03,4.847533632286994687e-03,1.277904102817598031e-02
8.780487804878047906e-03,3.333333333333333981e-03,4.847533632286994687e-03,1.277904102817598031e-02
8.780487804878047906e-03,3.333333333333333981e-03,4.847533632286994687e-03,1.277904102817598031e-02
8.780487804878047906e-03,3.333333333333333981e-03,4.847533632286994687e-03,1.277904102817598031e-02
8.780487804878047906e-03,3.333333333333333981e-03,4.847533632286994687e-03,1.277904102817598031e-02
8.780487804878047906e-03,3.333333333333333981e-03,4.847533632286994687e-03,1.277904102817598031e-02
8.780487804878047906e-03,3.333333333333333981e-03,4.847533632286994687e-03,1.277904102817598031e-02
8.780487804878047906e-03,3.333333333333333981e-03,4.847533632286994687e-03,1.277904102817598031e-02
8.780487804878047906e-03,3.333333333333333981e-03,4.847533632286994687e-03,1.277904102817598031e-02
8.780487804878047906e-03,3.333333333333333981e-03,4.847533632286994687e-03,1.277904102817598031e-02
8.780487804878047906e-03,3.333333333333333981e-03,4.847533632286994687e-03,1.277904102817598031e-02
8.780487804878047906e-03,3.333333333333333981e-03,4.847533632286994687e-03,1.277904102817598031e-02
8.780487804878047906e-03,3.333333333333333981e-03,4.847533632286994687e-03,1.277904102817598031e-02
8.780487804878047906e-03,3.333333333333333981e-03,4.847533632286994687e-03,1.277904102817598031e-02
8.780487804878047906e-03,3.333333333333333981e-03,4.847533632286994687e-03,1.277904102817598031e-02
8.780487804878047906e-03,3.333333333333333981e-03,4.847533632286994687e-03,1.277904102817598031e-02
8.780487804878047906e-03,3.333333333333333981e-03,4.847533632286994687e-03,1.277904102817598204e-02
8.780487804878047906e-03,3.333333333333333981e-03,4.847533632286994687e-03,1.277904102817598204e-02
8.780487804878047906e-03,3.333333333333334415e-03,4.847533632286994687e-03,1.277904102817598551e-02
8.780487804878047906e-03,3.333333333333334415e-03,4.847533632286994687e-03,1.277904102817598378e-02
8.780487804878047906e-03,3.333333333333334848e-03,4.847533632286994687e-03,1.277904102817599072e-02
8.780487804878047906e-03,3.333333333333334415e-03,4.847533632286994687e-03,1.277904102817598551e-02
8.780487804878047906e-03,3.333333333333334848e-03,4.847533632286995554e-03,1.277904102817599245e-02
8.780487804878047906e-03,3.333333333333333981e-03,4.847533632286994687e-03,1.277904102817598031e-02
8.780487804878047906e-03,3.333333333333333981e-03,4.847533632286994687e-03,1.277904102817598031e-02
8.780487804878047906e-03,3.333333333333333981e-03,4.847533632286994687e-03,1.277904102817598031e-02
8.780487804878047906e-03,3.333333333333333981e-03,4.847533632286994687e-03,1.277904102817598031e-02
8.780487804878047906e-03,3.333333333333333981e-03,4.847533632286994687e-03,1.277904102817598031e-02
8.780487804878047906e-03,3.333333333333333981e-03,4.847533632286994687e-03,1.277904102817598031e-02
8.780487804878047906e-03,3.333333333333333981e-03,4.847533632286994687e-03,1.277904102817598031e-02
8.780487804878047906e-03,3.333333333333333981e-03,4.847533632286994687e-03,1.277904102817598031e-02
8.780487804878047906e-03,3.333333333333333981e-03,4.847533632286994687e-03,1.277904102817598031e-02
8.780487804878047906e-03,3.333333333333333981e-03,4.847533632286994687e-03,1.277904102817598031e-02
8.780487804878047906e-03,3.333333333333333981e-03,4.847533632286994687e-03,1.277904102817598031e-02
8.780487804878047906e-03,3.333333333333333981e-03,4.847533632286994687e-03,1.277904102817598031e-02
8.780487804878047906e-03,3.333333333333333981e-03,4.847533632286994687e-03,1.277904102817598031e-02
8.780487804878047906e-03,3.333333333333333981e-03,4.847533632286994687e-03,1.277904102817598031e-02
8.780487804878047906e-03,3.333333333333333981e-03,4.847533632286994687e-03,1.277904102817598031e-02
8.780487804878047906e-03,3.333333333333333981e-03,4.847533632286994687e-03,1.277904102817598031e-02
8.780487804878047906e-03,3.333333333333333981e-03,4.847533632286994687e-03,1.277904102817598031e-02
8.780487804878047906e-03,3.333333333333333981e-03,4.847533632286994687e-03,1.277904102817598031e-02
8.780487804878047906e-03,3.333333333333333981e-03,4.847533632286994687e-03,1.277904102817598031e-02
8.780487804878047906e-03,3.333333333333333981e-03,4.847533632286994687e-03,1.277904102817598031e-02
8.780487804878047906e-03,3.333333333333333981e-03,4.847533632286994687e-03,1.277904102817598031e-02
8.780487804878047906e-03,3.333333333333333981e-03,4.847533632286994687e-03,1.277904102817598031e-02
8.780487804878047906e-03,3.333333333333333981e-03,4.847533632286994687e-03,1.277904102817598031e-02
8.780487804878047906e-03,3.333333333333333981e-03,4.847533632286994687e-03,1.277904102817598031e-02
8.780487804878047906e-03,3.333333333333333981e-03,4.847533632286994687e-03,1.277904102817598031e-02
8.780487804878047906e-03,3.333333333333333981e-03,4.847533632286994687e-03,1.277904102817598031e-02
8.780487804878047906e-03,3.333333333333333981e-03,4.847533632286994687e-03,1.277904102817598031e-02
8.780487804878047906e-03,3.333333333333333981e-03,4.847533632286994687e-03,1.277904102817598031e-02
8.780487804878047906e-03,3.333333333333333981e-03,4.847533632286994687e-03,1.277904102817598031e-02
8.780487804878047906e-03,3.333333333333333981e-03,4.847533632286994687e-03,1.277904102817598031e-02
8.780487804878047906e-03,3.333333333333333981e-03,4.847533632286994687e-03,1.277904102817598031e-02
8.780487804878047906e-03,3.333333333333333981e-03,4.847533632286994687e-03,1.277904102817598031e-02
8.780487804878047906e-03,3.333333333333333981e-03,4.847533632286994687e-03,1.277904102817598031e-02
8.780487804878047906e-03,3.333333333333333981e-03,4.847533632286994687e-03,1.277904102817598031e-02
8.780487804878047906e-03,3.333333333333333981e-03,4.847533632286994687e-03,1.277904102817598031e-02
8.780487804878047906e-03,3.333333333333333981e-03,4.847533632286994687e-03,1.277904102817598031e-02
8.780487804878047906e-03,3.333333333333333981e-03,4.847533632286994687e-03,1.277904102817598031e-02
8.780487804878047906e-03,3.333333333333333981e-03,4.847533632286994687e-03,1.277904102817598031e-02
8.780487804878047906e-03,3.333333333333333981e-03,4.847533632286994687e-03,1.277904102817598031e-02
8.780487804878047906e-03,3.333333333333333981e-03,4.847533632286994687e-03,1.277904102817598031e-02
8.780487804878047906e-03,3.333333333333333981e-03,4.847533632286994687e-03,1.277904102817598031e-02
8.780487804878047906e-03,3.333333333333333981e-03,4.847533632286994687e-03,1.277904102817598031e-02
8.780487804878047906e-03,3.333333333333333981e-03,4.847533632286994687e-03,1.277904102817598031e-02
8.780487804878047906e-03,3.333333333333333981e-03,4.847533632286994687e-03,1.277904102817598031e-02
8.780487804878047906e-03,3.333333333333333981e-03,4.847533632286994687e-03,1.277904102817598031e-02
8.780487804878047906e-03,3.333333333333333981e-03,4.847533632286994687e-03,1.277904102817598031e-02
8.780487804878047906e-03,3.333333333333333981e-03,4.847533632286994687e-03,1.277904102817598031e-02
8.780487804878047906e-03,3.333333333333333981e-03,4.847533632286994687e-03,1.277904102817598031e-02
8.780487804878047906e-03,3.333333333333333981e-03,4.847533632286994687e-03,1.277904102817598031e-02
8.780487804878047906e-03,3.333333333333333981e-03,4.847533632286994687e-03,1.277904102817598031e-02
8.780487804878047906e-03,3.333333333333333981e-03,4.847533632286994687e-03,1.277904102817598031e-02
8.780487804878047906e-03,3.333333333333333981e-03,4.847533632286994687e-03,1.277904102817598031e-02
8.780487804878047906e-03,3.333333333333333981e-03,4.847533632286994687e-03,1.277904102817598031e-02
8.780487804878047906e-03,3.333333333333333981e-03,4.847533632286994687e-03,1.277904102817598031e-02
8.780487804878047906e-03,3.333333333333333981e-03,4.847533632286994687e-03,1.277904102817598031e-02
8.780487804878047906e-03,3.333333333333333981e-03,4.847533632286994687e-03,1.277904102817598031e-02
8.780487804878047906e-03,3.333333333333333981e-03,4.847533632286994687e-03,1.277904102817598031e-02
8.780487804878047906e-03,3.333333333333333981e-03,4.847533632286994687e-03,1.277904102817598031e-02
8.780487804878047906e-03,3.333333333333333981e-03,4.847533632286994687e-03,1.277904102817598031e-02
8.780487804878047906e-03,3.333333333333333981e-03,4.847533632286994687e-03,1.277904102817598031e-02
8.780487804878047906e-03,3.333333333333333981e-03,4.847533632286994687e-03,1.277904102817598031e-02
8.780487804878047906e-03,3.333333333333333981e-03,4.847533632286994687e-03,1.277904102817598031e-02
8.780487804878047906e-03,3.333333333333333981e-03,4.847533632286994687e-03,1.277904102817598031e-02
8.780487804878047906e-03,3.333333333333333981e-03,4.847533632286994687e-03,1.277904102817598031e-02
8.780487804878047906e-03,3.333333333333333981e-03,4.847533632286994687e-03,1.277904102817598031e-02
8.780487804878047906e-03,3.333333333333333981e-03,4.847533632286994687e-03,1.277904102817598031e-02
8.780487804878047906e-03,3.333333333333333981e-03,4.847533632286994687e-03,1.277904102817598031e-02
8.780487804878047906e-03,3.333333333333333981e-03,4.847533632286994687e-03,1.277904102817598031e-02
8.780487804878047906e-03,3.333333333333333981e-03,4.847533632286994687e-03,1.277904102817598031e-02
8.780487804878047906e-03,3.333333333333333981e-03,4.847533632286994687e-03,1.277904102817598031e-02
8.780487804878047906e-03,3.333333333333333981e-03,4.847533632286994687e-03,1.277904102817598031e-02
8.780487804878047906e-03,3.333333333333333981e-03,4.847533632286994687e-03,1.277904102817598031e-02
8.780487804878047906e-03,3.333333333333333981e-03,4.847533632286994687e-03,1.277904102817598031e-02
8.780487804878047906e-03,3.333333333333333981e-03,4.847533632286994687e-03,1.277904102817598031e-02
8.780487804878047906e-03,3.333333333333333981e-03,4.847533632286994687e-03,1.277904102817598031e-02
8.780487804878047906e-03,3.333333333333333981e-03,4.847533632286994687e-03,1.277904102817598031e-02
8.780487804878047906e-03,3.333333333333333981e-03,4.847533632286994687e-03,1.277904102817598031e-02
8.780487804878047906e-03,3.333333333333333981e-03,4.847533632286994687e-03,1.277904102817598031e-02
8.780487804878047906e-03,3.333333333333333981e-03,4.847533632286994687e-03,1.277904102817598031e-02
8.780487804878047906e-03,3.333333333333333981e-03,4.847533632286994687e-03,1.277904102817598031e-02
8.780487804878047906e-03,3.333333333333333981e-03,4.847533632286994687e-03,1.277904102817598031e-02
8.780487804878047906e-03,3.333333333333333981e-03,4.847533632286994687e-03,1.277904102817598031e-02
8.780487804878047906e-03,3.333333333333333981e-03,4.847533632286994687e-03,1.277904102817598031e-02
8.780487804878047906e-03,3.333333333333333981e-03,4.847533632286994687e-03,1.277904102817598031e-02
8.780487804878047906e-03,3.333333333333333981e-03,4.847533632286994687e-03,1.277904102817598031e-02
8.780487804878047906e-03,3.333333333333333981e-03,4.847533632286994687e-03,1.277904102817598031e-02
8.780487804878047906e-03,3.333333333333333981e-03,4.847533632286994687e-03,1.277904102817598031e-02
8.780487804878047906e-03,3.333333333333333981e-03,4.847533632286994687e-03,1.277904102817598031e-02
8.780487804878047906e-03,3.333333333333333981e-03,4.847533632286994687e-03,1.277904102817598031e-02
8.780487804878047906e-03,3.333333333333333981e-03,4.847533632286994687e-03,1.277904102817598031e-02
8.780487804878047906e-03,3.333333333333333981e-03,4.847533632286994687e-03,1.277904102817598031e-02
8.780487804878047906e-03,3.333333333333333981e-03,4.847533632286994687e-03,1.277904102817598031e-02
8.780487804878047906e-03,3.333333333333333981e-03,4.847533632286994687e-03,1.277904102817598031e-02
8.780487804878047906e-03,3.333333333333333981e-03,4.847533632286994687e-03,1.277904102817598031e-02
8.780487804878047906e-03,3.333333333333333981e-03,4.847533632286994687e-03,1.277904102817598031e-02
8.780487804878047906e-03,3.333333333333333981e-03,4.847533632286994687e-03,1.277904102817598031e-02
8.780487804878047906e-03,3.333333333333333981e-03,4.847533632286994687e-03,1.277904102817598031e-02
8.780487804878047906e-03,3.333333333333333981e-03,4.847533632286994687e-03,1.277904102817598031e-02
8.780487804878047906e-03,3.333333333333333981e-03,4.847533632286994687e-03,1.277904102817598031e-02
8.780487804878047906e-03,3.333333333333333981e-03,4.847533632286994687e-03,1.277904102817598031e-02
8.780487804878047906e-03,3.333333333333333981e-03,4.847533632286994687e-03,1.277904102817598031e-02
8.780487804878047906e-03,3.333333333333333981e-03,4.847533632286994687e-03,1.277904102817598031e-02
8.780487804878047906e-03,3.333333333333333981e-03,4.847533632286994687e-03,1.277904102817598031e-02
8.780487804878047906e-03,3.333333333333333981e-03,4.847533632286994687e-03,1.277904102817598031e-02
8.780487804878047906e-03,3.333333333333333981e-03,4.847533632286994687e-03,1.277904102817598031e-02
8.780487804878047906e-03,3.333333333333333981e-03,4.847533632286994687e-03,1.277904102817598031e-02
8.780487804878047906e-03,3.333333333333333981e-03,4.847533632286994687e-03,1.277904102817598031e-02
8.780487804878047906e-03,3.333333333333333981e-03,4.847533632286994687e-03,1.277904102817598031e-02
8.780487804878047906e-03,3.333333333333333981e-03,4.847533632286994687e-03,1.277904102817598031e-02
8.780487804878047906e-03,3.333333333333333981e-03,4.847533632286994687e-03,1.277904102817598031e-02
8.780487804878047906e-03,3.333333333333333981e-03,4.847533632286994687e-03,1.277904102817598031e-02
8.780487804878047906e-03,3.333333333333333981e-03,4.847533632286994687e-03,1.277904102817598031e-02
8.780487804878047906e-03,3.333333333333333981e-03,4.847533632286994687e-03,1.277904102817598031e-02
8.780487804878047906e-03,3.333333333333333981e-03,4.847533632286994687e-03,1.277904102817598031e-02
8.780487804878047906e-03,3.333333333333333981e-03,4.847533632286994687e-03,1.277904102817598031e-02
8.780487804878047906e-03,3.333333333333333981e-03,4.847533632286994687e-03,1.277904102817598031e-02
8.780487804878047906e-03,3.333333333333333981e-03,4.847533632286994687e-03,1.277904102817598031e-02
8.780487804878047906e-03,3.333333333333333981e-03,4.847533632286994687e-03,1.277904102817598031e-02
8.780487804878047906e-03,3.333333333333333981e-03,4.847533632286994687e-03,1.277904102817598031e-02
8.780487804878047906e-03,3.333333333333333981e-03,4.847533632286994687e-03,1.277904102817598031e-02
8.780487804878047906e-03,3.333333333333333981e-03,4.847533632286994687e-03,1.277904102817598031e-02
8.780487804878047906e-03,3.333333333333333981e-03,4.847533632286994687e-03,1.277904102817598031e-02
8.780487804878047906e-03,3.333333333333333981e-03,4.847533632286994687e-03,1.277904102817598031e-02
8.780487804878047906e-03,3.333333333333333981e-03,4.847533632286994687e-03,1.277904102817598031e-02
8.780487804878047906e-03,3.333333333333333981e-03,4.847533632286994687e-03,1.277904102817598031e-02
8.780487804878047906e-03,3.333333333333333981e-03,4.847533632286994687e-03,1.277904102817598031e-02
8.780487804878047906e-03,3.333333333333333981e-03,4.847533632286994687e-03,1.277904102817598031e-02
8.780487804878047906e-03,3.333333333333333981e-03,4.847533632286994687e-03,1.277904102817598031e-02
8.780487804878047906e-03,3.333333333333333981e-03,4.847533632286994687e-03,1.277904102817598031e-02
8.780487804878047906e-03,3.333333333333333981e-03,4.847533632286994687e-03,1.277904102817598031e-02
8.780487804878047906e-03,3.333333333333333981e-03,4.847533632286994687e-03,1.277904102817598031e-02
8.780487804878047906e-03,3.333333333333333981e-03,4.847533632286994687e-03,1.277904102817598031e-02
8.780487804878047906e-03,3.333333333333333981e-03,4.847533632286994687e-03,1.277904102817598031e-02
8.780487804878047906e-03,3.333333333333333981e-03,4.847533632286994687e-03,1.277904102817598031e-02
8.780487804878047906e-03,3.333333333333333981e-03,4.847533632286994687e-03,1.277904102817598031e-02
8.780487804878047906e-03,3.333333333333333981e-03,4.847533632286994687e-03,1.277904102817598031e-02
8.780487804878047906e-03,3.333333333333333981e-03,4.847533632286994687e-03,1.277904102817598031e-02
8.780487804878047906e-03,3.333333333333333981e-03,4.847533632286994687e-03,1.277904102817598031e-02
8.780487804878047906e-03,3.333333333333333981e-03,4.847533632286994687e-03,1.277904102817598031e-02
8.780487804878047906e-03,3.333333333333333981e-03,4.847533632286994687e-03,1.277904102817598031e-02
8.780487804878047906e-03,3.333333333333333981e-03,4.847533632286994687e-03,1.277904102817598031e-02
8.780487804878047906e-03,3.333333333333333981e-03,4.847533632286994687e-03,1.277904102817598031e-02
8.780487804878047906e-03,3.333333333333333981e-03,4.847533632286994687e-03,1.277904102817598031e-02
8.780487804878047906e-03,3.333333333333333981e-03,4.847533632286994687e-03,1.277904102817598031e-02
8.780487804878047906e-03,3.333333333333333981e-03,4.847533632286994687e-03,1.277904102817598031e-02
8.780487804878047906e-03,3.333333333333333981e-03,4.847533632286994687e-03,1.277904102817598031e-02
8.780487804878047906e-03,3.333333333333333981e-03,4.847533632286994687e-03,1.277904102817598031e-02
8.780487804878047906e-03,3.333333333333333981e-03,4.847533632286994687e-03,1.277904102817598031e-02
8.780487804878047906e-03,3.333333333333333981e-03,4.847533632286994687e-03,1.277904102817598031e-02
8.780487804878047906e-03,3.333333333333333981e-03,4.847533632286994687e-03,1.277904102817598031e-02
8.780487804878047906e-03,3.333333333333333981e-03,4.847533632286994687e-03,1.277904102817598031e-02
8.780487804878047906e-03,3.333333333333333981e-03,4.847533632286994687e-03,1.277904102817598031e-02
8.780487804878047906e-03,3.333333333333333981e-03,4.847533632286994687e-03,1.277904102817598031e-02
8.780487804878047906e-03,3.333333333333333981e-03,4.847533632286994687e-03,1.277904102817598031e-02
8.780487804878047906e-03,3.333333333333333981e-03,4.847533632286994687e-03,1.277904102817598031e-02
8.780487804878047906e-03,3.333333333333333981e-03,4.847533632286994687e-03,1.277904102817598031e-02
8.780487804878047906e-03,3.333333333333333981e-03,4.847533632286994687e-03,1.277904102817598031e-02
8.780487804878047906e-03,3.333333333333333981e-03,4.847533632286994687e-03,1.277904102817598031e-02
8.780487804878047906e-03,3.333333333333333981e-03,4.847533632286994687e-03,1.277904102817598031e-02
8.780487804878047906e-03,3.333333333333333981e-03,4.847533632286994687e-03,1.277904102817598031e-02
8.780487804878047906e-03,3.333333333333333981e-03,4.847533632286994687e-03,1.277904102817598031e-02
8.780487804878047906e-03,3.333333333333333981e-03,4.847533632286994687e-03,1.277904102817598031e-02
8.780487804878047906e-03,3.333333333333333981e-03,4.847533632286994687e-03,1.277904102817598031e-02
8.780487804878047906e-03,3.333333333333333981e-03,4.847533632286994687e-03,1.277904102817598031e-02
8.780487804878047906e-03,3.333333333333333981e-03,4.847533632286994687e-03,1.277904102817598031e-02
8.780487804878047906e-03,3.333333333333333981e-03,4.847533632286994687e-03,1.277904102817598031e-02
8.780487804878047906e-03,3.333333333333333981e-03,4.847533632286994687e-03,1.277904102817598031e-02
8.780487804878047906e-03,3.333333333333333981e-03,4.847533632286994687e-03,1.277904102817598031e-02
8.780487804878047906e-03,3.333333333333333981e-03,4.847533632286994687e-03,1.277904102817598031e-02
8.780487804878047906e-03,3.333333333333333981e-03,4.847533632286994687e-03,1.277904102817598031e-02
8.780487804878047906e-03,3.333333333333333981e-03,4.847533632286994687e-03,1.277904102817598031e-02
8.780487804878047906e-03,3.333333333333333981e-03,4.847533632286994687e-03,1.277904102817598031e-02
8.780487804878047906e-03,3.333333333333333981e-03,4.847533632286994687e-03,1.277904102817598031e-02
8.780487804878047906e-03,3.333333333333333981e-03,4.847533632286994687e-03,1.277904102817598031e-02
8.780487804878047906e-03,3.333333333333333981e-03,4.847533632286994687e-03,1.277904102817598031e-02
8.780487804878047906e-03,3.333333333333333981e-03,4.847533632286994687e-03,1.277904102817598031e-02
8.780487804878047906e-03,3.333333333333333981e-03,4.847533632286994687e-03,1.277904102817598031e-02
8.780487804878047906e-03,3.333333333333333981e-03,4.847533632286994687e-03,1.277904102817598031e-02
8.780487804878047906e-03,3.333333333333333981e-03,4.847533632286994687e-03,1.277904102817598031e-02
8.780487804878047906e-03,3.333333333333333981e-03,4.847533632286994687e-03,1.277904102817598031e-02
8.780487804878047906e-03,3.333333333333333981e-03,4.847533632286994687e-03,1.277904102817598031e-02
8.780487804878047906e-03,3.333333333333333981e-03,4.847533632286994687e-03,1.277904102817598031e-02
8.780487804878047906e-03,3.333333333333333981e-03,4.847533632286994687e-03,1.277904102817598031e-02
8.780487804878047906e-03,3.333333333333333981e-03,4.847533632286994687e-03,1.277904102817598031e-02
8.780487804878047906e-03,3.333333333333333981e-03,4.847533632286994687e-03,1.277904102817598031e-02
8.780487804878047906e-03,3.333333333333333981e-03,4.847533632286994687e-03,1.277904102817598031e-02
8.780487804878047906e-03,3.333333333333333981e-03,4.847533632286994687e-03,1.277904102817598031e-02
8.780487804878047906e-03,3.333333333333333981e-03,4.847533632286994687e-03,1.277904102817598031e-02
8.780487804878047906e-03,3.333333333333333981e-03,4.847533632286994687e-03,1.277904102817598031e-02
8.780487804878047906e-03,3.333333333333333981e-03,4.847533632286994687e-03,1.277904102817598031e-02
8.780487804878047906e-03,3.333333333333333981e-03,4.847533632286994687e-03,1.277904102817598031e-02
8.780487804878047906e-03,3.333333333333333981e-03,4.847533632286994687e-03,1.277904102817598031e-02
8.780487804878047906e-03,3.333333333333333981e-03,4.847533632286994687e-03,1.277904102817598031e-02
8.780487804878047906e-03,3.333333333333333981e-03,4.847533632286994687e-03,1.277904102817598031e-02
8.780487804878047906e-03,3.333333333333333981e-03,4.847533632286994687e-03,1.277904102817598031e-02
8.780487804878047906e-03,3.333333333333333981e-03,4.847533632286994687e-03,1.277904102817598031e-02
8.780487804878047906e-03,3.333333333333333981e-03,4.847533632286994687e-03,1.277904102817598031e-02
8.780487804878047906e-03,3.333333333333333981e-03,4.847533632286994687e-03,1.277904102817598031e-02
8.780487804878047906e-03,3.333333333333333981e-03,4.847533632286994687e-03,1.277904102817598031e-02
8.780487804878047906e-03,3.333333333333333981e-03,4.847533632286994687e-03,1.277904102817598031e-02
8.780487804878047906e-03,3.333333333333333981e-03,4.847533632286994687e-03,1.277904102817598031e-02
8.780487804878047906e-03,3.333333333333333981e-03,4.847533632286994687e-03,1.277904102817598031e-02
8.780487804878047906e-03,3.333333333333333981e-03,4.847533632286994687e-03,1.277904102817598031e-02
8.780487804878047906e-03,3.333333333333333981e-03,4.847533632286994687e-03,1.277904102817598031e-02
8.780487804878047906e-03,3.333333333333333981e-03,4.847533632286994687e-03,1.277904102817598031e-02
8.780487804878047906e-03,3.333333333333333981e-03,4.847533632286994687e-03,1.277904102817598031e-02
8.780487804878047906e-03,3.333333333333333981e-03,4.847533632286994687e-03,1.277904102817598031e-02
8.780487804878047906e-03,3.333333333333333981e-03,4.847533632286994687e-03,1.277904102817598031e-02
8.780487804878047906e-03,3.333333333333333981e-03,4.847533632286994687e-03,1.277904102817598031e-02
8.780487804878047906e-03,3.333333333333333981e-03,4.847533632286994687e-03,1.277904102817598031e-02
8.780487804878047906e-03,3.333333333333333981e-03,4.847533632286994687e-03,1.277904102817598031e-02
8.780487804878047906e-03,3.333333333333333981e-03,4.847533632286994687e-03,1.277904102817598031e-02
8.780487804878047906e-03,3.333333333333333981e-03,4.847533632286994687e-03,1.277904102817598031e-02
8.780487804878047906e-03,3.333333333333333981e-03,4.847533632286994687e-03,1.277904102817598031e-02
8.780487804878047906e-03,3.333333333333333981e-03,4.847533632286994687e-03,1.277904102817598031e-02
8.780487804878047906e-03,3.333333333333333981e-03,4.847533632286994687e-03,1.277904102817598031e-02
8.780487804878047906e-03,3.333333333333333981e-03,4.847533632286994687e-03,1.277904102817598031e-02
8.780487804878047906e-03,3.333333333333333981e-03,4.847533632286994687e-03,1.277904102817598031e-02
8.780487804878047906e-03,3.333333333333333981e-03,4.847533632286994687e-03,1.277904102817598031e-02
8.780487804878047906e-03,3.333333333333333981e-03,4.847533632286994687e-03,1.277904102817598031e-02
8.780487804878047906e-03,3.333333333333333981e-03,4.847533632286994687e-03,1.277904102817598031e-02
8.780487804878047906e-03,3.333333333333333981e-03,4.847533632286994687e-03,1.277904102817598031e-02
8.780487804878047906e-03,3.333333333333333981e-03,4.847533632286994687e-03,1.277904102817598031e-02
8.780487804878047906e-03,3.333333333333333981e-03,4.847533632286994687e-03,1.277904102817598031e-02
8.780487804878047906e-03,3.333333333333333981e-03,4.847533632286994687e-03,1.277904102817598031e-02
8.780487804878047906e-03,3.333333333333333981e-03,4.847533632286994687e-03,1.277904102817598031e-02
8.780487804878047906e-03,3.333333333333333981e-03,4.847533632286994687e-03,1.277904102817598031e-02
8.780487804878047906e-03,3.333333333333333981e-03,4.847533632286994687e-03,1.277904102817598031e-02
8.780487804878047906e-03,3.333333333333333981e-03,4.847533632286994687e-03,1.277904102817598031e-02
8.780487804878047906e-03,3.333333333333333981e-03,4.847533632286994687e-03,1.277904102817598031e-02
8.780487804878047906e-03,3.333333333333333981e-03,4.847533632286994687e-03,1.277904102817598031e-02
8.780487804878047906e-03,3.333333333333333981e-03,4.847533632286994687e-03,1.277904102817598031e-02
8.780487804878047906e-03,3.333333333333333981e-03,4.847533632286994687e-03,1.277904102817598031e-02
8.780487804878047906e-03,3.333333333333333981e-03,4.847533632286994687e-03,1.277904102817598031e-02
8.780487804878047906e-03,3.333333333333333981e-03,4.847533632286994687e-03,1.277904102817598031e-02
8.780487804878047906e-03,3.333333333333333981e-03,4.847533632286994687e-03,1.277904102817598031e-02
8.780487804878047906e-03,3.333333333333333981e-03,4.847533632286994687e-03,1.277904102817598031e-02
8.780487804878047906e-03,3.333333333333333981e-03,4.847533632286994687e-03,1.277904102817598031e-02
8.780487804878047906e-03,3.333333333333333981e-03,4.847533632286994687e-03,1.277904102817598031e-02
8.780487804878047906e-03,3.333333333333333981e-03,4.847533632286994687e-03,1.277904102817598031e-02
8.780487804878047906e-03,3.333333333333333981e-03,4.847533632286994687e-03,1.277904102817598031e-02
8.780487804878047906e-03,3.333333333333333981e-03,4.847533632286994687e-03,1.277904102817598031e-02
8.780487804878047906e-03,3.333333333333333981e-03,4.847533632286994687e-03,1.277904102817598031e-02
8.780487804878047906e-03,3.333333333333333981e-03,4.847533632286994687e-03,1.277904102817598031e-02
8.780487804878047906e-03,3.333333333333333981e-03,4.847533632286994687e-03,1.277904102817598031e-02
8.780487804878047906e-03,3.333333333333333981e-03,4.847533632286994687e-03,1.277904102817598031e-02
8.780487804878047906e-03,3.333333333333333981e-03,4.847533632286994687e-03,1.277904102817598031e-02
8.780487804878047906e-03,3.333333333333333981e-03,4.847533632286994687e-03,1.277904102817598031e-02
8.780487804878047906e-03,3.333333333333333981e-03,4.847533632286994687e-03,1.277904102817598031e-02
8.780487804878047906e-03,3.333333333333333981e-03,4.847533632286994687e-03,1.277904102817598031e-02
8.780487804878047906e-03,3.333333333333333981e-03,4.847533632286994687e-03,1.277904102817598031e-02
8.780487804878047906e-03,3.333333333333333981e-03,4.847533632286994687e-03,1.277904102817598031e-02
8.780487804878047906e-03,3.333333333333333981e-03,4.847533632286994687e-03,1.277904102817598031e-02
8.780487804878047906e-03,3.333333333333333981e-03,4.847533632286994687e-03,1.277904102817598031e-02
8.780487804878047906e-03,3.333333333333333981e-03,4.847533632286994687e-03,1.277904102817598031e-02
8.780487804878047906e-03,3.333333333333333981e-03,4.847533632286994687e-03,1.277904102817598031e-02
8.780487804878047906e-03,3.333333333333333981e-03,4.847533632286994687e-03,1.277904102817598031e-02
8.780487804878047906e-03,3.333333333333333981e-03,4.847533632286994687e-03,1.277904102817598031e-02
8.780487804878047906e-03,3.333333333333333981e-03,4.847533632286994687e-03,1.277904102817598031e-02
8.780487804878047906e-03,3.333333333333333981e-03,4.847533632286994687e-03,1.277904102817598031e-02
8.780487804878047906e-03,3.333333333333333981e-03,4.847533632286994687e-03,1.277904102817598031e-02
8.780487804878047906e-03,3.333333333333333981e-03,4.847533632286994687e-03,1.277904102817598031e-02
8.780487804878047906e-03,3.333333333333333981e-03,4.847533632286994687e-03,1.277904102817598031e-02
8.780487804878047906e-03,3.333333333333333981e-03,4.847533632286994687e-03,1.277904102817598031e-02
8.780487804878047906e-03,3.333333333333333981e-03,4.847533632286994687e-03,1.277904102817598031e-02
8.780487804878047906e-03,3.333333333333333981e-03,4.847533632286994687e-03,1.277904102817598031e-02
8.780487804878047906e-03,3.333333333333333981e-03,4.847533632286994687e-03,1.277904102817598031e-02
8.780487804878047906e-03,3.333333333333333981e-03,4.847533632286994687e-03,1.277904102817598031e-02
8.780487804878047906e-03,3.333333333333333981e-03,4.847533632286994687e-03,1.277904102817598031e-02
8.780487804878047906e-03,3.333333333333333981e-03,4.847533632286994687e-03,1.277904102817598031e-02
8.780487804878047906e-03,3.333333333333333981e-03,4.847533632286994687e-03,1.277904102817598031e-02
8.780487804878047906e-03,3.333333333333333981e-03,4.847533632286994687e-03,1.277904102817598031e-02
8.780487804878047906e-03,3.333333333333333981e-03,4.847533632286994687e-03,1.277904102817598031e-02
8.780487804878047906e-03,3.333333333333333981e-03,4.847533632286994687e-03,1.277904102817598031e-02
8.780487804878047906e-03,3.333333333333333981e-03,4.847533632286994687e-03,1.277904102817598031e-02
8.780487804878047906e-03,3.333333333333333981e-03,4.847533632286994687e-03,1.277904102817598031e-02
8.780487804878047906e-03,3.333333333333333981e-03,4.847533632286994687e-03,1.277904102817598031e-02
8.780487804878047906e-03,3.333333333333333981e-03,4.847533632286994687e-03,1.277904102817598031e-02
8.780487804878047906e-03,3.333333333333333981e-03,4.847533632286994687e-03,1.277904102817598031e-02
8.780487804878047906e-03,3.333333333333333981e-03,4.847533632286994687e-03,1.277904102817598031e-02
8.780487804878047906e-03,3.333333333333333981e-03,4.847533632286994687e-03,1.277904102817598031e-02
8.780487804878047906e-03,3.333333333333333981e-03,4.847533632286994687e-03,1.277904102817598031e-02
8.780487804878047906e-03,3.333333333333333981e-03,4.847533632286994687e-03,1.277904102817598031e-02
8.780487804878047906e-03,3.333333333333333981e-03,4.847533632286994687e-03,1.277904102817598031e-02
8.780487804878047906e-03,3.333333333333333981e-03,4.847533632286994687e-03,1.277904102817598031e-02
8.780487804878047906e-03,3.333333333333333981e-03,4.847533632286994687e-03,1.277904102817598031e-02
8.780487804878047906e-03,3.333333333333333981e-03,4.847533632286994687e-03,1.277904102817598031e-02
8.780487804878047906e-03,3.333333333333333981e-03,4.847533632286994687e-03,1.277904102817598031e-02
8.780487804878047906e-03,3.333333333333333981e-03,4.847533632286994687e-03,1.277904102817598031e-02
8.780487804878047906e-03,3.333333333333333981e-03,4.847533632286994687e-03,1.277904102817598031e-02
8.780487804878047906e-03,3.333333333333333981e-03,4.847533632286994687e-03,1.277904102817598031e-02
8.780487804878047906e-03,3.333333333333333981e-03,4.847533632286994687e-03,1.277904102817598031e-02
8.780487804878047906e-03,3.333333333333333981e-03,4.847533632286994687e-03,1.277904102817598031e-02
8.780487804878047906e-03,3.333333333333333981e-03,4.847533632286994687e-03,1.277904102817598031e-02
8.780487804878047906e-03,3.333333333333333981e-03,4.847533632286994687e-03,1.277904102817598031e-02
8.780487804878047906e-03,3.333333333333333981e-03,4.847533632286994687e-03,1.277904102817598031e-02
8.780487804878047906e-03,3.333333333333333981e-03,4.847533632286994687e-03,1.277904102817598031e-02
8.780487804878047906e-03,3.333333333333333981e-03,4.847533632286994687e-03,1.277904102817598031e-02
8.780487804878047906e-03,3.333333333333333981e-03,4.847533632286994687e-03,1.277904102817598031e-02
8.780487804878047906e-03,3.333333333333333981e-03,4.847533632286994687e-03,1.277904102817598031e-02
8.780487804878047906e-03,3.333333333333333981e-03,4.847533632286994687e-03,1.277904102817598031e-02
8.780487804878047906e-03,3.333333333333333981e-03,4.847533632286994687e-03,1.277904102817598031e-02
8.780487804878047906e-03,3.333333333333333981e-03,4.847533632286994687e-03,1.277904102817598031e-02
8.780487804878047906e-03,3.333333333333333981e-03,4.847533632286994687e-03,1.277904102817598031e-02
8.780487804878047906e-03,3.333333333333333981e-03,4.847533632286994687e-03,1.277904102817598031e-02
8.780487804878047906e-03,3.333333333333333981e-03,4.847533632286994687e-03,1.277904102817598031e-02
8.780487804878047906e-03,3.333333333333333981e-03,4.847533632286994687e-03,1.277904102817598031e-02
8.780487804878047906e-03,3.333333333333333981e-03,4.847533632286994687e-03,1.277904102817598031e-02
8.780487804878047906e-03,3.333333333333333981e-03,4.847533632286994687e-03,1.277904102817598031e-02
8.780487804878047906e-03,3.333333333333333981e-03,4.847533632286994687e-03,1.277904102817598031e-02
8.780487804878047906e-03,3.333333333333333981e-03,4.847533632286994687e-03,1.277904102817598031e-02
8.780487804878047906e-03,3.333333333333333981e-03,4.847533632286994687e-03,1.277904102817598031e-02
8.780487804878047906e-03,3.333333333333333981e-03,4.847533632286994687e-03,1.277904102817598031e-02
8.780487804878047906e-03,3.333333333333333981e-03,4.847533632286994687e-03,1.277904102817598031e-02
8.780487804878047906e-03,3.333333333333333981e-03,4.847533632286994687e-03,1.277904102817598031e-02
8.780487804878047906e-03,3.333333333333333981e-03,4.847533632286994687e-03,1.277904102817598031e-02
8.780487804878047906e-03,3.333333333333333981e-03,4.847533632286994687e-03,1.277904102817598031e-02
8.780487804878047906e-03,3.333333333333333981e-03,4.847533632286994687e-03,1.277904102817598031e-02
8.780487804878047906e-03,3.333333333333333981e-03,4.847533632286994687e-03,1.277904102817598031e-02
8.780487804878047906e-03,3.333333333333333981e-03,4.847533632286994687e-03,1.277904102817598031e-02
8.780487804878047906e-03,3.333333333333333981e-03,4.847533632286994687e-03,1.277904102817598031e-02
8.780487804878047906e-03,3.333333333333333981e-03,4.847533632286994687e-03,1.277904102817598031e-02
8.780487804878047906e-03,3.333333333333333981e-03,4.847533632286994687e-03,1.277904102817598031e-02
8.780487804878047906e-03,3.333333333333333981e-03,4.847533632286994687e-03,1.277904102817598031e-02
8.780487804878047906e-03,3.333333333333333981e-03,4.847533632286994687e-03,1.277904102817598031e-02
8.780487804878047906e-03,3.333333333333333981e-03,4.847533632286994687e-03,1.277904102817598031e-02
8.780487804878047906e-03,3.333333333333333981e-03,4.847533632286994687e-03,1.277904102817598031e-02
8.780487804878047906e-03,3.333333333333333981e-03,4.847533632286994687e-03,1.277904102817598031e-02
8.780487804878047906e-03,3.333333333333333981e-03,4.847533632286994687e-03,1.277904102817598031e-02
8.780487804878047906e-03,3.333333333333333981e-03,4.847533632286994687e-03,1.277904102817598031e-02
8.780487804878047906e-03,3.333333333333333981e-03,4.847533632286994687e-03,1.277904102817598031e-02
8.780487804878047906e-03,3.333333333333333981e-03,4.847533632286994687e-03,1.277904102817598031e-02
8.780487804878047906e-03,3.333333333333333981e-03,4.847533632286994687e-03,1.277904102817598031e-02
8.780487804878047906e-03,3.333333333333333981e-03,4.847533632286994687e-03,1.277904102817598031e-02
8.780487804878047906e-03,3.333333333333333981e-03,4.847533632286994687e-03,1.277904102817598031e-02
8.780487804878047906e-03,3.333333333333333981e-03,4.847533632286994687e-03,1.277904102817598031e-02
8.780487804878047906e-03,3.333333333333333981e-03,4.847533632286994687e-03,1.277904102817598031e-02
8.780487804878047906e-03,3.333333333333333981e-03,4.847533632286994687e-03,1.277904102817598031e-02
8.780487804878047906e-03,3.333333333333333981e-03,4.847533632286994687e-03,1.277904102817598031e-02
8.780487804878047906e-03,3.333333333333333981e-03,4.847533632286994687e-03,1.277904102817598031e-02
8.780487804878047906e-03,3.333333333333333981e-03,4.847533632286994687e-03,1.277904102817598031e-02
8.780487804878047906e-03,3.333333333333333981e-03,4.847533632286994687e-03,1.277904102817598031e-02
8.780487804878047906e-03,3.333333333333333981e-03,4.847533632286994687e-03,1.277904102817598031e-02
8.780487804878047906e-03,3.333333333333333981e-03,4.847533632286994687e-03,1.277904102817598031e-02
8.780487804878047906e-03,3.333333333333333981e-03,4.847533632286994687e-03,1.277904102817598031e-02
8.780487804878047906e-03,3.333333333333333981e-03,4.847533632286994687e-03,1.277904102817598031e-02
8.780487804878047906e-03,3.333333333333333981e-03,4.847533632286994687e-03,1.277904102817598031e-02
8.780487804878047906e-03,3.333333333333333981e-03,4.847533632286994687e-03,1.277904102817598031e-02
8.780487804878047906e-03,3.333333333333333981e-03,4.847533632286994687e-03,1.277904102817598031e-02
8.780487804878047906e-03,3.333333333333333981e-03,4.847533632286994687e-03,1.277904102817598031e-02
8.780487804878047906e-03,3.333333333333333981e-03,4.847533632286994687e-03,1.277904102817598031e-02
8.780487804878047906e-03,3.333333333333333981e-03,4.847533632286994687e-03,1.277904102817598031e-02
8.780487804878047906e-03,3.333333333333333981e-03,4.847533632286994687e-03,1.277904102817598031e-02
8.780487804878047906e-03,3.333333333333333981e-03,4.847533632286994687e-03,1.277904102817598031e-02
8.780487804878047906e-03,3.333333333333333981e-03,4.847533632286994687e-03,1.277904102817598031e-02
8.780487804878047906e-03,3.333333333333333981e-03,4.847533632286994687e-03,1.277904102817598031e-02
8.780487804878047906e-03,3.333333333333333981e-03,4.847533632286994687e-03,1.277904102817598031e-02
8.780487804878047906e-03,3.333333333333333981e-03,4.847533632286994687e-03,1.277904102817598031e-02
8.780487804878047906e-03,3.333333333333333981e-03,4.847533632286994687e-03,1.277904102817598031e-02
8.780487804878047906e-03,3.333333333333333981e-03,4.847533632286994687e-03,1.277904102817598031e-02
8.780487804878047906e-03,3.333333333333333981e-03,4.847533632286994687e-03,1.277904102817598031e-02
8.780487804878047906e-03,3.333333333333333981e-03,4.847533632286994687e-03,1.277904102817598031e-02
8.780487804878047906e-03,3.333333333333333981e-03,4.847533632286994687e-03,1.277904102817598031e-02
8.780487804878047906e-03,3.333333333333333981e-03,4.847533632286994687e-03,1.277904102817598031e-02
8.780487804878047906e-03,3.333333333333333981e-03,4.847533632286994687e-03,1.277904102817598031e-02
8.780487804878047906e-03,3.333333333333333981e-03,4.847533632286994687e-03,1.277904102817598031e-02
8.780487804878047906e-03,3.333333333333333981e-03,4.847533632286994687e-03,1.277904102817598031e-02
8.780487804878047906e-03,3.333333333333333981e-03,4.847533632286994687e-03,1.277904102817598031e-02
8.780487804878047906e-03,3.333333333333333981e-03,4.847533632286994687e-03,1.277904102817598031e-02
8.780487804878047906e-03,3.333333333333333981e-03,4.847533632286994687e-03,1.277904102817598031e-02
8.780487804878047906e-03,3.333333333333333981e-03,4.847533632286994687e-03,1.277904102817598031e-02
8.780487804878047906e-03,3.333333333333333981e-03,4.847533632286994687e-03,1.277904102817598031e-02
8.780487804878047906e-03,3.333333333333333981e-03,4.847533632286994687e-03,1.277904102817598031e-02
8.780487804878047906e-03,3.333333333333333981e-03,4.847533632286994687e-03,1.277904102817598031e-02
8.780487804878047906e-03,3.333333333333333981e-03,4.847533632286994687e-03,1.277904102817598031e-02
8.780487804878047906e-03,3.333333333333333981e-03,4.847533632286994687e-03,1.277904102817598031e-02
8.780487804878047906e-03,3.333333333333333981e-03,4.847533632286994687e-03,1.277904102817598031e-02
8.780487804878047906e-03,3.333333333333333981e-03,4.847533632286994687e-03,1.277904102817598031e-02
8.780487804878047906e-03,3.333333333333333981e-03,4.847533632286994687e-03,1.277904102817598031e-02
8.780487804878047906e-03,3.333333333333333981e-03,4.847533632286994687e-03,1.277904102817598031e-02
8.780487804878047906e-03,3.333333333333333981e-03,4.847533632286994687e-03,1.277904102817598031e-02
8.780487804878047906e-03,3.333333333333333981e-03,4.847533632286994687e-03,1.277904102817598031e-02
8.780487804878047906e-03,3.333333333333333981e-03,4.847533632286994687e-03,1.277904102817598031e-02
8.780487804878047906e-03,3.333333333333333981e-03,4.847533632286994687e-03,1.277904102817598031e-02
8.780487804878047906e-03,3.333333333333333981e-03,4.847533632286994687e-03,1.277904102817598031e-02
8.780487804878047906e-03,3.333333333333333981e-03,4.847533632286994687e-03,1.277904102817598031e-02
8.780487804878047906e-03,3.333333333333333981e-03,4.847533632286994687e-03,1.277904102817598031e-02
8.780487804878047906e-03,3.333333333333333981e-03,4.847533632286994687e-03,1.277904102817598031e-02
8.780487804878047906e-03,3.333333333333333981e-03,4.847533632286994687e-03,1.277904102817598031e-02
8.780487804878047906e-03,3.333333333333333981e-03,4.847533632286994687e-03,1.277904102817598031e-02
8.780487804878047906e-03,3.333333333333333981e-03,4.847533632286994687e-03,1.277904102817598031e-02
8.780487804878047906e-03,3.333333333333333981e-03,4.847533632286994687e-03,1.277904102817598031e-02
8.780487804878047906e-03,3.333333333333333981e-03,4.847533632286994687e-03,1.277904102817598031e-02
8.780487804878047906e-03,3.333333333333333981e-03,4.847533632286994687e-03,1.277904102817598031e-02
8.780487804878047906e-03,3.333333333333333981e-03,4.847533632286994687e-03,1.277904102817598031e-02
8.780487804878047906e-03,3.333333333333333981e-03,4.847533632286994687e-03,1.277904102817598031e-02
8.780487804878047906e-03,3.333333333333333981e-03,4.847533632286994687e-03,1.277904102817598031e-02
8.780487804878047906e-03,3.333333333333333981e-03,4.847533632286994687e-03,1.277904102817598031e-02
8.780487804878047906e-03,3.333333333333333981e-03,4.847533632286994687e-03,1.277904102817598031e-02
8.780487804878047906e-03,3.333333333333333981e-03,4.847533632286994687e-03,1.277904102817598031e-02
8.780487804878047906e-03,3.333333333333333981e-03,4.847533632286994687e-03,1.277904102817598031e-02
8.780487804878047906e-03,3.333333333333333981e-03,4.847533632286994687e-03,1.277904102817598031e-02
8.780487804878047906e-03,3.333333333333333981e-03,4.847533632286994687e-03,1.277904102817598031e-02
8.780487804878047906e-03,3.333333333333333981e-03,4.847533632286994687e-03,1.277904102817598031e-02
8.780487804878047906e-03,3.333333333333333981e-03,4.847533632286994687e-03,1.277904102817598031e-02
8.780487804878047906e-03,3.333333333333333981e-03,4.847533632286994687e-03,1.277904102817598031e-02
8.780487804878047906e-03,3.333333333333333981e-03,4.847533632286994687e-03,1.277904102817598031e-02
8.780487804878047906e-03,3.333333333333333981e-03,4.847533632286994687e-03,1.277904102817598031e-02
8.780487804878047906e-03,3.333333333333333981e-03,4.847533632286994687e-03,1.277904102817598031e-02
8.780487804878047906e-03,3.333333333333333981e-03,4.847533632286994687e-03,1.277904102817598031e-02
8.780487804878047906e-03,3.333333333333333981e-03,4.847533632286994687e-03,1.277904102817598031e-02
8.780487804878047906e-03,3.333333333333333981e-03,4.847533632286994687e-03,1.277904102817598031e-02
8.780487804878047906e-03,3.333333333333333981e-03,4.847533632286994687e-03,1.277904102817598031e-02
8.780487804878047906e-03,3.333333333333333981e-03,4.847533632286994687e-03,1.277904102817598031e-02
8.780487804878047906e-03,3.333333333333333981e-03,4.847533632286994687e-03,1.277904102817598031e-02
8.780487804878047906e-03,3.333333333333333981e-03,4.847533632286994687e-03,1.277904102817598031e-02
8.780487804878047906e-03,3.333333333333333981e-03,4.847533632286994687e-03,1.277904102817598031e-02
8.780487804878047906e-03,3.333333333333333981e-03,4.847533632286994687e-03,1.277904102817598031e-02
8.780487804878047906e-03,3.333333333333333981e-03,4.847533632286994687e-03,1.277904102817598031e-02
8.780487804878047906e-03,3.333333333333333981e-03,4.847533632286994687e-03,1.277904102817598031e-02
8.780487804878047906e-03,3.333333333333333981e-03,4.847533632286994687e-03,1.277904102817598031e-02
8.780487804878047906e-03,3.333333333333333981e-03,4.847533632286994687e-03,1.277904102817598031e-02
8.780487804878047906e-03,3.333333333333333981e-03,4.847533632286994687e-03,1.277904102817598031e-02
8.780487804878047906e-03,3.333333333333333981e-03,4.847533632286994687e-03,1.277904102817598031e-02
8.780487804878047906e-03,3.333333333333333981e-03,4.847533632286994687e-03,1.277904102817598031e-02
8.780487804878047906e-03,3.333333333333333981e-03,4.847533632286994687e-03,1.277904102817598031e-02
8.780487804878047906e-03,3.333333333333333981e-03,4.847533632286994687e-03,1.277904102817598031e-02
8.780487804878047906e-03,3.333333333333333981e-03,4.847533632286994687e-03,1.277904102817598031e-02
8.780487804878047906e-03,3.333333333333333981e-03,4.847533632286994687e-03,1.277904102817598031e-02
8.780487804878047906e-03,3.333333333333333981e-03,4.847533632286994687e-03,1.277904102817598031e-02
8.780487804878047906e-03,3.333333333333333981e-03,4.847533632286994687e-03,1.277904102817598031e-02
8.780487804878047906e-03,3.333333333333333981e-03,4.847533632286994687e-03,1.277904102817598031e-02
8.780487804878047906e-03,3.333333333333333981e-03,4.847533632286994687e-03,1.277904102817598031e-02
8.780487804878047906e-03,3.333333333333333981e-03,4.847533632286994687e-03,1.277904102817598031e-02
8.780487804878047906e-03,3.333333333333333981e-03,4.847533632286994687e-03,1.277904102817598031e-02
8.780487804878047906e-03,3.333333333333333981e-03,4.847533632286994687e-03,1.277904102817598031e-02
8.780487804878047906e-03,3.333333333333333981e-03,4.847533632286994687e-03,1.277904102817598031e-02
8.780487804878047906e-03,3.333333333333333981e-03,4.847533632286994687e-03,1.277904102817598031e-02
8.780487804878047906e-03,3.333333333333333981e-03,4.847533632286994687e-03,1.277904102817598031e-02
8.780487804878047906e-03,3.333333333333333981e-03,4.847533632286994687e-03,1.277904102817598031e-02
8.780487804878047906e-03,3.333333333333333981e-03,4.847533632286994687e-03,1.277904102817598031e-02
8.780487804878047906e-03,3.333333333333333981e-03,4.847533632286994687e-03,1.277904102817598031e-02
8.780487804878047906e-03,3.333333333333333981e-03,4.847533632286994687e-03,1.277904102817598031e-02
8.780487804878047906e-03,3.333333333333333981e-03,4.847533632286994687e-03,1.277904102817598031e-02
8.780487804878047906e-03,3.333333333333333981e-03,4.847533632286994687e-03,1.277904102817598031e-02
8.780487804878047906e-03,3.333333333333333981e-03,4.847533632286994687e-03,1.277904102817598031e-02
8.780487804878047906e-03,3.333333333333333981e-03,4.847533632286994687e-03,1.277904102817598031e-02
8.780487804878047906e-03,3.333333333333333981e-03,4.847533632286994687e-03,1.277904102817598031e-02
8.780487804878047906e-03,3.333333333333333981e-03,4.847533632286994687e-03,1.277904102817598031e-02
8.780487804878047906e-03,3.333333333333333981e-03,4.847533632286994687e-03,1.277904102817598031e-02
8.780487804878047906e-03,3.333333333333333981e-03,4.847533632286994687e-03,1.277904102817598031e-02
8.780487804878047906e-03,3.333333333333333981e-03,4.847533632286994687e-03,1.277904102817598031e-02
8.780487804878047906e-03,3.333333333333333981e-03,4.847533632286994687e-03,1.277904102817598031e-02
8.780487804878047906e-03,3.333333333333333981e-03,4.847533632286994687e-03,1.277904102817598031e-02
8.780487804878047906e-03,3.333333333333333981e-03,4.847533632286994687e-03,1.277904102817598031e-02
8.780487804878047906e-03,3.333333333333333981e-03,4.847533632286994687e-03,1.277904102817598031e-02
8.780487804878047906e-03,3.333333333333333981e-03,4.847533632286994687e-03,1.277904102817598031e-02
8.780487804878047906e-03,3.333333333333333981e-03,4.847533632286994687e-03,1.277904102817598031e-02
8.780487804878047906e-03,3.333333333333333981e-03,4.847533632286994687e-03,1.277904102817598031e-02
8.780487804878047906e-03,3.333333333333333981e-03,4.847533632286994687e-03,1.277904102817598031e-02
8.780487804878047906e-03,3.333333333333333981e-03,4.847533632286994687e-03,1.277904102817598031e-02
8.780487804878047906e-03,3.333333333333333981e-03,4.847533632286994687e-03,1.277904102817598031e-02
8.780487804878047906e-03,3.333333333333333981e-03,4.847533632286994687e-03,1.277904102817598031e-02
8.780487804878047906e-03,3.333333333333333981e-03,4.847533632286994687e-03,1.277904102817598031e-02
8.780487804878047906e-03,3.333333333333333981e-03,4.847533632286994687e-03,1.277904102817598031e-02
8.780487804878047906e-03,3.333333333333333981e-03,4.847533632286994687e-03,1.277904102817598031e-02
8.780487804878047906e-03,3.333333333333333981e-03,4.847533632286994687e-03,1.277904102817598031e-02
8.780487804878047906e-03,3.333333333333333981e-03,4.847533632286994687e-03,1.277904102817598031e-02
8.780487804878047906e-03,3.333333333333333981e-03,4.847533632286994687e-03,1.277904102817598031e-02
8.780487804878047906e-03,3.333333333333333981e-03,4.847533632286994687e-03,1.277904102817598031e-02
8.780487804878047906e-03,3.333333333333333981e-03,4.847533632286994687e-03,1.277904102817598031e-02
8.780487804878047906e-03,3.333333333333333981e-03,4.847533632286994687e-03,1.277904102817598031e-02
8.780487804878047906e-03,3.333333333333333981e-03,4.847533632286994687e-03,1.277904102817598031e-02
8.780487804878047906e-03,3.333333333333333981e-03,4.847533632286994687e-03,1.277904102817598031e-02
8.780487804878047906e-03,3.333333333333333981e-03,4.847533632286994687e-03,1.277904102817598031e-02
8.780487804878047906e-03,3.333333333333333981e-03,4.847533632286994687e-03,1.277904102817598031e-02
8.780487804878047906e-03,3.333333333333333981e-03,4.847533632286994687e-03,1.277904102817598031e-02
8.780487804878047906e-03,3.333333333333333981e-03,4.847533632286994687e-03,1.277904102817598031e-02
8.780487804878047906e-03,3.333333333333333981e-03,4.847533632286994687e-03,1.277904102817598031e-02
8.780487804878047906e-03,3.333333333333333981e-03,4.847533632286994687e-03,1.277904102817598031e-02
8.780487804878047906e-03,3.333333333333333981e-03,4.847533632286994687e-03,1.277904102817598031e-02
8.780487804878047906e-03,3.333333333333333981e-03,4.847533632286994687e-03,1.277904102817598031e-02
8.780487804878047906e-03,3.333333333333333981e-03,4.847533632286994687e-03,1.277904102817598031e-02
8.780487804878047906e-03,3.333333333333333981e-03,4.847533632286994687e-03,1.277904102817598031e-02
8.780487804878047906e-03,3.333333333333333981e-03,4.847533632286994687e-03,1.277904102817598031e-02
8.780487804878047906e-03,3.333333333333333981e-03,4.847533632286994687e-03,1.277904102817598031e-02
8.780487804878047906e-03,3.333333333333333981e-03,4.847533632286994687e-03,1.277904102817598031e-02
8.780487804878047906e-03,3.333333333333333981e-03,4.847533632286994687e-03,1.277904102817598031e-02
8.780487804878047906e-03,3.333333333333333981e-03,4.847533632286994687e-03,1.277904102817598031e-02
8.780487804878047906e-03,3.333333333333333981e-03,4.847533632286994687e-03,1.277904102817598031e-02
8.780487804878047906e-03,3.333333333333333981e-03,4.847533632286994687e-03,1.277904102817598031e-02
8.780487804878047906e-03,3.333333333333333981e-03,4.847533632286994687e-03,1.277904102817598031e-02
8.780487804878047906e-03,3.333333333333333981e-03,4.847533632286994687e-03,1.277904102817598031e-02
8.780487804878047906e-03,3.333333333333333981e-03,4.847533632286994687e-03,1.277904102817598031e-02
8.780487804878047906e-03,3.333333333333333981e-03,4.847533632286994687e-03,1.277904102817598031e-02
8.780487804878047906e-03,3.333333333333333981e-03,4.847533632286994687e-03,1.277904102817598031e-02
8.780487804878047906e-03,3.333333333333333981e-03,4.847533632286994687e-03,1.277904102817598031e-02
8.780487804878047906e-03,3.333333333333333981e-03,4.847533632286994687e-03,1.277904102817598031e-02
8.780487804878047906e-03,3.333333333333333981e-03,4.847533632286994687e-03,1.277904102817598031e-02
8.780487804878047906e-03,3.333333333333333981e-03,4.847533632286994687e-03,1.277904102817598031e-02
8.780487804878047906e-03,3.333333333333333981e-03,4.847533632286994687e-03,1.277904102817598031e-02
8.780487804878047906e-03,3.333333333333333981e-03,4.847533632286994687e-03,1.277904102817598031e-02
8.780487804878047906e-03,3.333333333333333981e-03,4.847533632286994687e-03,1.277904102817598031e-02
8.780487804878047906e-03,3.333333333333333981e-03,4.847533632286994687e-03,1.277904102817598031e-02
8.780487804878047906e-03,3.333333333333333981e-03,4.847533632286994687e-03,1.277904102817598031e-02
8.780487804878047906e-03,3.333333333333333981e-03,4.847533632286994687e-03,1.277904102817598031e-02
8.780487804878047906e-03,3.333333333333333981e-03,4.847533632286994687e-03,1.277904102817598031e-02
8.780487804878047906e-03,3.333333333333333981e-03,4.847533632286994687e-03,1.277904102817598031e-02
8.780487804878047906e-03,3.333333333333333981e-03,4.847533632286994687e-03,1.277904102817598031e-02
8.780487804878047906e-03,3.333333333333333981e-03,4.847533632286994687e-03,1.277904102817598031e-02
8.780487804878047906e-03,3.333333333333333981e-03,4.847533632286994687e-03,1.277904102817598031e-02
8.780487804878047906e-03,3.333333333333333981e-03,4.847533632286994687e-03,1.277904102817598031e-02
8.780487804878047906e-03,3.333333333333333981e-03,4.847533632286994687e-03,1.277904102817598031e-02
8.780487804878047906e-03,3.333333333333333981e-03,4.847533632286994687e-03,1.277904102817598031e-02
8.780487804878047906e-03,3.333333333333333981e-03,4.847533632286994687e-03,1.277904102817598031e-02
8.780487804878047906e-03,3.333333333333333981e-03,4.847533632286994687e-03,1.277904102817598031e-02
8.780487804878047906e-03,3.333333333333333981e-03,4.847533632286994687e-03,1.277904102817598031e-02
8.780487804878047906e-03,3.333333333333333981e-03,4.847533632286994687e-03,1.277904102817598031e-02
8.780487804878047906e-03,3.333333333333333981e-03,4.847533632286994687e-03,1.277904102817598031e-02
8.780487804878047906e-03,3.333333333333333981e-03,4.847533632286994687e-03,1.277904102817598031e-02
8.780487804878047906e-03,3.333333333333333981e-03,4.847533632286994687e-03,1.277904102817598031e-02
8.780487804878047906e-03,3.333333333333333981e-03,4.847533632286994687e-03,1.277904102817598031e-02
8.780487804878047906e-03,3.333333333333333981e-03,4.847533632286994687e-03,1.277904102817598031e-02
8.780487804878047906e-03,3.333333333333333981e-03,4.847533632286994687e-03,1.277904102817598031e-02
8.780487804878047906e-03,3.333333333333333981e-03,4.847533632286994687e-03,1.277904102817598031e-02
8.780487804878047906e-03,3.333333333333333981e-03,4.847533632286994687e-03,1.277904102817598031e-02
8.780487804878047906e-03,3.333333333333333981e-03,4.847533632286994687e-03,1.277904102817598031e-02
8.780487804878047906e-03,3.333333333333333981e-03,4.847533632286994687e-03,1.277904102817598031e-02
8.780487804878047906e-03,3.333333333333333981e-03,4.847533632286994687e-03,1.277904102817598031e-02
8.780487804878047906e-03,3.333333333333333981e-03,4.847533632286994687e-03,1.277904102817598031e-02
8.780487804878047906e-03,3.333333333333333981e-03,4.847533632286994687e-03,1.277904102817598031e-02
8.780487804878047906e-03,3.333333333333333981e-03,4.847533632286994687e-03,1.277904102817598031e-02
8.780487804878047906e-03,3.333333333333333981e-03,4.847533632286994687e-03,1.277904102817598031e-02
8.780487804878047906e-03,3.333333333333333981e-03,4.847533632286994687e-03,1.277904102817598031e-02
8.780487804878047906e-03,3.333333333333333981e-03,4.847533632286994687e-03,1.277904102817598031e-02
8.780487804878047906e-03,3.333333333333333981e-03,4.847533632286994687e-03,1.277904102817598031e-02
8.780487804878047906e-03,3.333333333333333981e-03,4.847533632286994687e-03,1.277904102817598031e-02
8.780487804878047906e-03,3.333333333333333981e-03,4.847533632286994687e-03,1.277904102817598031e-02
8.780487804878047906e-03,3.333333333333333981e-03,4.847533632286994687e-03,1.277904102817598031e-02
8.780487804878047906e-03,3.333333333333333981e-03,4.847533632286994687e-03,1.277904102817598031e-02
8.780487804878047906e-03,3.333333333333333981e-03,4.847533632286994687e-03,1.277904102817598031e-02
8.780487804878047906e-03,3.333333333333333981e-03,4.847533632286994687e-03,1.277904102817598031e-02
8.780487804878047906e-03,3.333333333333333981e-03,4.847533632286994687e-03,1.277904102817598031e-02
8.780487804878047906e-03,3.333333333333333981e-03,4.847533632286994687e-03,1.277904102817598031e-02
8.780487804878047906e-03,3.333333333333333981e-03,4.847533632286994687e-03,1.277904102817598031e-02
8.780487804878047906e-03,3.333333333333333981e-03,4.847533632286994687e-03,1.277904102817598031e-02
8.780487804878047906e-03,3.333333333333333981e-03,4.847533632286994687e-03,1.277904102817598031e-02
8.780487804878047906e-03,3.333333333333333981e-03,4.847533632286994687e-03,1.277904102817598031e-02
8.780487804878047906e-03,3.333333333333333981e-03,4.847533632286994687e-03,1.277904102817598031e-02
8.780487804878047906e-03,3.333333333333333981e-03,4.847533632286994687e-03,1.277904102817598031e-02
8.780487804878047906e-03,3.333333333333333981e-03,4.847533632286994687e-03,1.277904102817598031e-02
8.780487804878047906e-03,3.333333333333333981e-03,4.847533632286994687e-03,1.277904102817598031e-02
8.780487804878047906e-03,3.333333333333333981e-03,4.847533632286994687e-03,1.277904102817598031e-02
8.780487804878047906e-03,3.333333333333333981e-03,4.847533632286994687e-03,1.277904102817598031e-02
8.780487804878047906e-03,3.333333333333333981e-03,4.847533632286994687e-03,1.277904102817598031e-02
8.780487804878047906e-03,3.333333333333333981e-03,4.847533632286994687e-03,1.277904102817598031e-02
8.780487804878047906e-03,3.333333333333333981e-03,4.847533632286994687e-03,1.277904102817598031e-02
8.780487804878047906e-03,3.333333333333333981e-03,4.847533632286994687e-03,1.277904102817598031e-02
8.780487804878047906e-03,3.333333333333333981e-03,4.847533632286994687e-03,1.277904102817598031e-02
8.780487804878047906e-03,3.333333333333333981e-03,4.847533632286994687e-03,1.277904102817598031e-02
8.780487804878047906e-03,3.333333333333333981e-03,4.847533632286994687e-03,1.277904102817598031e-02
8.780487804878047906e-03,3.333333333333333981e-03,4.847533632286994687e-03,1.277904102817598031e-02
8.780487804878047906e-03,3.333333333333333981e-03,4.847533632286994687e-03,1.277904102817598031e-02
8.780487804878047906e-03,3.333333333333333981e-03,4.847533632286994687e-03,1.277904102817598031e-02
8.780487804878047906e-03,3.333333333333333981e-03,4.847533632286994687e-03,1.277904102817598031e-02
8.780487804878047906e-03,3.333333333333333981e-03,4.847533632286994687e-03,1.277904102817598031e-02
8.780487804878047906e-03,3.333333333333333981e-03,4.847533632286994687e-03,1.277904102817598031e-02
8.780487804878047906e-03,3.333333333333333981e-03,4.847533632286994687e-03,1.277904102817598031e-02
8.780487804878047906e-03,3.333333333333333981e-03,4.847533632286994687e-03,1.277904102817598031e-02
8.780487804878047906e-03,3.333333333333333981e-03,4.847533632286994687e-03,1.277904102817598031e-02
8.780487804878047906e-03,3.333333333333333981e-03,4.847533632286994687e-03,1.277904102817598031e-02
8.780487804878047906e-03,3.333333333333333981e-03,4.847533632286994687e-03,1.277904102817598031e-02
8.780487804878047906e-03,3.333333333333333981e-03,4.847533632286994687e-03,1.277904102817598031e-02
8.780487804878047906e-03,3.333333333333333981e-03,4.847533632286994687e-03,1.277904102817598031e-02
8.780487804878047906e-03,3.333333333333333981e-03,4.847533632286994687e-03,1.277904102817598031e-02
8.780487804878047906e-03,3.333333333333333981e-03,4.847533632286994687e-03,1.277904102817598031e-02
8.780487804878047906e-03,3.333333333333333981e-03,4.847533632286994687e-03,1.277904102817598031e-02
8.780487804878047906e-03,3.333333333333333981e-03,4.847533632286994687e-03,1.277904102817598031e-02
8.780487804878047906e-03,3.333333333333333981e-03,4.847533632286994687e-03,1.277904102817598031e-02
8.780487804878047906e-03,3.333333333333333981e-03,4.847533632286994687e-03,1.277904102817598031e-02
8.780487804878047906e-03,3.333333333333333981e-03,4.847533632286994687e-03,1.277904102817598031e-02
8.780487804878047906e-03,3.333333333333333981e-03,4.847533632286994687e-03,1.277904102817598031e-02
8.780487804878047906e-03,3.333333333333333981e-03,4.847533632286994687e-03,1.277904102817598031e-02
8.780487804878047906e-03,3.333333333333333981e-03,4.847533632286994687e-03,1.277904102817598031e-02
8.780487804878047906e-03,3.333333333333333981e-03,4.847533632286994687e-03,1.277904102817598031e-02
8.780487804878047906e-03,3.333333333333333981e-03,4.847533632286994687e-03,1.277904102817598031e-02
8.780487804878047906e-03,3.333333333333333981e-03,4.847533632286994687e-03,1.277904102817598031e-02
8.780487804878047906e-03,3.333333333333333981e-03,4.847533632286994687e-03,1.277904102817598031e-02
8.780487804878047906e-03,3.333333333333333981e-03,4.847533632286994687e-03,1.277904102817598031e-02
8.780487804878047906e-03,3.333333333333333981e-03,4.847533632286994687e-03,1.277904102817598031e-02
8.780487804878047906e-03,3.333333333333333981e-03,4.847533632286994687e-03,1.277904102817598031e-02
8.780487804878047906e-03,3.333333333333333981e-03,4.847533632286994687e-03,1.277904102817598031e-02
8.780487804878047906e-03,3.333333333333333981e-03,4.847533632286994687e-03,1.277904102817598031e-02
8.780487804878047906e-03,3.333333333333333981e-03,4.847533632286994687e-03,1.277904102817598031e-02
8.780487804878047906e-03,3.333333333333333981e-03,4.847533632286994687e-03,1.277904102817598031e-02
8.780487804878047906e-03,3.333333333333333981e-03,4.847533632286994687e-03,1.277904102817598031e-02
8.780487804878047906e-03,3.333333333333333981e-03,4.847533632286994687e-03,1.277904102817598031e-02
8.780487804878047906e-03,3.333333333333333981e-03,4.847533632286994687e-03,1.277904102817598031e-02
8.780487804878047906e-03,3.333333333333333981e-03,4.847533632286994687e-03,1.277904102817598031e-02
8.780487804878047906e-03,3.333333333333333981e-03,4.847533632286994687e-03,1.277904102817598031e-02
8.780487804878047906e-03,3.333333333333333981e-03,4.847533632286994687e-03,1.277904102817598031e-02
8.780487804878047906e-03,3.333333333333333981e-03,4.847533632286994687e-03,1.277904102817598031e-02
8.780487804878047906e-03,3.333333333333333981e-03,4.847533632286994687e-03,1.277904102817598031e-02
8.780487804878047906e-03,3.333333333333333981e-03,4.847533632286994687e-03,1.277904102817598031e-02
8.780487804878047906e-03,3.333333333333333981e-03,4.847533632286994687e-03,1.277904102817598031e-02
8.780487804878047906e-03,3.333333333333333981e-03,4.847533632286994687e-03,1.277904102817598031e-02
8.780487804878047906e-03,3.333333333333333981e-03,4.847533632286994687e-03,1.277904102817598031e-02
8.780487804878047906e-03,3.333333333333333981e-03,4.847533632286994687e-03,1.277904102817598031e-02
8.780487804878047906e-03,3.333333333333333981e-03,4.847533632286994687e-03,1.277904102817598031e-02
8.780487804878047906e-03,3.333333333333333981e-03,4.847533632286994687e-03,1.277904102817598031e-02
8.780487804878047906e-03,3.333333333333333981e-03,4.847533632286994687e-03,1.277904102817598031e-02
8.780487804878047906e-03,3.333333333333333981e-03,4.847533632286994687e-03,1.277904102817598031e-02
8.780487804878047906e-03,3.333333333333333981e-03,4.847533632286994687e-03,1.277904102817598031e-02
8.780487804878047906e-03,3.333333333333333981e-03,4.847533632286994687e-03,1.277904102817598031e-02
8.780487804878047906e-03,3.333333333333333981e-03,4.847533632286994687e-03,1.277904102817598031e-02
8.780487804878047906e-03,3.333333333333333981e-03,4.847533632286994687e-03,1.277904102817598031e-02
8.780487804878047906e-03,3.333333333333333981e-03,4.847533632286994687e-03,1.277904102817598031e-02
8.780487804878047906e-03,3.333333333333333981e-03,4.847533632286994687e-03,1.277904102817598031e-02
8.780487804878047906e-03,3.333333333333333981e-03,4.847533632286994687e-03,1.277904102817598031e-02
8.780487804878047906e-03,3.333333333333333981e-03,4.847533632286994687e-03,1.277904102817598031e-02
8.780487804878047906e-03,3.333333333333333981e-03,4.847533632286994687e-03,1.277904102817598031e-02
8.780487804878047906e-03,3.333333333333333981e-03,4.847533632286994687e-03,1.277904102817598031e-02
8.780487804878047906e-03,3.333333333333333981e-03,4.847533632286994687e-03,1.277904102817598031e-02
8.780487804878047906e-03,3.333333333333333981e-03,4.847533632286994687e-03,1.277904102817598031e-02
8.780487804878047906e-03,3.333333333333333981e-03,4.847533632286994687e-03,1.277904102817598031e-02
8.780487804878047906e-03,3.333333333333333981e-03,4.847533632286994687e-03,1.277904102817598031e-02
8.780487804878047906e-03,3.333333333333333981e-03,4.847533632286994687e-03,1.277904102817598031e-02
8.780487804878047906e-03,3.333333333333333981e-03,4.847533632286994687e-03,1.277904102817598031e-02
8.780487804878047906e-03,3.333333333333333981e-03,4.847533632286994687e-03,1.277904102817598031e-02
8.780487804878047906e-03,3.333333333333333981e-03,4.847533632286994687e-03,1.277904102817598031e-02
8.780487804878047906e-03,3.333333333333333981e-03,4.847533632286994687e-03,1.277904102817598031e-02
8.780487804878047906e-03,3.333333333333333981e-03,4.847533632286994687e-03,1.277904102817598031e-02
8.780487804878047906e-03,3.333333333333333981e-03,4.847533632286994687e-03,1.277904102817598031e-02
8.780487804878047906e-03,3.333333333333333981e-03,4.847533632286994687e-03,1.277904102817598031e-02
8.780487804878047906e-03,3.333333333333333981e-03,4.847533632286994687e-03,1.277904102817598031e-02
8.780487804878047906e-03,3.333333333333333981e-03,4.847533632286994687e-03,1.277904102817598031e-02
8.780487804878047906e-03,3.333333333333333981e-03,4.847533632286994687e-03,1.277904102817598031e-02
8.780487804878047906e-03,3.333333333333333981e-03,4.847533632286994687e-03,1.277904102817598031e-02
8.780487804878047906e-03,3.333333333333333981e-03,4.847533632286994687e-03,1.277904102817598031e-02
8.780487804878047906e-03,3.333333333333333981e-03,4.847533632286994687e-03,1.277904102817598031e-02
8.780487804878047906e-03,3.333333333333333981e-03,4.847533632286994687e-03,1.277904102817598031e-02
8.780487804878047906e-03,3.333333333333333981e-03,4.847533632286994687e-03,1.277904102817598031e-02
8.780487804878047906e-03,3.333333333333333981e-03,4.847533632286994687e-03,1.277904102817598031e-02
8.780487804878047906e-03,3.333333333333333981e-03,4.847533632286994687e-03,1.277904102817598031e-02
8.780487804878047906e-03,3.333333333333333981e-03,4.847533632286994687e-03,1.277904102817598031e-02
8.780487804878047906e-03,3.333333333333333981e-03,4.847533632286994687e-03,1.277904102817598031e-02
8.780487804878047906e-03,3.333333333333333981e-03,4.847533632286994687e-03,1.277904102817598031e-02
8.780487804878047906e-03,3.333333333333333981e-03,4.847533632286994687e-03,1.277904102817598031e-02
8.780487804878047906e-03,3.333333333333333981e-03,4.847533632286994687e-03,1.277904102817598031e-02
8.780487804878047906e-03,3.333333333333333981e-03,4.847533632286994687e-03,1.277904102817598031e-02
8.780487804878047906e-03,3.333333333333333981e-03,4.847533632286994687e-03,1.277904102817598031e-02
8.780487804878047906e-03,3.333333333333333981e-03,4.847533632286994687e-03,1.277904102817598031e-02
8.780487804878047906e-03,3.333333333333333981e-03,4.847533632286994687e-03,1.277904102817598031e-02
8.780487804878047906e-03,3.333333333333333981e-03,4.847533632286994687e-03,1.277904102817598031e-02
8.780487804878047906e-03,3.333333333333333981e-03,4.847533632286994687e-03,1.277904102817598031e-02
8.780487804878047906e-03,3.333333333333333981e-03,4.847533632286994687e-03,1.277904102817598031e-02
8.780487804878047906e-03,3.333333333333333981e-03,4.847533632286994687e-03,1.277904102817598031e-02
8.780487804878047906e-03,3.333333333333333981e-03,4.847533632286994687e-03,1.277904102817598031e-02
8.780487804878047906e-03,3.333333333333333981e-03,4.847533632286994687e-03,1.277904102817598031e-02
8.780487804878047906e-03,3.333333333333333981e-03,4.847533632286994687e-03,1.277904102817598031e-02
8.780487804878047906e-03,3.333333333333333981e-03,4.847533632286994687e-03,1.277904102817598031e-02
8.780487804878047906e-03,3.333333333333333981e-03,4.847533632286994687e-03,1.277904102817598031e-02
8.780487804878047906e-03,3.333333333333333981e-03,4.847533632286994687e-03,1.277904102817598031e-02
8.780487804878047906e-03,3.333333333333333981e-03,4.847533632286994687e-03,1.277904102817598031e-02
8.780487804878047906e-03,3.333333333333333981e-03,4.847533632286994687e-03,1.277904102817598031e-02
8.780487804878047906e-03,3.333333333333333981e-03,4.847533632286994687e-03,1.277904102817598031e-02
8.780487804878047906e-03,3.333333333333333981e-03,4.847533632286994687e-03,1.277904102817598031e-02
8.780487804878047906e-03,3.333333333333333981e-03,4.847533632286994687e-03,1.277904102817598031e-02
8.780487804878047906e-03,3.333333333333333981e-03,4.847533632286994687e-03,1.277904102817598031e-02
8.780487804878047906e-03,3.333333333333333981e-03,4.847533632286994687e-03,1.277904102817598031e-02
8.780487804878047906e-03,3.333333333333333981e-03,4.847533632286994687e-03,1.277904102817598031e-02
8.780487804878047906e-03,3.333333333333333981e-03,4.847533632286994687e-03,1.277904102817598031e-02
8.780487804878047906e-03,3.333333333333333981e-03,4.847533632286994687e-03,1.277904102817598031e-02
8.780487804878047906e-03,3.333333333333333981e-03,4.847533632286994687e-03,1.277904102817598031e-02
8.780487804878047906e-03,3.333333333333333981e-03,4.847533632286994687e-03,1.277904102817598031e-02
8.780487804878047906e-03,3.333333333333333981e-03,4.847533632286994687e-03,1.277904102817598031e-02
8.780487804878047906e-03,3.333333333333333981e-03,4.847533632286994687e-03,1.277904102817598031e-02
8.780487804878047906e-03,3.333333333333333981e-03,4.847533632286994687e-03,1.277904102817598031e-02
8.780487804878047906e-03,3.333333333333333981e-03,4.847533632286994687e-03,1.277904102817598031e-02
8.780487804878047906e-03,3.333333333333333981e-03,4.847533632286994687e-03,1.277904102817598031e-02
8.780487804878047906e-03,3.333333333333333981e-03,4.847533632286994687e-03,1.277904102817598031e-02
8.780487804878047906e-03,3.333333333333333981e-03,4.847533632286994687e-03,1.277904102817598031e-02
8.780487804878047906e-03,3.333333333333333981e-03,4.847533632286994687e-03,1.277904102817598031e-02
8.780487804878047906e-03,3.333333333333333981e-03,4.847533632286994687e-03,1.277904102817598031e-02
8.780487804878047906e-03,3.333333333333333981e-03,4.847533632286994687e-03,1.277904102817598031e-02
8.780487804878047906e-03,3.333333333333333981e-03,4.847533632286994687e-03,1.277904102817598031e-02
8.780487804878047906e-03,3.333333333333333981e-03,4.847533632286994687e-03,1.277904102817598031e-02
8.780487804878047906e-03,3.333333333333333981e-03,4.847533632286994687e-03,1.277904102817598031e-02
8.780487804878047906e-03,3.333333333333333981e-03,4.847533632286994687e-03,1.277904102817598031e-02
8.780487804878047906e-03,3.333333333333333981e-03,4.847533632286994687e-03,1.277904102817598031e-02
8.780487804878047906e-03,3.333333333333333981e-03,4.847533632286994687e-03,1.277904102817598031e-02
8.780487804878047906e-03,3.333333333333333981e-03,4.847533632286994687e-03,1.277904102817598031e-02
8.780487804878047906e-03,3.333333333333333981e-03,4.847533632286994687e-03,1.277904102817598031e-02
8.780487804878047906e-03,3.333333333333333981e-03,4.847533632286994687e-03,1.277904102817598031e-02
8.780487804878047906e-03,3.333333333333333981e-03,4.847533632286994687e-03,1.277904102817598031e-02
8.780487804878047906e-03,3.333333333333333981e-03,4.847533632286994687e-03,1.277904102817598031e-02
8.780487804878047906e-03,3.333333333333333981e-03,4.847533632286994687e-03,1.277904102817598031e-02
8.780487804878047906e-03,3.333333333333333981e-03,4.847533632286994687e-03,1.277904102817598031e-02
8.780487804878047906e-03,3.333333333333333981e-03,4.847533632286994687e-03,1.277904102817598031e-02
8.780487804878047906e-03,3.333333333333333981e-03,4.847533632286994687e-03,1.277904102817598031e-02
8.780487804878047906e-03,3.333333333333333981e-03,4.847533632286994687e-03,1.277904102817598031e-02
8.780487804878047906e-03,3.333333333333333981e-03,4.847533632286994687e-03,1.277904102817598031e-02
8.780487804878047906e-03,3.333333333333333981e-03,4.847533632286994687e-03,1.277904102817598031e-02
8.780487804878047906e-03,3.333333333333333981e-03,4.847533632286994687e-03,1.277904102817598031e-02
8.780487804878047906e-03,3.333333333333333981e-03,4.847533632286994687e-03,1.277904102817598031e-02
8.780487804878047906e-03,3.333333333333333981e-03,4.847533632286994687e-03,1.277904102817598031e-02
8.780487804878047906e-03,3.333333333333333981e-03,4.847533632286994687e-03,1.277904102817598031e-02
8.780487804878047906e-03,3.333333333333333981e-03,4.847533632286994687e-03,1.277904102817598031e-02
8.780487804878047906e-03,3.333333333333333981e-03,4.847533632286994687e-03,1.277904102817598031e-02
8.780487804878047906e-03,3.333333333333333981e-03,4.847533632286994687e-03,1.277904102817598031e-02
8.780487804878047906e-03,3.333333333333333981e-03,4.847533632286994687e-03,1.277904102817598031e-02
8.780487804878047906e-03,3.333333333333333981e-03,4.847533632286994687e-03,1.277904102817598031e-02
8.780487804878047906e-03,3.333333333333333981e-03,4.847533632286994687e-03,1.277904102817598031e-02
8.780487804878047906e-03,3.333333333333333981e-03,4.847533632286994687e-03,1.277904102817598031e-02
8.780487804878047906e-03,3.333333333333333981e-03,4.847533632286994687e-03,1.277904102817598031e-02
8.780487804878047906e-03,3.333333333333333981e-03,4.847533632286994687e-03,1.277904102817598031e-02
8.780487804878047906e-03,3.333333333333333981e-03,4.847533632286994687e-03,1.277904102817598031e-02
8.780487804878047906e-03,3.333333333333333981e-03,4.847533632286994687e-03,1.277904102817598031e-02
8.780487804878047906e-03,3.333333333333333981e-03,4.847533632286994687e-03,1.277904102817598031e-02
8.780487804878047906e-03,3.333333333333333981e-03,4.847533632286994687e-03,1.277904102817598031e-02
8.780487804878047906e-03,3.333333333333333981e-03,4.847533632286994687e-03,1.277904102817598031e-02
8.780487804878047906e-03,3.333333333333333981e-03,4.847533632286994687e-03,1.277904102817598031e-02
8.780487804878047906e-03,3.333333333333333981e-03,4.847533632286994687e-03,1.277904102817598031e-02
8.780487804878047906e-03,3.333333333333333981e-03,4.847533632286994687e-03,1.277904102817598031e-02
8.780487804878047906e-03,3.333333333333333981e-03,4.847533632286994687e-03,1.277904102817598031e-02
8.780487804878047906e-03,3.333333333333333981e-03,4.847533632286994687e-03,1.277904102817598031e-02
8.780487804878047906e-03,3.333333333333333981e-03,4.847533632286994687e-03,1.277904102817598031e-02
8.780487804878047906e-03,3.333333333333333981e-03,4.847533632286994687e-03,1.277904102817598031e-02
8.780487804878047906e-03,3.333333333333333981e-03,4.847533632286994687e-03,1.277904102817598031e-02
8.780487804878047906e-03,3.333333333333333981e-03,4.847533632286994687e-03,1.277904102817598031e-02
8.780487804878047906e-03,3.333333333333333981e-03,4.847533632286994687e-03,1.277904102817598031e-02
8.780487804878047906e-03,3.333333333333333981e-03,4.847533632286994687e-03,1.277904102817598031e-02
8.780487804878047906e-03,3.333333333333333981e-03,4.847533632286994687e-03,1.277904102817598031e-02
8.780487804878047906e-03,3.333333333333333981e-03,4.847533632286994687e-03,1.277904102817598031e-02
8.780487804878047906e-03,3.333333333333333981e-03,4.847533632286994687e-03,1.277904102817598031e-02
8.780487804878047906e-03,3.333333333333333981e-03,4.847533632286994687e-03,1.277904102817598031e-02
8.780487804878047906e-03,3.333333333333333981e-03,4.847533632286994687e-03,1.277904102817598031e-02
8.780487804878047906e-03,3.333333333333333981e-03,4.847533632286994687e-03,1.277904102817598031e-02
8.780487804878047906e-03,3.333333333333333981e-03,4.847533632286994687e-03,1.277904102817598031e-02
8.780487804878047906e-03,3.333333333333333981e-03,4.847533632286994687e-03,1.277904102817598031e-02
8.780487804878047906e-03,3.333333333333333981e-03,4.847533632286994687e-03,1.277904102817598031e-02
8.780487804878047906e-03,3.333333333333333981e-03,4.847533632286994687e-03,1.277904102817598031e-02
8.780487804878047906e-03,3.333333333333333981e-03,4.847533632286994687e-03,1.277904102817598031e-02
8.780487804878047906e-03,3.333333333333333981e-03,4.847533632286994687e-03,1.277904102817598031e-02
8.780487804878047906e-03,3.333333333333333981e-03,4.847533632286994687e-03,1.277904102817598031e-02
8.780487804878047906e-03,3.333333333333333981e-03,4.847533632286994687e-03,1.277904102817598031e-02
8.780487804878047906e-03,3.333333333333333981e-03,4.847533632286994687e-03,1.277904102817598031e-02
8.780487804878047906e-03,3.333333333333333981e-03,4.847533632286994687e-03,1.277904102817598031e-02
8.780487804878047906e-03,3.333333333333333981e-03,4.847533632286994687e-03,1.277904102817598031e-02
8.780487804878047906e-03,3.333333333333333981e-03,4.847533632286994687e-03,1.277904102817598031e-02
8.780487804878047906e-03,3.333333333333333981e-03,4.847533632286994687e-03,1.277904102817598031e-02
8.780487804878047906e-03,3.333333333333333981e-03,4.847533632286994687e-03,1.277904102817598031e-02
8.780487804878047906e-03,3.333333333333333981e-03,4.847533632286994687e-03,1.277904102817598031e-02
8.780487804878047906e-03,3.333333333333333981e-03,4.847533632286994687e-03,1.277904102817598031e-02
8.780487804878047906e-03,3.333333333333333981e-03,4.847533632286994687e-03,1.277904102817598031e-02
8.780487804878047906e-03,3.333333333333333981e-03,4.847533632286994687e-03,1.277904102817598031e-02
8.780487804878047906e-03,3.333333333333333981e-03,4.847533632286994687e-03,1.277904102817598031e-02
8.780487804878047906e-03,3.333333333333333981e-03,4.847533632286994687e-03,1.277904102817598031e-02
8.780487804878047906e-03,3.333333333333333981e-03,4.847533632286994687e-03,1.277904102817598031e-02
8.780487804878047906e-03,3.333333333333333981e-03,4.847533632286994687e-03,1.277904102817598031e-02
8.780487804878047906e-03,3.333333333333333981e-03,4.847533632286994687e-03,1.277904102817598031e-02
8.780487804878047906e-03,3.333333333333333981e-03,4.847533632286994687e-03,1.277904102817598031e-02
8.780487804878047906e-03,3.333333333333333981e-03,4.847533632286994687e-03,1.277904102817598031e-02
8.780487804878047906e-03,3.333333333333333981e-03,4.847533632286994687e-03,1.277904102817598031e-02
8.780487804878047906e-03,3.333333333333333981e-03,4.847533632286994687e-03,1.277904102817598031e-02
8.780487804878047906e-03,3.333333333333333981e-03,4.847533632286994687e-03,1.277904102817598031e-02
8.780487804878047906e-03,3.333333333333333981e-03,4.847533632286994687e-03,1.277904102817598031e-02
8.780487804878047906e-03,3.333333333333333981e-03,4.847533632286994687e-03,1.277904102817598031e-02
8.780487804878047906e-03,3.333333333333333981e-03,4.847533632286994687e-03,1.277904102817598031e-02
8.780487804878047906e-03,3.333333333333333981e-03,4.847533632286994687e-03,1.277904102817598031e-02
8.780487804878047906e-03,3.333333333333333981e-03,4.847533632286994687e-03,1.277904102817598031e-02
8.780487804878047906e-03,3.333333333333333981e-03,4.847533632286994687e-03,1.277904102817598031e-02
8.780487804878047906e-03,3.333333333333333981e-03,4.847533632286994687e-03,1.277904102817598031e-02
8.780487804878047906e-03,3.333333333333333981e-03,4.847533632286994687e-03,1.277904102817598031e-02
8.780487804878047906e-03,3.333333333333333981e-03,4.847533632286994687e-03,1.277904102817598031e-02
8.780487804878047906e-03,3.333333333333333981e-03,4.847533632286994687e-03,1.277904102817598031e-02
8.780487804878047906e-03,3.333333333333333981e-03,4.847533632286994687e-03,1.277904102817598031e-02
8.780487804878047906e-03,3.333333333333333981e-03,4.847533632286994687e-03,1.277904102817598031e-02
8.780487804878047906e-03,3.333333333333333981e-03,4.847533632286994687e-03,1.277904102817598031e-02
8.780487804878047906e-03,3.333333333333333981e-03,4.847533632286994687e-03,1.277904102817598031e-02
8.780487804878047906e-03,3.333333333333333981e-03,4.847533632286994687e-03,1.277904102817598031e-02
8.780487804878047906e-03,3.333333333333333981e-03,4.847533632286994687e-03,1.277904102817598031e-02
8.780487804878047906e-03,3.333333333333333981e-03,4.847533632286994687e-03,1.277904102817598031e-02
8.780487804878047906e-03,3.333333333333333981e-03,4.847533632286994687e-03,1.277904102817598031e-02
8.780487804878047906e-03,3.333333333333333981e-03,4.847533632286994687e-03,1.277904102817598031e-02
8.780487804878047906e-03,3.333333333333333981e-03,4.847533632286994687e-03,1.277904102817598031e-02
8.780487804878047906e-03,3.333333333333333981e-03,4.847533632286994687e-03,1.277904102817598031e-02
8.780487804878047906e-03,3.333333333333333981e-03,4.847533632286994687e-03,1.277904102817598031e-02
8.780487804878047906e-03,3.333333333333333981e-03,4.847533632286994687e-03,1.277904102817598031e-02
8.780487804878047906e-03,3.333333333333333981e-03,4.847533632286994687e-03,1.277904102817598031e-02
8.780487804878047906e-03,3.333333333333333981e-03,4.847533632286994687e-03,1.277904102817598031e-02
8.780487804878047906e-03,3.333333333333333981e-03,4.847533632286994687e-03,1.277904102817598031e-02
8.780487804878047906e-03,3.333333333333333981e-03,4.847533632286994687e-03,1.277904102817598031e-02
8.780487804878047906e-03,3.333333333333333981e-03,4.847533632286994687e-03,1.277904102817598031e-02
8.780487804878047906e-03,3.333333333333333981e-03,4.847533632286994687e-03,1.277904102817598031e-02
8.780487804878047906e-03,3.333333333333333981e-03,4.847533632286994687e-03,1.277904102817598031e-02
8.780487804878047906e-03,3.333333333333333981e-03,4.847533632286994687e-03,1.277904102817598031e-02
8.780487804878047906e-03,3.333333333333333981e-03,4.847533632286994687e-03,1.277904102817598031e-02
8.780487804878047906e-03,3.333333333333333981e-03,4.847533632286994687e-03,1.277904102817598031e-02
8.780487804878047906e-03,3.333333333333333981e-03,4.847533632286994687e-03,1.277904102817598031e-02
8.780487804878047906e-03,3.333333333333333981e-03,4.847533632286994687e-03,1.277904102817598031e-02
8.780487804878047906e-03,3.333333333333333981e-03,4.847533632286994687e-03,1.277904102817598031e-02
8.780487804878047906e-03,3.333333333333333981e-03,4.847533632286994687e-03,1.277904102817598031e-02
8.780487804878047906e-03,3.333333333333333981e-03,4.847533632286994687e-03,1.277904102817598031e-02
8.780487804878047906e-03,3.333333333333333981e-03,4.847533632286994687e-03,1.277904102817598031e-02
8.780487804878047906e-03,3.333333333333333981e-03,4.847533632286994687e-03,1.277904102817598031e-02
8.780487804878047906e-03,3.333333333333333981e-03,4.847533632286994687e-03,1.277904102817598031e-02
8.780487804878047906e-03,3.333333333333333981e-03,4.847533632286994687e-03,1.277904102817598031e-02
8.780487804878047906e-03,3.333333333333333981e-03,4.847533632286994687e-03,1.277904102817598031e-02
8.780487804878047906e-03,3.333333333333333981e-03,4.847533632286994687e-03,1.277904102817598031e-02
8.780487804878047906e-03,3.333333333333333981e-03,4.847533632286994687e-03,1.277904102817598031e-02
8.780487804878047906e-03,3.333333333333333981e-03,4.847533632286994687e-03,1.277904102817598031e-02
8.780487804878047906e-03,3.333333333333333981e-03,4.847533632286994687e-03,1.277904102817598031e-02
8.780487804878047906e-03,3.333333333333333981e-03,4.847533632286994687e-03,1.277904102817598031e-02
8.780487804878047906e-03,3.333333333333333981e-03,4.847533632286994687e-03,1.277904102817598031e-02
8.780487804878047906e-03,3.333333333333333981e-03,4.847533632286994687e-03,1.277904102817598031e-02
8.780487804878047906e-03,3.333333333333333981e-03,4.847533632286994687e-03,1.277904102817598031e-02
8.780487804878047906e-03,3.333333333333333981e-03,4.847533632286994687e-03,1.277904102817598031e-02
8.780487804878047906e-03,3.333333333333333981e-03,4.847533632286994687e-03,1.277904102817598031e-02
8.780487804878047906e-03,3.333333333333333981e-03,4.847533632286994687e-03,1.277904102817598031e-02
8.780487804878047906e-03,3.333333333333333981e-03,4.847533632286994687e-03,1.277904102817598031e-02
8.780487804878047906e-03,3.333333333333333981e-03,4.847533632286994687e-03,1.277904102817598031e-02
8.780487804878047906e-03,3.333333333333333981e-03,4.847533632286994687e-03,1.277904102817598031e-02
8.780487804878047906e-03,3.333333333333333981e-03,4.847533632286994687e-03,1.277904102817598031e-02
8.780487804878047906e-03,3.333333333333333981e-03,4.847533632286994687e-03,1.277904102817598031e-02
8.780487804878047906e-03,3.333333333333333981e-03,4.847533632286994687e-03,1.277904102817598031e-02
8.780487804878047906e-03,3.333333333333333981e-03,4.847533632286994687e-03,1.277904102817598031e-02
8.780487804878047906e-03,3.333333333333333981e-03,4.847533632286994687e-03,1.277904102817598031e-02
8.780487804878047906e-03,3.333333333333333981e-03,4.847533632286994687e-03,1.277904102817598031e-02
8.780487804878047906e-03,3.333333333333333981e-03,4.847533632286994687e-03,1.277904102817598031e-02
8.780487804878047906e-03,3.333333333333333981e-03,4.847533632286994687e-03,1.277904102817598031e-02
8.780487804878047906e-03,3.333333333333333981e-03,4.847533632286994687e-03,1.277904102817598031e-02
8.780487804878047906e-03,3.333333333333333981e-03,4.847533632286994687e-03,1.277904102817598031e-02
8.780487804878047906e-03,3.333333333333333981e-03,4.847533632286994687e-03,1.277904102817598031e-02
8.780487804878047906e-03,3.333333333333333981e-03,4.847533632286994687e-03,1.277904102817598031e-02
8.780487804878047906e-03,3.333333333333333981e-03,4.847533632286994687e-03,1.277904102817598031e-02
8.780487804878047906e-03,3.333333333333333981e-03,4.847533632286994687e-03,1.277904102817598031e-02
8.780487804878047906e-03,3.333333333333333981e-03,4.847533632286994687e-03,1.277904102817598031e-02
8.780487804878047906e-03,3.333333333333333981e-03,4.847533632286994687e-03,1.277904102817598031e-02
8.780487804878047906e-03,3.333333333333333981e-03,4.847533632286994687e-03,1.277904102817598031e-02
8.780487804878047906e-03,3.333333333333333981e-03,4.847533632286994687e-03,1.277904102817598031e-02
8.780487804878047906e-03,3.333333333333333981e-03,4.847533632286994687e-03,1.277904102817598031e-02
8.780487804878047906e-03,3.333333333333333981e-03,4.847533632286994687e-03,1.277904102817598031e-02
8.780487804878047906e-03,3.333333333333333981e-03,4.847533632286994687e-03,1.277904102817598031e-02
8.780487804878047906e-03,3.333333333333333981e-03,4.847533632286994687e-03,1.277904102817598031e-02
8.780487804878047906e-03,3.333333333333333981e-03,4.847533632286994687e-03,1.277904102817598031e-02
8.780487804878047906e-03,3.333333333333333981e-03,4.847533632286994687e-03,1.277904102817598031e-02
8.780487804878047906e-03,3.333333333333333981e-03,4.847533632286994687e-03,1.277904102817598031e-02
8.780487804878047906e-03,3.333333333333333981e-03,4.847533632286994687e-03,1.277904102817598031e-02
8.780487804878047906e-03,3.333333333333333981e-03,4.847533632286994687e-03,1.277904102817598031e-02
8.780487804878047906e-03,3.333333333333333981e-03,4.847533632286994687e-03,1.277904102817598031e-02
8.780487804878047906e-03,3.333333333333333981e-03,4.847533632286994687e-03,1.277904102817598031e-02
8.780487804878047906e-03,3.333333333333333981e-03,4.847533632286994687e-03,1.277904102817598031e-02
8.780487804878047906e-03,3.333333333333333981e-03,4.847533632286994687e-03,1.277904102817598031e-02
8.780487804878047906e-03,3.333333333333333981e-03,4.847533632286994687e-03,1.277904102817598031e-02
8.780487804878047906e-03,3.333333333333333981e-03,4.847533632286994687e-03,1.277904102817598031e-02
8.780487804878047906e-03,3.333333333333333981e-03,4.847533632286994687e-03,1.277904102817598031e-02
8.780487804878047906e-03,3.333333333333333981e-03,4.847533632286994687e-03,1.277904102817598031e-02
8.780487804878047906e-03,3.333333333333333981e-03,4.847533632286994687e-03,1.277904102817598031e-02
8.780487804878047906e-03,3.333333333333333981e-03,4.847533632286994687e-03,1.277904102817598031e-02
8.780487804878047906e-03,3.333333333333333981e-03,4.847533632286994687e-03,1.277904102817598031e-02
8.780487804878047906e-03,3.333333333333333981e-03,4.847533632286994687e-03,1.277904102817598031e-02
8.780487804878047906e-03,3.333333333333333981e-03,4.847533632286994687e-03,1.277904102817598031e-02
8.780487804878047906e-03,3.333333333333333981e-03,4.847533632286994687e-03,1.277904102817598031e-02
8.780487804878047906e-03,3.333333333333333981e-03,4.847533632286994687e-03,1.277904102817598031e-02
8.780487804878047906e-03,3.333333333333333981e-03,4.847533632286994687e-03,1.277904102817598031e-02
8.780487804878047906e-03,3.333333333333333981e-03,4.847533632286994687e-03,1.277904102817598031e-02
8.780487804878047906e-03,3.333333333333333981e-03,4.847533632286994687e-03,1.277904102817598031e-02
8.780487804878047906e-03,3.333333333333333981e-03,4.847533632286994687e-03,1.277904102817598031e-02
8.780487804878047906e-03,3.333333333333333981e-03,4.847533632286994687e-03,1.277904102817598031e-02
8.780487804878047906e-03,3.333333333333333981e-03,4.847533632286994687e-03,1.277904102817598031e-02
8.780487804878047906e-03,3.333333333333333981e-03,4.847533632286994687e-03,1.277904102817598031e-02
8.780487804878047906e-03,3.333333333333333981e-03,4.847533632286994687e-03,1.277904102817598031e-02
8.780487804878047906e-03,3.333333333333333981e-03,4.847533632286994687e-03,1.277904102817598031e-02
8.780487804878047906e-03,3.333333333333333981e-03,4.847533632286994687e-03,1.277904102817598031e-02
8.780487804878047906e-03,3.333333333333333981e-03,4.847533632286994687e-03,1.277904102817598031e-02
8.780487804878047906e-03,3.333333333333333981e-03,4.847533632286994687e-03,1.277904102817598031e-02
8.780487804878047906e-03,3.333333333333333981e-03,4.847533632286994687e-03,1.277904102817598031e-02
8.780487804878047906e-03,3.333333333333333981e-03,4.847533632286994687e-03,1.277904102817598031e-02
8.780487804878047906e-03,3.333333333333333981e-03,4.847533632286994687e-03,1.277904102817598031e-02
8.780487804878047906e-03,3.333333333333333981e-03,4.847533632286994687e-03,1.277904102817598031e-02
8.780487804878047906e-03,3.333333333333333981e-03,4.847533632286994687e-03,1.277904102817598031e-02
8.780487804878047906e-03,3.333333333333333981e-03,4.847533632286994687e-03,1.277904102817598031e-02
8.780487804878047906e-03,3.333333333333333981e-03,4.847533632286994687e-03,1.277904102817598031e-02
8.780487804878047906e-03,3.333333333333333981e-03,4.847533632286994687e-03,1.277904102817598031e-02
8.780487804878047906e-03,3.333333333333333981e-03,4.847533632286994687e-03,1.277904102817598031e-02
8.780487804878047906e-03,3.333333333333333981e-03,4.847533632286994687e-03,1.277904102817598031e-02
8.780487804878047906e-03,3.333333333333333981e-03,4.847533632286994687e-03,1.277904102817598031e-02
8.780487804878047906e-03,3.333333333333333981e-03,4.847533632286994687e-03,1.277904102817598031e-02
8.780487804878047906e-03,3.333333333333333981e-03,4.847533632286994687e-03,1.277904102817598031e-02
8.780487804878047906e-03,3.333333333333333981e-03,4.847533632286994687e-03,1.277904102817598031e-02
8.780487804878047906e-03,3.333333333333333981e-03,4.847533632286994687e-03,1.277904102817598031e-02
8.780487804878047906e-03,3.333333333333333981e-03,4.847533632286994687e-03,1.277904102817598031e-02
8.780487804878047906e-03,3.333333333333333981e-03,4.847533632286994687e-03,1.277904102817598031e-02
8.780487804878047906e-03,3.333333333333333981e-03,4.847533632286994687e-03,1.277904102817598031e-02
8.780487804878047906e-03,3.333333333333333981e-03,4.847533632286994687e-03,1.277904102817598031e-02
8.780487804878047906e-03,3.333333333333333981e-03,4.847533632286994687e-03,1.277904102817598031e-02
8.780487804878047906e-03,3.333333333333333981e-03,4.847533632286994687e-03,1.277904102817598031e-02
8.780487804878047906e-03,3.333333333333333981e-03,4.847533632286994687e-03,1.277904102817598031e-02
8.780487804878047906e-03,3.333333333333333981e-03,4.847533632286994687e-03,1.277904102817598031e-02
8.780487804878047906e-03,3.333333333333333981e-03,4.847533632286994687e-03,1.277904102817598031e-02
8.780487804878047906e-03,3.333333333333333981e-03,4.847533632286994687e-03,1.277904102817598031e-02
8.780487804878047906e-03,3.333333333333333981e-03,4.847533632286994687e-03,1.277904102817598031e-02
8.780487804878047906e-03,3.333333333333333981e-03,4.847533632286994687e-03,1.277904102817598031e-02
8.780487804878047906e-03,3.333333333333333981e-03,4.847533632286994687e-03,1.277904102817598031e-02
8.780487804878047906e-03,3.333333333333333981e-03,4.847533632286994687e-03,1.277904102817598031e-02
8.780487804878047906e-03,3.333333333333333981e-03,4.847533632286994687e-03,1.277904102817598031e-02
8.780487804878047906e-03,3.333333333333333981e-03,4.847533632286994687e-03,1.277904102817598031e-02
8.780487804878047906e-03,3.333333333333333981e-03,4.847533632286994687e-03,1.277904102817598031e-02
8.780487804878047906e-03,3.333333333333333981e-03,4.847533632286994687e-03,1.277904102817598031e-02
8.780487804878047906e-03,3.333333333333333981e-03,4.847533632286994687e-03,1.277904102817598031e-02
8.780487804878047906e-03,3.333333333333333981e-03,4.847533632286994687e-03,1.277904102817598031e-02
8.780487804878047906e-03,3.333333333333333981e-03,4.847533632286994687e-03,1.277904102817598031e-02
8.780487804878047906e-03,3.333333333333333981e-03,4.847533632286994687e-03,1.277904102817598031e-02
8.780487804878047906e-03,3.333333333333333981e-03,4.847533632286994687e-03,1.277904102817598031e-02
8.780487804878047906e-03,3.333333333333333981e-03,4.847533632286994687e-03,1.277904102817598031e-02
8.780487804878047906e-03,3.333333333333333981e-03,4.847533632286994687e-03,1.277904102817598031e-02
8.780487804878047906e-03,3.333333333333333981e-03,4.847533632286994687e-03,1.277904102817598031e-02
8.780487804878047906e-03,3.333333333333333981e-03,4.847533632286994687e-03,1.277904102817598031e-02
8.780487804878047906e-03,3.333333333333333981e-03,4.847533632286994687e-03,1.277904102817598031e-02
8.780487804878047906e-03,3.333333333333333981e-03,4.847533632286994687e-03,1.277904102817598031e-02
8.780487804878047906e-03,3.333333333333333981e-03,4.847533632286994687e-03,1.277904102817598031e-02
8.780487804878047906e-03,3.333333333333333981e-03,4.847533632286994687e-03,1.277904102817598031e-02
8.780487804878047906e-03,3.333333333333333981e-03,4.847533632286994687e-03,1.277904102817598031e-02
8.780487804878047906e-03,3.333333333333333981e-03,4.847533632286994687e-03,1.277904102817598031e-02
8.780487804878047906e-03,3.333333333333333981e-03,4.847533632286994687e-03,1.277904102817598031e-02
8.780487804878047906e-03,3.333333333333333981e-03,4.847533632286994687e-03,1.277904102817598031e-02
8.780487804878047906e-03,3.333333333333333981e-03,4.847533632286994687e-03,1.277904102817598031e-02
8.780487804878047906e-03,3.333333333333333981e-03,4.847533632286994687e-03,1.277904102817598031e-02
8.780487804878047906e-03,3.333333333333333981e-03,4.847533632286994687e-03,1.277904102817598031e-02
8.780487804878047906e-03,3.333333333333333981e-03,4.847533632286994687e-03,1.277904102817598031e-02
8.780487804878047906e-03,3.333333333333333981e-03,4.847533632286994687e-03,1.277904102817598031e-02
8.780487804878047906e-03,3.333333333333333981e-03,4.847533632286994687e-03,1.277904102817598031e-02
8.780487804878047906e-03,3.333333333333333981e-03,4.847533632286994687e-03,1.277904102817598031e-02
8.780487804878047906e-03,3.333333333333333981e-03,4.847533632286994687e-03,1.277904102817598031e-02
8.780487804878047906e-03,3.333333333333333981e-03,4.847533632286994687e-03,1.277904102817598031e-02
8.780487804878047906e-03,3.333333333333333981e-03,4.847533632286994687e-03,1.277904102817598031e-02
8.780487804878047906e-03,3.333333333333333981e-03,4.847533632286994687e-03,1.277904102817598031e-02
8.780487804878047906e-03,3.333333333333333981e-03,4.847533632286994687e-03,1.277904102817598031e-02
8.780487804878047906e-03,3.333333333333333981e-03,4.847533632286994687e-03,1.277904102817598031e-02
8.780487804878047906e-03,3.333333333333333981e-03,4.847533632286994687e-03,1.277904102817598031e-02
8.780487804878047906e-03,3.333333333333333981e-03,4.847533632286994687e-03,1.277904102817598031e-02
8.780487804878047906e-03,3.333333333333333981e-03,4.847533632286994687e-03,1.277904102817598031e-02
8.780487804878047906e-03,3.333333333333333981e-03,4.847533632286994687e-03,1.277904102817598031e-02
8.780487804878047906e-03,3.333333333333333981e-03,4.847533632286994687e-03,1.277904102817598031e-02
8.780487804878047906e-03,3.333333333333333981e-03,4.847533632286994687e-03,1.277904102817598031e-02
8.780487804878047906e-03,3.333333333333333981e-03,4.847533632286994687e-03,1.277904102817598031e-02
8.780487804878047906e-03,3.333333333333333981e-03,4.847533632286994687e-03,1.277904102817598031e-02
8.780487804878047906e-03,3.333333333333333981e-03,4.847533632286994687e-03,1.277904102817598031e-02
8.780487804878047906e-03,3.333333333333333981e-03,4.847533632286994687e-03,1.277904102817598031e-02
8.780487804878047906e-03,3.333333333333333981e-03,4.847533632286994687e-03,1.277904102817598031e-02
8.780487804878047906e-03,3.333333333333333981e-03,4.847533632286994687e-03,1.277904102817598031e-02
8.780487804878047906e-03,3.333333333333333981e-03,4.847533632286994687e-03,1.277904102817598031e-02
8.780487804878047906e-03,3.333333333333333981e-03,4.847533632286994687e-03,1.277904102817598031e-02
8.780487804878047906e-03,3.333333333333333981e-03,4.847533632286994687e-03,1.277904102817598031e-02
8.780487804878047906e-03,3.333333333333333981e-03,4.847533632286994687e-03,1.277904102817598031e-02
8.780487804878047906e-03,3.333333333333333981e-03,4.847533632286994687e-03,1.277904102817598031e-02
8.780487804878047906e-03,3.333333333333333981e-03,4.847533632286994687e-03,1.277904102817598031e-02
8.780487804878047906e-03,3.333333333333333981e-03,4.847533632286994687e-03,1.277904102817598031e-02
8.780487804878047906e-03,3.333333333333333981e-03,4.847533632286994687e-03,1.277904102817598031e-02
8.780487804878047906e-03,3.333333333333333981e-03,4.847533632286994687e-03,1.277904102817598031e-02
8.780487804878047906e-03,3.333333333333333981e-03,4.847533632286994687e-03,1.277904102817598031e-02
8.780487804878047906e-03,3.333333333333333981e-03,4.847533632286994687e-03,1.277904102817598031e-02
8.780487804878047906e-03,3.333333333333333981e-03,4.847533632286994687e-03,1.277904102817598031e-02
8.780487804878047906e-03,3.333333333333333981e-03,4.847533632286994687e-03,1.277904102817598031e-02
8.780487804878047906e-03,3.333333333333333981e-03,4.847533632286994687e-03,1.277904102817598031e-02
8.780487804878047906e-03,3.333333333333333981e-03,4.847533632286994687e-03,1.277904102817598031e-02
8.780487804878047906e-03,3.333333333333333981e-03,4.847533632286994687e-03,1.277904102817598031e-02
8.780487804878047906e-03,3.333333333333333981e-03,4.847533632286994687e-03,1.277904102817598031e-02
8.780487804878047906e-03,3.333333333333333981e-03,4.847533632286994687e-03,1.277904102817598031e-02
8.780487804878047906e-03,3.333333333333333981e-03,4.847533632286994687e-03,1.277904102817598031e-02
8.780487804878047906e-03,3.333333333333333981e-03,4.847533632286994687e-03,1.277904102817598031e-02
8.780487804878047906e-03,3.333333333333333981e-03,4.847533632286994687e-03,1.277904102817598031e-02
8.780487804878047906e-03,3.333333333333333981e-03,4.847533632286994687e-03,1.277904102817598031e-02
8.780487804878047906e-03,3.333333333333333981e-03,4.847533632286994687e-03,1.277904102817598031e-02
8.780487804878047906e-03,3.333333333333333981e-03,4.847533632286994687e-03,1.277904102817598031e-02
8.780487804878047906e-03,3.333333333333333981e-03,4.847533632286994687e-03,1.277904102817598031e-02
8.780487804878047906e-03,3.333333333333333981e-03,4.847533632286994687e-03,1.277904102817598031e-02
8.780487804878047906e-03,3.333333333333333981e-03,4.847533632286994687e-03,1.277904102817598031e-02
8.780487804878047906e-03,3.333333333333333981e-03,4.847533632286994687e-03,1.277904102817598031e-02
8.780487804878047906e-03,3.333333333333333981e-03,4.847533632286994687e-03,1.277904102817598031e-02
8.780487804878047906e-03,3.333333333333333981e-03,4.847533632286994687e-03,1.277904102817598031e-02
8.780487804878047906e-03,3.333333333333333981e-03,4.847533632286994687e-03,1.277904102817598031e-02
8.780487804878047906e-03,3.333333333333333981e-03,4.847533632286994687e-03,1.277904102817598031e-02
8.780487804878047906e-03,3.333333333333333981e-03,4.847533632286994687e-03,1.277904102817598031e-02
8.780487804878047906e-03,3.333333333333333981e-03,4.847533632286994687e-03,1.277904102817598031e-02
8.780487804878047906e-03,3.333333333333333981e-03,4.847533632286994687e-03,1.277904102817598031e-02
8.780487804878047906e-03,3.333333333333333981e-03,4.847533632286994687e-03,1.277904102817598031e-02
8.780487804878047906e-03,3.333333333333333981e-03,4.847533632286994687e-03,1.277904102817598031e-02
8.780487804878047906e-03,3.333333333333333981e-03,4.847533632286994687e-03,1.277904102817598031e-02
8.780487804878047906e-03,3.333333333333333981e-03,4.847533632286994687e-03,1.277904102817598031e-02
8.780487804878047906e-03,3.333333333333333981e-03,4.847533632286994687e-03,1.277904102817598031e-02
8.780487804878047906e-03,3.333333333333333981e-03,4.847533632286994687e-03,1.277904102817598031e-02
8.780487804878047906e-03,3.333333333333333981e-03,4.847533632286994687e-03,1.277904102817598031e-02
8.780487804878047906e-03,3.333333333333333981e-03,4.847533632286994687e-03,1.277904102817598031e-02
8.780487804878047906e-03,3.333333333333333981e-03,4.847533632286994687e-03,1.277904102817598031e-02
8.780487804878047906e-03,3.333333333333333981e-03,4.847533632286994687e-03,1.277904102817598031e-02
8.780487804878047906e-03,3.333333333333333981e-03,4.847533632286994687e-03,1.277904102817598031e-02
8.780487804878047906e-03,3.333333333333333981e-03,4.847533632286994687e-03,1.277904102817598031e-02
8.780487804878047906e-03,3.333333333333333981e-03,4.847533632286994687e-03,1.277904102817598031e-02
8.780487804878047906e-03,3.333333333333333981e-03,4.847533632286994687e-03,1.277904102817598031e-02
8.780487804878047906e-03,3.333333333333333981e-03,4.847533632286994687e-03,1.277904102817598031e-02
8.780487804878047906e-03,3.333333333333333981e-03,4.847533632286994687e-03,1.277904102817598031e-02
8.780487804878047906e-03,3.333333333333333981e-03,4.847533632286994687e-03,1.277904102817598031e-02
8.780487804878047906e-03,3.333333333333333981e-03,4.847533632286994687e-03,1.277904102817598031e-02
8.780487804878047906e-03,3.333333333333333981e-03,4.847533632286994687e-03,1.277904102817598031e-02
8.780487804878047906e-03,3.333333333333333981e-03,4.847533632286994687e-03,1.277904102817598031e-02
8.780487804878047906e-03,3.333333333333333981e-03,4.847533632286994687e-03,1.277904102817598031e-02
8.780487804878047906e-03,3.333333333333333981e-03,4.847533632286994687e-03,1.277904102817598031e-02
8.780487804878047906e-03,3.333333333333333981e-03,4.847533632286994687e-03,1.277904102817598031e-02
8.780487804878047906e-03,3.333333333333333981e-03,4.847533632286994687e-03,1.277904102817598031e-02
8.780487804878047906e-03,3.333333333333333981e-03,4.847533632286994687e-03,1.277904102817598031e-02
8.780487804878047906e-03,3.333333333333333981e-03,4.847533632286994687e-03,1.277904102817598031e-02
8.780487804878047906e-03,3.333333333333333981e-03,4.847533632286994687e-03,1.277904102817598031e-02
8.780487804878047906e-03,3.333333333333333981e-03,4.847533632286994687e-03,1.277904102817598031e-02
8.780487804878047906e-03,3.333333333333333981e-03,4.847533632286994687e-03,1.277904102817598031e-02
8.780487804878047906e-03,3.333333333333333981e-03,4.847533632286994687e-03,1.277904102817598031e-02
8.780487804878047906e-03,3.333333333333333981e-03,4.847533632286994687e-03,1.277904102817598031e-02
8.780487804878047906e-03,3.333333333333333981e-03,4.847533632286994687e-03,1.277904102817598031e-02
8.780487804878047906e-03,3.333333333333333981e-03,4.847533632286994687e-03,1.277904102817598031e-02
8.780487804878047906e-03,3.333333333333333981e-03,4.847533632286994687e-03,1.277904102817598031e-02
8.780487804878047906e-03,3.333333333333333981e-03,4.847533632286994687e-03,1.277904102817598031e-02
8.780487804878047906e-03,3.333333333333333981e-03,4.847533632286994687e-03,1.277904102817598031e-02
8.780487804878047906e-03,3.333333333333333981e-03,4.847533632286994687e-03,1.277904102817598031e-02
8.780487804878047906e-03,3.333333333333333981e-03,4.847533632286994687e-03,1.277904102817598031e-02
8.780487804878047906e-03,3.333333333333333981e-03,4.847533632286994687e-03,1.277904102817598031e-02
8.780487804878047906e-03,3.333333333333333981e-03,4.847533632286994687e-03,1.277904102817598031e-02
8.780487804878047906e-03,3.333333333333333981e-03,4.847533632286994687e-03,1.277904102817598031e-02
8.780487804878047906e-03,3.333333333333333981e-03,4.847533632286994687e-03,1.277904102817598031e-02
8.780487804878047906e-03,3.333333333333333981e-03,4.847533632286994687e-03,1.277904102817598031e-02
8.780487804878047906e-03,3.333333333333333981e-03,4.847533632286994687e-03,1.277904102817598031e-02
8.780487804878047906e-03,3.333333333333333981e-03,4.847533632286994687e-03,1.277904102817598031e-02
8.780487804878047906e-03,3.333333333333333981e-03,4.847533632286994687e-03,1.277904102817598031e-02
8.780487804878047906e-03,3.333333333333333981e-03,4.847533632286994687e-03,1.277904102817598031e-02
8.780487804878047906e-03,3.333333333333333981e-03,4.847533632286994687e-03,1.277904102817598031e-02
8.780487804878047906e-03,3.333333333333333981e-03,4.847533632286994687e-03,1.277904102817598031e-02
8.780487804878047906e-03,3.333333333333333981e-03,4.847533632286994687e-03,1.277904102817598031e-02
8.780487804878047906e-03,3.333333333333333981e-03,4.847533632286994687e-03,1.277904102817598031e-02
8.780487804878047906e-03,3.333333333333333981e-03,4.847533632286994687e-03,1.277904102817598031e-02
8.780487804878047906e-03,3.333333333333333981e-03,4.847533632286994687e-03,1.277904102817598031e-02
8.780487804878047906e-03,3.333333333333333981e-03,4.847533632286994687e-03,1.277904102817598031e-02
8.780487804878047906e-03,3.333333333333333981e-03,4.847533632286994687e-03,1.277904102817598031e-02
8.780487804878047906e-03,3.333333333333333981e-03,4.847533632286994687e-03,1.277904102817598031e-02
8.780487804878047906e-03,3.333333333333333981e-03,4.847533632286994687e-03,1.277904102817598031e-02
8.780487804878047906e-03,3.333333333333333981e-03,4.847533632286994687e-03,1.277904102817598031e-02
8.780487804878047906e-03,3.333333333333333981e-03,4.847533632286994687e-03,1.277904102817598031e-02
8.780487804878047906e-03,3.333333333333333981e-03,4.847533632286994687e-03,1.277904102817598031e-02
8.780487804878047906e-03,3.333333333333333981e-03,4.847533632286994687e-03,1.277904102817598031e-02
8.780487804878047906e-03,3.333333333333333981e-03,4.847533632286994687e-03,1.277904102817598031e-02
8.780487804878047906e-03,3.333333333333333981e-03,4.847533632286994687e-03,1.277904102817598031e-02
8.780487804878047906e-03,3.333333333333333981e-03,4.847533632286994687e-03,1.277904102817598031e-02
8.780487804878047906e-03,3.333333333333333981e-03,4.847533632286994687e-03,1.277904102817598031e-02
8.780487804878047906e-03,3.333333333333333981e-03,4.847533632286994687e-03,1.277904102817598031e-02
8.780487804878047906e-03,3.333333333333333981e-03,4.847533632286994687e-03,1.277904102817598031e-02
8.780487804878047906e-03,3.333333333333333981e-03,4.847533632286994687e-03,1.277904102817598031e-02
8.780487804878047906e-03,3.333333333333333981e-03,4.847533632286994687e-03,1.277904102817598031e-02
8.780487804878047906e-03,3.333333333333333981e-03,4.847533632286994687e-03,1.277904102817598031e-02
8.780487804878047906e-03,3.333333333333333981e-03,4.847533632286994687e-03,1.277904102817598031e-02
8.780487804878047906e-03,3.333333333333333981e-03,4.847533632286994687e-03,1.277904102817598031e-02
8.780487804878047906e-03,3.333333333333333981e-03,4.847533632286994687e-03,1.277904102817598031e-02
8.780487804878047906e-03,3.333333333333333981e-03,4.847533632286994687e-03,1.277904102817598031e-02
8.780487804878047906e-03,3.333333333333333981e-03,4.847533632286994687e-03,1.277904102817598031e-02
8.780487804878047906e-03,3.333333333333333981e-03,4.847533632286994687e-03,1.277904102817598031e-02
8.780487804878047906e-03,3.333333333333333981e-03,4.847533632286994687e-03,1.277904102817598031e-02
8.780487804878047906e-03,3.333333333333333981e-03,4.847533632286994687e-03,1.277904102817598031e-02
8.780487804878047906e-03,3.333333333333333981e-03,4.847533632286994687e-03,1.277904102817598031e-02
8.780487804878047906e-03,3.333333333333333981e-03,4.847533632286994687e-03,1.277904102817598031e-02
8.780487804878047906e-03,3.333333333333333981e-03,4.847533632286994687e-03,1.277904102817598031e-02
8.780487804878047906e-03,3.333333333333333981e-03,4.847533632286994687e-03,1.277904102817598031e-02
8.780487804878047906e-03,3.333333333333333981e-03,4.847533632286994687e-03,1.277904102817598031e-02
8.780487804878047906e-03,3.333333333333333981e-03,4.847533632286994687e-03,1.277904102817598031e-02
8.780487804878047906e-03,3.333333333333333981e-03,4.847533632286994687e-03,1.277904102817598031e-02
8.780487804878047906e-03,3.333333333333333981e-03,4.847533632286994687e-03,1.277904102817598031e-02
8.780487804878047906e-03,3.333333333333333981e-03,4.847533632286994687e-03,1.277904102817598031e-02
8.780487804878047906e-03,3.333333333333333981e-03,4.847533632286994687e-03,1.277904102817598031e-02
8.780487804878047906e-03,3.333333333333333981e-03,4.847533632286994687e-03,1.277904102817598031e-02
8.780487804878047906e-03,3.333333333333333981e-03,4.847533632286994687e-03,1.277904102817598031e-02
8.780487804878047906e-03,3.333333333333333981e-03,4.847533632286994687e-03,1.277904102817598031e-02
8.780487804878047906e-03,3.333333333333333981e-03,4.847533632286994687e-03,1.277904102817598031e-02
8.780487804878047906e-03,3.333333333333333981e-03,4.847533632286994687e-03,1.277904102817598031e-02
8.780487804878047906e-03,3.333333333333333981e-03,4.847533632286994687e-03,1.277904102817598031e-02
8.780487804878047906e-03,3.333333333333333981e-03,4.847533632286994687e-03,1.277904102817598031e-02
8.780487804878047906e-03,3.333333333333333981e-03,4.847533632286994687e-03,1.277904102817598031e-02
8.780487804878047906e-03,3.333333333333333981e-03,4.847533632286994687e-03,1.277904102817598031e-02
8.780487804878047906e-03,3.333333333333333981e-03,4.847533632286994687e-03,1.277904102817598031e-02
8.780487804878047906e-03,3.333333333333333981e-03,4.847533632286994687e-03,1.277904102817598031e-02
8.780487804878047906e-03,3.333333333333333981e-03,4.847533632286994687e-03,1.277904102817598031e-02
8.780487804878047906e-03,3.333333333333333981e-03,4.847533632286994687e-03,1.277904102817598031e-02
8.780487804878047906e-03,3.333333333333333981e-03,4.847533632286994687e-03,1.277904102817598031e-02
8.780487804878047906e-03,3.333333333333333981e-03,4.847533632286994687e-03,1.277904102817598031e-02
8.780487804878047906e-03,3.333333333333333981e-03,4.847533632286994687e-03,1.277904102817598031e-02
8.780487804878047906e-03,3.333333333333333981e-03,4.847533632286994687e-03,1.277904102817598031e-02
8.780487804878047906e-03,3.333333333333333981e-03,4.847533632286994687e-03,1.277904102817598031e-02
8.780487804878047906e-03,3.333333333333333981e-03,4.847533632286994687e-03,1.277904102817598031e-02
8.780487804878047906e-03,3.333333333333333981e-03,4.847533632286994687e-03,1.277904102817598031e-02
8.780487804878047906e-03,3.333333333333333981e-03,4.847533632286994687e-03,1.277904102817598031e-02
8.780487804878047906e-03,3.333333333333333981e-03,4.847533632286994687e-03,1.277904102817598031e-02
8.780487804878047906e-03,3.333333333333333981e-03,4.847533632286994687e-03,1.277904102817598031e-02
8.780487804878047906e-03,3.333333333333333981e-03,4.847533632286994687e-03,1.277904102817598031e-02
8.780487804878047906e-03,3.333333333333333981e-03,4.847533632286994687e-03,1.277904102817598031e-02
8.780487804878047906e-03,3.333333333333333981e-03,4.847533632286994687e-03,1.277904102817598031e-02
8.780487804878047906e-03,3.333333333333333981e-03,4.847533632286994687e-03,1.277904102817598031e-02
8.780487804878047906e-03,3.333333333333333981e-03,4.847533632286994687e-03,1.277904102817598031e-02
8.780487804878047906e-03,3.333333333333333981e-03,4.847533632286994687e-03,1.277904102817598031e-02
8.780487804878047906e-03,3.333333333333333981e-03,4.847533632286994687e-03,1.277904102817598031e-02
8.780487804878047906e-03,3.333333333333333981e-03,4.847533632286994687e-03,1.277904102817598031e-02
8.780487804878047906e-03,3.333333333333333981e-03,4.847533632286994687e-03,1.277904102817598031e-02
8.780487804878047906e-03,3.333333333333333981e-03,4.847533632286994687e-03,1.277904102817598031e-02
8.780487804878047906e-03,3.333333333333333981e-03,4.847533632286994687e-03,1.277904102817598031e-02
8.780487804878047906e-03,3.333333333333333981e-03,4.847533632286994687e-03,1.277904102817598031e-02
8.780487804878047906e-03,3.333333333333333981e-03,4.847533632286994687e-03,1.277904102817598031e-02
8.780487804878047906e-03,3.333333333333333981e-03,4.847533632286994687e-03,1.277904102817598031e-02
8.780487804878047906e-03,3.333333333333333981e-03,4.847533632286994687e-03,1.277904102817598031e-02
8.780487804878047906e-03,3.333333333333333981e-03,4.847533632286994687e-03,1.277904102817598031e-02
8.780487804878047906e-03,3.333333333333333981e-03,4.847533632286994687e-03,1.277904102817598031e-02
8.780487804878047906e-03,3.333333333333333981e-03,4.847533632286994687e-03,1.277904102817598031e-02
8.780487804878047906e-03,3.333333333333333981e-03,4.847533632286994687e-03,1.277904102817598031e-02
8.780487804878047906e-03,3.333333333333333981e-03,4.847533632286994687e-03,1.277904102817598031e-02
8.780487804878047906e-03,3.333333333333333981e-03,4.847533632286994687e-03,1.277904102817598031e-02
8.780487804878047906e-03,3.333333333333333981e-03,4.847533632286994687e-03,1.277904102817598031e-02
8.780487804878047906e-03,3.333333333333333981e-03,4.847533632286994687e-03,1.277904102817598031e-02
8.780487804878047906e-03,3.333333333333333981e-03,4.847533632286994687e-03,1.277904102817598031e-02
8.780487804878047906e-03,3.333333333333333981e-03,4.847533632286994687e-03,1.277904102817598031e-02
8.780487804878047906e-03,3.333333333333333981e-03,4.847533632286994687e-03,1.277904102817598031e-02
8.780487804878047906e-03,3.333333333333333981e-03,4.847533632286994687e-03,1.277904102817598031e-02
8.780487804878047906e-03,3.333333333333333981e-03,4.847533632286994687e-03,1.277904102817598031e-02
8.780487804878047906e-03,3.333333333333333981e-03,4.847533632286994687e-03,1.277904102817598031e-02
8.780487804878047906e-03,3.333333333333333981e-03,4.847533632286994687e-03,1.277904102817598031e-02
8.780487804878047906e-03,3.333333333333333981e-03,4.847533632286994687e-03,1.277904102817598031e-02
8.780487804878047906e-03,3.333333333333333981e-03,4.847533632286994687e-03,1.277904102817598031e-02
8.780487804878047906e-03,3.333333333333333981e-03,4.847533632286994687e-03,1.277904102817598031e-02
8.780487804878047906e-03,3.333333333333333981e-03,4.847533632286994687e-03,1.277904102817598031e-02
8.780487804878047906e-03,3.333333333333333981e-03,4.847533632286994687e-03,1.277904102817598031e-02
8.780487804878047906e-03,3.333333333333333981e-03,4.847533632286994687e-03,1.277904102817598031e-02
8.780487804878047906e-03,3.333333333333333981e-03,4.847533632286994687e-03,1.277904102817598031e-02
8.780487804878047906e-03,3.333333333333333981e-03,4.847533632286994687e-03,1.277904102817598031e-02
8.780487804878047906e-03,3.333333333333333981e-03,4.847533632286994687e-03,1.277904102817598031e-02
8.780487804878047906e-03,3.333333333333333981e-03,4.847533632286994687e-03,1.277904102817598031e-02
8.780487804878047906e-03,3.333333333333333981e-03,4.847533632286994687e-03,1.277904102817598031e-02
8.780487804878047906e-03,3.333333333333333981e-03,4.847533632286994687e-03,1.277904102817598031e-02
8.780487804878047906e-03,3.333333333333333981e-03,4.847533632286994687e-03,1.277904102817598031e-02
8.780487804878047906e-03,3.333333333333333981e-03,4.847533632286994687e-03,1.277904102817598031e-02
8.780487804878047906e-03,3.333333333333333981e-03,4.847533632286994687e-03,1.277904102817598031e-02
8.780487804878047906e-03,3.333333333333333981e-03,4.847533632286994687e-03,1.277904102817598031e-02
8.780487804878047906e-03,3.333333333333333981e-03,4.847533632286994687e-03,1.277904102817598031e-02
8.780487804878047906e-03,3.333333333333333981e-03,4.847533632286994687e-03,1.277904102817598031e-02
8.780487804878047906e-03,3.333333333333333981e-03,4.847533632286994687e-03,1.277904102817598031e-02
8.780487804878047906e-03,3.333333333333333981e-03,4.847533632286994687e-03,1.277904102817598031e-02
8.780487804878047906e-03,3.333333333333333981e-03,4.847533632286994687e-03,1.277904102817598031e-02
8.780487804878047906e-03,3.333333333333333981e-03,4.847533632286994687e-03,1.277904102817598031e-02
8.780487804878047906e-03,3.333333333333333981e-03,4.847533632286994687e-03,1.277904102817598031e-02
8.780487804878047906e-03,3.333333333333333981e-03,4.847533632286994687e-03,1.277904102817598031e-02
8.780487804878047906e-03,3.333333333333333981e-03,4.847533632286994687e-03,1.277904102817598031e-02
8.780487804878047906e-03,3.333333333333333981e-03,4.847533632286994687e-03,1.277904102817598031e-02
8.780487804878047906e-03,3.333333333333333981e-03,4.847533632286994687e-03,1.277904102817598031e-02
8.780487804878047906e-03,3.333333333333333981e-03,4.847533632286994687e-03,1.277904102817598031e-02
8.780487804878047906e-03,3.333333333333333981e-03,4.847533632286994687e-03,1.277904102817598031e-02
8.780487804878047906e-03,3.333333333333333981e-03,4.847533632286994687e-03,1.277904102817598031e-02
8.780487804878047906e-03,3.333333333333333981e-03,4.847533632286994687e-03,1.277904102817598031e-02
8.780487804878047906e-03,3.333333333333333981e-03,4.847533632286994687e-03,1.277904102817598031e-02
8.780487804878047906e-03,3.333333333333333981e-03,4.847533632286994687e-03,1.277904102817598031e-02
8.780487804878047906e-03,3.333333333333333981e-03,4.847533632286994687e-03,1.277904102817598031e-02
8.780487804878047906e-03,3.333333333333333981e-03,4.847533632286994687e-03,1.277904102817598031e-02
8.780487804878047906e-03,3.333333333333333981e-03,4.847533632286994687e-03,1.277904102817598031e-02
8.780487804878047906e-03,3.333333333333333981e-03,4.847533632286994687e-03,1.277904102817598031e-02
8.780487804878047906e-03,3.333333333333333981e-03,4.847533632286994687e-03,1.277904102817598031e-02
8.780487804878047906e-03,3.333333333333333981e-03,4.847533632286994687e-03,1.277904102817598031e-02
8.780487804878047906e-03,3.333333333333333981e-03,4.847533632286994687e-03,1.277904102817598031e-02
8.780487804878047906e-03,3.333333333333333981e-03,4.847533632286994687e-03,1.277904102817598031e-02
8.780487804878047906e-03,3.333333333333333981e-03,4.847533632286994687e-03,1.277904102817598031e-02
8.780487804878047906e-03,3.333333333333333981e-03,4.847533632286994687e-03,1.277904102817598031e-02
8.780487804878047906e-03,3.333333333333333981e-03,4.847533632286994687e-03,1.277904102817598031e-02
8.780487804878047906e-03,3.333333333333333981e-03,4.847533632286994687e-03,1.277904102817598031e-02
8.780487804878047906e-03,3.333333333333333981e-03,4.847533632286994687e-03,1.277904102817598031e-02
8.780487804878047906e-03,3.333333333333333981e-03,4.847533632286994687e-03,1.277904102817598031e-02
8.780487804878047906e-03,3.333333333333333981e-03,4.847533632286994687e-03,1.277904102817598031e-02
8.780487804878047906e-03,3.333333333333333981e-03,4.847533632286994687e-03,1.277904102817598031e-02
8.780487804878047906e-03,3.333333333333333981e-03,4.847533632286994687e-03,1.277904102817598031e-02
8.780487804878047906e-03,3.333333333333333981e-03,4.847533632286994687e-03,1.277904102817598031e-02
8.780487804878047906e-03,3.333333333333333981e-03,4.847533632286994687e-03,1.277904102817598031e-02
8.780487804878047906e-03,3.333333333333333981e-03,4.847533632286994687e-03,1.277904102817598031e-02
8.780487804878047906e-03,3.333333333333333981e-03,4.847533632286994687e-03,1.277904102817598031e-02
8.780487804878047906e-03,3.333333333333333981e-03,4.847533632286994687e-03,1.277904102817598031e-02
8.780487804878047906e-03,3.333333333333333981e-03,4.847533632286994687e-03,1.277904102817598031e-02
8.780487804878047906e-03,3.333333333333333981e-03,4.847533632286994687e-03,1.277904102817598031e-02
8.780487804878047906e-03,3.333333333333333981e-03,4.847533632286994687e-03,1.277904102817598031e-02
8.780487804878047906e-03,3.333333333333333981e-03,4.847533632286994687e-03,1.277904102817598031e-02
8.780487804878047906e-03,3.333333333333333981e-03,4.847533632286994687e-03,1.277904102817598031e-02
8.780487804878047906e-03,3.333333333333333981e-03,4.847533632286994687e-03,1.277904102817598031e-02
8.780487804878047906e-03,3.333333333333333981e-03,4.847533632286994687e-03,1.277904102817598031e-02
8.780487804878047906e-03,3.333333333333333981e-03,4.847533632286994687e-03,1.277904102817598031e-02
8.780487804878047906e-03,3.333333333333333981e-03,4.847533632286994687e-03,1.277904102817598031e-02
8.780487804878047906e-03,3.333333333333333981e-03,4.847533632286994687e-03,1.277904102817598031e-02
8.780487804878047906e-03,3.333333333333333981e-03,4.847533632286994687e-03,1.277904102817598031e-02
8.780487804878047906e-03,3.333333333333333981e-03,4.847533632286994687e-03,1.277904102817598031e-02
8.780487804878047906e-03,3.333333333333333981e-03,4.847533632286994687e-03,1.277904102817598031e-02
8.780487804878047906e-03,3.333333333333333981e-03,4.847533632286994687e-03,1.277904102817598031e-02
8.780487804878047906e-03,3.333333333333333981e-03,4.847533632286994687e-03,1.277904102817598031e-02
8.780487804878047906e-03,3.333333333333333981e-03,4.847533632286994687e-03,1.277904102817598031e-02
8.780487804878047906e-03,3.333333333333333981e-03,4.847533632286994687e-03,1.277904102817598031e-02
8.780487804878047906e-03,3.333333333333333981e-03,4.847533632286994687e-03,1.277904102817598031e-02
8.780487804878047906e-03,3.333333333333333981e-03,4.847533632286994687e-03,1.277904102817598031e-02
8.780487804878047906e-03,3.333333333333333981e-03,4.847533632286994687e-03,1.277904102817598031e-02
8.780487804878047906e-03,3.333333333333333981e-03,4.847533632286994687e-03,1.277904102817598031e-02
8.780487804878047906e-03,3.333333333333333981e-03,4.847533632286994687e-03,1.277904102817598031e-02
8.780487804878047906e-03,3.333333333333333981e-03,4.847533632286994687e-03,1.277904102817598031e-02
8.780487804878047906e-03,3.333333333333333981e-03,4.847533632286994687e-03,1.277904102817598031e-02
8.780487804878047906e-03,3.333333333333333981e-03,4.847533632286994687e-03,1.277904102817598031e-02
8.780487804878047906e-03,3.333333333333333981e-03,4.847533632286994687e-03,1.277904102817598031e-02
8.780487804878047906e-03,3.333333333333333981e-03,4.847533632286994687e-03,1.277904102817598031e-02
8.780487804878047906e-03,3.333333333333333981e-03,4.847533632286994687e-03,1.277904102817598031e-02
8.780487804878047906e-03,3.333333333333333981e-03,4.847533632286994687e-03,1.277904102817598031e-02
8.780487804878047906e-03,3.333333333333333981e-03,4.847533632286994687e-03,1.277904102817598031e-02
8.780487804878047906e-03,3.333333333333333981e-03,4.847533632286994687e-03,1.277904102817598031e-02
8.780487804878047906e-03,3.333333333333333981e-03,4.847533632286994687e-03,1.277904102817598031e-02
8.780487804878047906e-03,3.333333333333333981e-03,4.847533632286994687e-03,1.277904102817598031e-02
8.780487804878047906e-03,3.333333333333333981e-03,4.847533632286994687e-03,1.277904102817598031e-02
8.780487804878047906e-03,3.333333333333333981e-03,4.847533632286994687e-03,1.277904102817598031e-02
8.780487804878047906e-03,3.333333333333333981e-03,4.847533632286994687e-03,1.277904102817598031e-02
8.780487804878047906e-03,3.333333333333333981e-03,4.847533632286994687e-03,1.277904102817598031e-02
8.780487804878047906e-03,3.333333333333333981e-03,4.847533632286994687e-03,1.277904102817598031e-02
8.780487804878047906e-03,3.333333333333333981e-03,4.847533632286994687e-03,1.277904102817598031e-02
8.780487804878047906e-03,3.333333333333333981e-03,4.847533632286994687e-03,1.277904102817598031e-02
8.780487804878047906e-03,3.333333333333333981e-03,4.847533632286994687e-03,1.277904102817598031e-02
8.780487804878047906e-03,3.333333333333333981e-03,4.847533632286994687e-03,1.277904102817598031e-02
8.780487804878047906e-03,3.333333333333333981e-03,4.847533632286994687e-03,1.277904102817598031e-02
8.780487804878047906e-03,3.333333333333333981e-03,4.847533632286994687e-03,1.277904102817598031e-02
8.780487804878047906e-03,3.333333333333333981e-03,4.847533632286994687e-03,1.277904102817598031e-02
8.780487804878047906e-03,3.333333333333333981e-03,4.847533632286994687e-03,1.277904102817598031e-02
8.780487804878047906e-03,3.333333333333333981e-03,4.847533632286994687e-03,1.277904102817598031e-02
8.780487804878047906e-03,3.333333333333333981e-03,4.847533632286994687e-03,1.277904102817598031e-02
8.780487804878047906e-03,3.333333333333333981e-03,4.847533632286994687e-03,1.277904102817598031e-02
8.780487804878047906e-03,3.333333333333333981e-03,4.847533632286994687e-03,1.277904102817598031e-02
8.780487804878047906e-03,3.333333333333333981e-03,4.847533632286994687e-03,1.277904102817598031e-02
8.780487804878047906e-03,3.333333333333333981e-03,4.847533632286994687e-03,1.277904102817598031e-02
8.780487804878047906e-03,3.333333333333333981e-03,4.847533632286994687e-03,1.277904102817598031e-02
8.780487804878047906e-03,3.333333333333333981e-03,4.847533632286994687e-03,1.277904102817598031e-02
8.780487804878047906e-03,3.333333333333333981e-03,4.847533632286994687e-03,1.277904102817598031e-02
8.780487804878047906e-03,3.333333333333333981e-03,4.847533632286994687e-03,1.277904102817598031e-02
8.780487804878047906e-03,3.333333333333333981e-03,4.847533632286994687e-03,1.277904102817598031e-02
8.780487804878047906e-03,3.333333333333333981e-03,4.847533632286994687e-03,1.277904102817598031e-02
8.780487804878047906e-03,3.333333333333333981e-03,4.847533632286994687e-03,1.277904102817598031e-02
8.780487804878047906e-03,3.333333333333333981e-03,4.847533632286994687e-03,1.277904102817598031e-02
8.780487804878047906e-03,3.333333333333333981e-03,4.847533632286994687e-03,1.277904102817598031e-02
8.780487804878047906e-03,3.333333333333333981e-03,4.847533632286994687e-03,1.277904102817598031e-02
8.780487804878047906e-03,3.333333333333333981e-03,4.847533632286994687e-03,1.277904102817598031e-02
8.780487804878047906e-03,3.333333333333333981e-03,4.847533632286994687e-03,1.277904102817598031e-02
8.780487804878047906e-03,3.333333333333333981e-03,4.847533632286994687e-03,1.277904102817598031e-02
8.780487804878047906e-03,3.333333333333333981e-03,4.847533632286994687e-03,1.277904102817598031e-02
8.780487804878047906e-03,3.333333333333333981e-03,4.847533632286994687e-03,1.277904102817598031e-02
8.780487804878047906e-03,3.333333333333333981e-03,4.847533632286994687e-03,1.277904102817598031e-02
8.780487804878047906e-03,3.333333333333333981e-03,4.847533632286994687e-03,1.277904102817598031e-02
8.780487804878047906e-03,3.333333333333333981e-03,4.847533632286994687e-03,1.277904102817598031e-02
8.780487804878047906e-03,3.333333333333333981e-03,4.847533632286994687e-03,1.277904102817598031e-02
8.780487804878047906e-03,3.333333333333333981e-03,4.847533632286994687e-03,1.277904102817598031e-02
8.780487804878047906e-03,3.333333333333333981e-03,4.847533632286994687e-03,1.277904102817598031e-02
8.780487804878047906e-03,3.333333333333333981e-03,4.847533632286994687e-03,1.277904102817598031e-02
8.780487804878047906e-03,3.333333333333333981e-03,4.847533632286994687e-03,1.277904102817598031e-02
8.780487804878047906e-03,3.333333333333333981e-03,4.847533632286994687e-03,1.277904102817598031e-02
8.780487804878047906e-03,3.333333333333333981e-03,4.847533632286994687e-03,1.277904102817598031e-02
8.780487804878047906e-03,3.333333333333333981e-03,4.847533632286994687e-03,1.277904102817598031e-02
8.780487804878047906e-03,3.333333333333333981e-03,4.847533632286994687e-03,1.277904102817598031e-02
8.780487804878047906e-03,3.333333333333333981e-03,4.847533632286994687e-03,1.277904102817598031e-02
8.780487804878047906e-03,3.333333333333333981e-03,4.847533632286994687e-03,1.277904102817598031e-02
8.780487804878047906e-03,3.333333333333333981e-03,4.847533632286994687e-03,1.277904102817598031e-02
8.780487804878047906e-03,3.333333333333333981e-03,4.847533632286994687e-03,1.277904102817598031e-02
8.780487804878047906e-03,3.333333333333333981e-03,4.847533632286994687e-03,1.277904102817598031e-02
8.780487804878047906e-03,3.333333333333333981e-03,4.847533632286994687e-03,1.277904102817598031e-02
8.780487804878047906e-03,3.333333333333333981e-03,4.847533632286994687e-03,1.277904102817598031e-02
8.780487804878047906e-03,3.333333333333333981e-03,4.847533632286994687e-03,1.277904102817598031e-02
8.780487804878047906e-03,3.333333333333333981e-03,4.847533632286994687e-03,1.277904102817598031e-02
8.780487804878047906e-03,3.333333333333333981e-03,4.847533632286994687e-03,1.277904102817598031e-02
8.780487804878047906e-03,3.333333333333333981e-03,4.847533632286994687e-03,1.277904102817598031e-02
8.780487804878047906e-03,3.333333333333333981e-03,4.847533632286994687e-03,1.277904102817598031e-02
8.780487804878047906e-03,3.333333333333333981e-03,4.847533632286994687e-03,1.277904102817598031e-02
8.780487804878047906e-03,3.333333333333333981e-03,4.847533632286994687e-03,1.277904102817598031e-02
8.780487804878047906e-03,3.333333333333333981e-03,4.847533632286994687e-03,1.277904102817598031e-02
8.780487804878047906e-03,3.333333333333333981e-03,4.847533632286994687e-03,1.277904102817598031e-02
8.780487804878047906e-03,3.333333333333333981e-03,4.847533632286994687e-03,1.277904102817598031e-02
8.780487804878047906e-03,3.333333333333333981e-03,4.847533632286994687e-03,1.277904102817598031e-02
8.780487804878047906e-03,3.333333333333333981e-03,4.847533632286994687e-03,1.277904102817598031e-02
8.780487804878047906e-03,3.333333333333333981e-03,4.847533632286994687e-03,1.277904102817598031e-02
8.780487804878047906e-03,3.333333333333333981e-03,4.847533632286994687e-03,1.277904102817598031e-02
8.780487804878047906e-03,3.333333333333333981e-03,4.847533632286994687e-03,1.277904102817598031e-02
8.780487804878047906e-03,3.333333333333333981e-03,4.847533632286994687e-03,1.277904102817598031e-02
8.780487804878047906e-03,3.333333333333333981e-03,4.847533632286994687e-03,1.277904102817598031e-02
8.780487804878047906e-03,3.333333333333333981e-03,4.847533632286994687e-03,1.277904102817598031e-02
8.780487804878047906e-03,3.333333333333333981e-03,4.847533632286994687e-03,1.277904102817598031e-02
8.780487804878047906e-03,3.333333333333333981e-03,4.847533632286994687e-03,1.277904102817598031e-02
8.780487804878047906e-03,3.333333333333333981e-03,4.847533632286994687e-03,1.277904102817598031e-02
8.780487804878047906e-03,3.333333333333333981e-03,4.847533632286994687e-03,1.277904102817598031e-02
8.780487804878047906e-03,3.333333333333333981e-03,4.847533632286994687e-03,1.277904102817598031e-02
8.780487804878047906e-03,3.333333333333333981e-03,4.847533632286994687e-03,1.277904102817598031e-02
8.780487804878047906e-03,3.333333333333333981e-03,4.847533632286994687e-03,1.277904102817598031e-02
8.780487804878047906e-03,3.333333333333333981e-03,4.847533632286994687e-03,1.277904102817598031e-02
8.780487804878047906e-03,3.333333333333333981e-03,4.847533632286994687e-03,1.277904102817598031e-02
8.780487804878047906e-03,3.333333333333333981e-03,4.847533632286994687e-03,1.277904102817598031e-02
8.780487804878047906e-03,3.333333333333333981e-03,4.847533632286994687e-03,1.277904102817598031e-02
8.780487804878047906e-03,3.333333333333333981e-03,4.847533632286994687e-03,1.277904102817598031e-02
8.780487804878047906e-03,3.333333333333333981e-03,4.847533632286994687e-03,1.277904102817598031e-02
8.780487804878047906e-03,3.333333333333333981e-03,4.847533632286994687e-03,1.277904102817598031e-02
8.780487804878047906e-03,3.333333333333333981e-03,4.847533632286994687e-03,1.277904102817598031e-02
8.780487804878047906e-03,3.333333333333333981e-03,4.847533632286994687e-03,1.277904102817598031e-02
8.780487804878047906e-03,3.333333333333333981e-03,4.847533632286994687e-03,1.277904102817598031e-02
8.780487804878047906e-03,3.333333333333333981e-03,4.847533632286994687e-03,1.277904102817598031e-02
8.780487804878047906e-03,3.333333333333333981e-03,4.847533632286994687e-03,1.277904102817598031e-02
8.780487804878047906e-03,3.333333333333333981e-03,4.847533632286994687e-03,1.277904102817598031e-02
8.780487804878047906e-03,3.333333333333333981e-03,4.847533632286994687e-03,1.277904102817598031e-02
8.780487804878047906e-03,3.333333333333333981e-03,4.847533632286994687e-03,1.277904102817598031e-02
8.780487804878047906e-03,3.333333333333333981e-03,4.847533632286994687e-03,1.277904102817598031e-02
8.780487804878047906e-03,3.333333333333333981e-03,4.847533632286994687e-03,1.277904102817598031e-02
8.780487804878047906e-03,3.333333333333333981e-03,4.847533632286994687e-03,1.277904102817598031e-02
8.780487804878047906e-03,3.333333333333333981e-03,4.847533632286994687e-03,1.277904102817598031e-02
8.780487804878047906e-03,3.333333333333333981e-03,4.847533632286994687e-03,1.277904102817598031e-02
8.780487804878047906e-03,3.333333333333333981e-03,4.847533632286994687e-03,1.277904102817598031e-02
8.780487804878047906e-03,3.333333333333333981e-03,4.847533632286994687e-03,1.277904102817598031e-02
8.780487804878047906e-03,3.333333333333333981e-03,4.847533632286994687e-03,1.277904102817598031e-02
8.780487804878047906e-03,3.333333333333333981e-03,4.847533632286994687e-03,1.277904102817598031e-02
8.780487804878047906e-03,3.333333333333333981e-03,4.847533632286994687e-03,1.277904102817598031e-02
8.780487804878047906e-03,3.333333333333333981e-03,4.847533632286994687e-03,1.277904102817598031e-02
8.780487804878047906e-03,3.333333333333333981e-03,4.847533632286994687e-03,1.277904102817598031e-02
8.780487804878047906e-03,3.333333333333333981e-03,4.847533632286994687e-03,1.277904102817598031e-02
8.780487804878047906e-03,3.333333333333333981e-03,4.847533632286994687e-03,1.277904102817598031e-02
8.780487804878047906e-03,3.333333333333333981e-03,4.847533632286994687e-03,1.277904102817598031e-02
8.780487804878047906e-03,3.333333333333333981e-03,4.847533632286994687e-03,1.277904102817598031e-02
8.780487804878047906e-03,3.333333333333333981e-03,4.847533632286994687e-03,1.277904102817598031e-02
8.780487804878047906e-03,3.333333333333333981e-03,4.847533632286994687e-03,1.277904102817598031e-02
8.780487804878047906e-03,3.333333333333333981e-03,4.847533632286994687e-03,1.277904102817598031e-02
8.780487804878047906e-03,3.333333333333333981e-03,4.847533632286994687e-03,1.277904102817598031e-02
8.780487804878047906e-03,3.333333333333333981e-03,4.847533632286994687e-03,1.277904102817598031e-02
8.780487804878047906e-03,3.333333333333333981e-03,4.847533632286994687e-03,1.277904102817598031e-02
8.780487804878047906e-03,3.333333333333333981e-03,4.847533632286994687e-03,1.277904102817598031e-02
8.780487804878047906e-03,3.333333333333333981e-03,4.847533632286994687e-03,1.277904102817598031e-02
8.780487804878047906e-03,3.333333333333333981e-03,4.847533632286994687e-03,1.277904102817598031e-02
8.780487804878047906e-03,3.333333333333333981e-03,4.847533632286994687e-03,1.277904102817598031e-02
8.780487804878047906e-03,3.333333333333333981e-03,4.847533632286994687e-03,1.277904102817598031e-02
8.780487804878047906e-03,3.333333333333333981e-03,4.847533632286994687e-03,1.277904102817598031e-02
8.780487804878047906e-03,3.333333333333333981e-03,4.847533632286994687e-03,1.277904102817598031e-02
8.780487804878047906e-03,3.333333333333333981e-03,4.847533632286994687e-03,1.277904102817598031e-02
8.780487804878047906e-03,3.333333333333333981e-03,4.847533632286994687e-03,1.277904102817598031e-02
8.780487804878047906e-03,3.333333333333333981e-03,4.847533632286994687e-03,1.277904102817598031e-02
8.780487804878047906e-03,3.333333333333333981e-03,4.847533632286994687e-03,1.277904102817598031e-02
8.780487804878047906e-03,3.333333333333333981e-03,4.847533632286994687e-03,1.277904102817598031e-02
8.780487804878047906e-03,3.333333333333333981e-03,4.847533632286994687e-03,1.277904102817598031e-02
8.780487804878047906e-03,3.333333333333333981e-03,4.847533632286994687e-03,1.277904102817598031e-02
8.780487804878047906e-03,3.333333333333333981e-03,4.847533632286994687e-03,1.277904102817598031e-02
8.780487804878047906e-03,3.333333333333333981e-03,4.847533632286994687e-03,1.277904102817598031e-02
8.780487804878047906e-03,3.333333333333333981e-03,4.847533632286994687e-03,1.277904102817598031e-02
8.780487804878047906e-03,3.333333333333333981e-03,4.847533632286994687e-03,1.277904102817598031e-02
8.780487804878047906e-03,3.333333333333333981e-03,4.847533632286994687e-03,1.277904102817598031e-02
8.780487804878047906e-03,3.333333333333333981e-03,4.847533632286994687e-03,1.277904102817598031e-02
8.780487804878047906e-03,3.333333333333333981e-03,4.847533632286994687e-03,1.277904102817598031e-02
8.780487804878047906e-03,3.333333333333333981e-03,4.847533632286994687e-03,1.277904102817598031e-02
8.780487804878047906e-03,3.333333333333333981e-03,4.847533632286994687e-03,1.277904102817598031e-02
8.780487804878047906e-03,3.333333333333333981e-03,4.847533632286994687e-03,1.277904102817598031e-02
8.780487804878047906e-03,3.333333333333333981e-03,4.847533632286994687e-03,1.277904102817598031e-02
8.780487804878047906e-03,3.333333333333333981e-03,4.847533632286994687e-03,1.277904102817598031e-02
8.780487804878047906e-03,3.333333333333333981e-03,4.847533632286994687e-03,1.277904102817598031e-02
8.780487804878047906e-03,3.333333333333333981e-03,4.847533632286994687e-03,1.277904102817598031e-02
8.780487804878047906e-03,3.333333333333333981e-03,4.847533632286994687e-03,1.277904102817598031e-02
8.780487804878047906e-03,3.333333333333333981e-03,4.847533632286994687e-03,1.277904102817598031e-02
8.780487804878047906e-03,3.333333333333333981e-03,4.847533632286994687e-03,1.277904102817598031e-02
8.780487804878047906e-03,3.333333333333333981e-03,4.847533632286994687e-03,1.277904102817598031e-02
8.780487804878047906e-03,3.333333333333333981e-03,4.847533632286994687e-03,1.277904102817598031e-02
8.780487804878047906e-03,3.333333333333333981e-03,4.847533632286994687e-03,1.277904102817598031e-02
8.780487804878047906e-03,3.333333333333333981e-03,4.847533632286994687e-03,1.277904102817598031e-02
8.780487804878047906e-03,3.333333333333333981e-03,4.847533632286994687e-03,1.277904102817598031e-02
8.780487804878047906e-03,3.333333333333333981e-03,4.847533632286994687e-03,1.277904102817598031e-02
8.780487804878047906e-03,3.333333333333333981e-03,4.847533632286994687e-03,1.277904102817598031e-02
8.780487804878047906e-03,3.333333333333333981e-03,4.847533632286994687e-03,1.277904102817598031e-02
8.780487804878047906e-03,3.333333333333333981e-03,4.847533632286994687e-03,1.277904102817598031e-02
8.780487804878047906e-03,3.333333333333333981e-03,4.847533632286994687e-03,1.277904102817598031e-02
8.780487804878047906e-03,3.333333333333333981e-03,4.847533632286994687e-03,1.277904102817598031e-02
8.780487804878047906e-03,3.333333333333333981e-03,4.847533632286994687e-03,1.277904102817598031e-02
8.780487804878047906e-03,3.333333333333333981e-03,4.847533632286994687e-03,1.277904102817598031e-02
8.780487804878047906e-03,3.333333333333333981e-03,4.847533632286994687e-03,1.277904102817598031e-02
8.780487804878047906e-03,3.333333333333333981e-03,4.847533632286994687e-03,1.277904102817598031e-02
8.780487804878047906e-03,3.333333333333333981e-03,4.847533632286994687e-03,1.277904102817598031e-02
8.780487804878047906e-03,3.333333333333333981e-03,4.847533632286994687e-03,1.277904102817598031e-02
8.780487804878047906e-03,3.333333333333333981e-03,4.847533632286994687e-03,1.277904102817598031e-02
8.780487804878047906e-03,3.333333333333333981e-03,4.847533632286994687e-03,1.277904102817598031e-02
8.780487804878047906e-03,3.333333333333333981e-03,4.847533632286994687e-03,1.277904102817598031e-02
8.780487804878047906e-03,3.333333333333333981e-03,4.847533632286994687e-03,1.277904102817598031e-02
8.780487804878047906e-03,3.333333333333333981e-03,4.847533632286994687e-03,1.277904102817598031e-02
8.780487804878047906e-03,3.333333333333333981e-03,4.847533632286994687e-03,1.277904102817598031e-02
8.780487804878047906e-03,3.333333333333333981e-03,4.847533632286994687e-03,1.277904102817598031e-02
8.780487804878047906e-03,3.333333333333333981e-03,4.847533632286994687e-03,1.277904102817598031e-02
8.780487804878047906e-03,3.333333333333333981e-03,4.847533632286994687e-03,1.277904102817598031e-02
8.780487804878047906e-03,3.333333333333333981e-03,4.847533632286994687e-03,1.277904102817598031e-02
8.780487804878047906e-03,3.333333333333333981e-03,4.847533632286994687e-03,1.277904102817598031e-02
8.780487804878047906e-03,3.333333333333333981e-03,4.847533632286994687e-03,1.277904102817598031e-02
8.780487804878047906e-03,3.333333333333333981e-03,4.847533632286994687e-03,1.277904102817598031e-02
8.780487804878047906e-03,3.333333333333333981e-03,4.847533632286994687e-03,1.277904102817598031e-02
8.780487804878047906e-03,3.333333333333333981e-03,4.847533632286994687e-03,1.277904102817598031e-02
8.780487804878047906e-03,3.333333333333333981e-03,4.847533632286994687e-03,1.277904102817598031e-02
8.780487804878047906e-03,3.333333333333333981e-03,4.847533632286994687e-03,1.277904102817598031e-02
8.780487804878047906e-03,3.333333333333333981e-03,4.847533632286994687e-03,1.277904102817598031e-02
8.780487804878047906e-03,3.333333333333333981e-03,4.847533632286994687e-03,1.277904102817598031e-02
8.780487804878047906e-03,3.333333333333333981e-03,4.847533632286994687e-03,1.277904102817598031e-02
8.780487804878047906e-03,3.333333333333333981e-03,4.847533632286994687e-03,1.277904102817598031e-02
8.780487804878047906e-03,3.333333333333333981e-03,4.847533632286994687e-03,1.277904102817598031e-02
8.780487804878047906e-03,3.333333333333333981e-03,4.847533632286994687e-03,1.277904102817598031e-02
8.780487804878047906e-03,3.333333333333333981e-03,4.847533632286994687e-03,1.277904102817598031e-02
8.780487804878047906e-03,3.333333333333333981e-03,4.847533632286994687e-03,1.277904102817598031e-02
8.780487804878047906e-03,3.333333333333333981e-03,4.847533632286994687e-03,1.277904102817598031e-02
8.780487804878047906e-03,3.333333333333333981e-03,4.847533632286994687e-03,1.277904102817598031e-02
8.780487804878047906e-03,3.333333333333333981e-03,4.847533632286994687e-03,1.277904102817598031e-02
8.780487804878047906e-03,3.333333333333333981e-03,4.847533632286994687e-03,1.277904102817598031e-02
8.780487804878047906e-03,3.333333333333333981e-03,4.847533632286994687e-03,1.277904102817598031e-02
8.780487804878047906e-03,3.333333333333333981e-03,4.847533632286994687e-03,1.277904102817598031e-02
8.780487804878047906e-03,3.333333333333333981e-03,4.847533632286994687e-03,1.277904102817598031e-02
8.780487804878047906e-03,3.333333333333333981e-03,4.847533632286994687e-03,1.277904102817598031e-02
8.780487804878047906e-03,3.333333333333333981e-03,4.847533632286994687e-03,1.277904102817598031e-02
8.780487804878047906e-03,3.333333333333333981e-03,4.847533632286994687e-03,1.277904102817598031e-02
8.780487804878047906e-03,3.333333333333333981e-03,4.847533632286994687e-03,1.277904102817598031e-02
8.780487804878047906e-03,3.333333333333333981e-03,4.847533632286994687e-03,1.277904102817598031e-02
8.780487804878047906e-03,3.333333333333333981e-03,4.847533632286994687e-03,1.277904102817598031e-02
8.780487804878047906e-03,3.333333333333333981e-03,4.847533632286994687e-03,1.277904102817598031e-02
8.780487804878047906e-03,3.333333333333333981e-03,4.847533632286994687e-03,1.277904102817598031e-02
8.780487804878047906e-03,3.333333333333333981e-03,4.847533632286994687e-03,1.277904102817598031e-02
8.780487804878047906e-03,3.333333333333333981e-03,4.847533632286994687e-03,1.277904102817598031e-02
8.780487804878047906e-03,3.333333333333333981e-03,4.847533632286994687e-03,1.277904102817598031e-02
8.780487804878047906e-03,3.333333333333333981e-03,4.847533632286994687e-03,1.277904102817598031e-02
8.780487804878047906e-03,3.333333333333333981e-03,4.847533632286994687e-03,1.277904102817598031e-02
8.780487804878047906e-03,3.333333333333333981e-03,4.847533632286994687e-03,1.277904102817598031e-02
8.780487804878047906e-03,3.333333333333333981e-03,4.847533632286994687e-03,1.277904102817598031e-02
8.780487804878047906e-03,3.333333333333333981e-03,4.847533632286994687e-03,1.277904102817598031e-02
8.780487804878047906e-03,3.333333333333333981e-03,4.847533632286994687e-03,1.277904102817598031e-02
8.780487804878047906e-03,3.333333333333333981e-03,4.847533632286994687e-03,1.277904102817598031e-02
8.780487804878047906e-03,3.333333333333333981e-03,4.847533632286994687e-03,1.277904102817598031e-02
8.780487804878047906e-03,3.333333333333333981e-03,4.847533632286994687e-03,1.277904102817598031e-02
8.780487804878047906e-03,3.333333333333333981e-03,4.847533632286994687e-03,1.277904102817598031e-02
8.780487804878047906e-03,3.333333333333333981e-03,4.847533632286994687e-03,1.277904102817598031e-02
8.780487804878047906e-03,3.333333333333333981e-03,4.847533632286994687e-03,1.277904102817598031e-02
8.780487804878047906e-03,3.333333333333333981e-03,4.847533632286994687e-03,1.277904102817598031e-02
8.780487804878047906e-03,3.333333333333333981e-03,4.847533632286994687e-03,1.277904102817598031e-02
8.780487804878047906e-03,3.333333333333333981e-03,4.847533632286994687e-03,1.277904102817598031e-02
8.780487804878047906e-03,3.333333333333333981e-03,4.847533632286994687e-03,1.277904102817598031e-02
8.780487804878047906e-03,3.333333333333333981e-03,4.847533632286994687e-03,1.277904102817598031e-02
8.780487804878047906e-03,3.333333333333333981e-03,4.847533632286994687e-03,1.277904102817598031e-02
8.780487804878047906e-03,3.333333333333333981e-03,4.847533632286994687e-03,1.277904102817598031e-02
8.780487804878047906e-03,3.333333333333333981e-03,4.847533632286994687e-03,1.277904102817598031e-02
8.780487804878047906e-03,3.333333333333333981e-03,4.847533632286994687e-03,1.277904102817598031e-02
8.780487804878047906e-03,3.333333333333333981e-03,4.847533632286994687e-03,1.277904102817598031e-02
8.780487804878047906e-03,3.333333333333333981e-03,4.847533632286994687e-03,1.277904102817598031e-02
8.780487804878047906e-03,3.333333333333333981e-03,4.847533632286994687e-03,1.277904102817598031e-02
8.780487804878047906e-03,3.333333333333333981e-03,4.847533632286994687e-03,1.277904102817598031e-02
8.780487804878047906e-03,3.333333333333333981e-03,4.847533632286994687e-03,1.277904102817598031e-02
8.780487804878047906e-03,3.333333333333333981e-03,4.847533632286994687e-03,1.277904102817598031e-02
8.780487804878047906e-03,3.333333333333333981e-03,4.847533632286994687e-03,1.277904102817598031e-02
8.780487804878047906e-03,3.333333333333333981e-03,4.847533632286994687e-03,1.277904102817598031e-02
8.780487804878047906e-03,3.333333333333333981e-03,4.847533632286994687e-03,1.277904102817598031e-02
8.780487804878047906e-03,3.333333333333333981e-03,4.847533632286994687e-03,1.277904102817598031e-02
8.780487804878047906e-03,3.333333333333333981e-03,4.847533632286994687e-03,1.277904102817598031e-02
8.780487804878047906e-03,3.333333333333333981e-03,4.847533632286994687e-03,1.277904102817598031e-02
8.780487804878047906e-03,3.333333333333333981e-03,4.847533632286994687e-03,1.277904102817598031e-02
8.780487804878047906e-03,3.333333333333333981e-03,4.847533632286994687e-03,1.277904102817598031e-02
8.780487804878047906e-03,3.333333333333333981e-03,4.847533632286994687e-03,1.277904102817598031e-02
8.780487804878047906e-03,3.333333333333333981e-03,4.847533632286994687e-03,1.277904102817598031e-02
8.780487804878047906e-03,3.333333333333333981e-03,4.847533632286994687e-03,1.277904102817598031e-02
8.780487804878047906e-03,3.333333333333333981e-03,4.847533632286994687e-03,1.277904102817598031e-02
8.780487804878047906e-03,3.333333333333333981e-03,4.847533632286994687e-03,1.277904102817598031e-02
8.780487804878047906e-03,3.333333333333333981e-03,4.847533632286994687e-03,1.277904102817598031e-02
8.780487804878047906e-03,3.333333333333333981e-03,4.847533632286994687e-03,1.277904102817598031e-02
8.780487804878047906e-03,3.333333333333333981e-03,4.847533632286994687e-03,1.277904102817598031e-02
8.780487804878047906e-03,3.333333333333333981e-03,4.847533632286994687e-03,1.277904102817598031e-02
8.780487804878047906e-03,3.333333333333333981e-03,4.847533632286994687e-03,1.277904102817598031e-02
8.780487804878047906e-03,3.333333333333333981e-03,4.847533632286994687e-03,1.277904102817598031e-02
8.780487804878047906e-03,3.333333333333333981e-03,4.847533632286994687e-03,1.277904102817598031e-02
8.780487804878047906e-03,3.333333333333333981e-03,4.847533632286994687e-03,1.277904102817598031e-02
8.780487804878047906e-03,3.333333333333333981e-03,4.847533632286994687e-03,1.277904102817598031e-02
8.780487804878047906e-03,3.333333333333333981e-03,4.847533632286994687e-03,1.277904102817598031e-02
8.780487804878047906e-03,3.333333333333333981e-03,4.847533632286994687e-03,1.277904102817598031e-02
8.780487804878047906e-03,3.333333333333333981e-03,4.847533632286994687e-03,1.277904102817598031e-02
8.780487804878047906e-03,3.333333333333333981e-03,4.847533632286994687e-03,1.277904102817598031e-02
8.780487804878047906e-03,3.333333333333333981e-03,4.847533632286994687e-03,1.277904102817598031e-02
8.780487804878047906e-03,3.333333333333333981e-03,4.847533632286994687e-03,1.277904102817598031e-02
8.780487804878047906e-03,3.333333333333333981e-03,4.847533632286994687e-03,1.277904102817598031e-02
8.780487804878047906e-03,3.333333333333333981e-03,4.847533632286994687e-03,1.277904102817598031e-02
8.780487804878047906e-03,3.333333333333333981e-03,4.847533632286994687e-03,1.277904102817598031e-02
8.780487804878047906e-03,3.333333333333333981e-03,4.847533632286994687e-03,1.277904102817598031e-02
8.780487804878047906e-03,3.333333333333333981e-03,4.847533632286994687e-03,1.277904102817598031e-02
8.780487804878047906e-03,3.333333333333333981e-03,4.847533632286994687e-03,1.277904102817598031e-02
8.780487804878047906e-03,3.333333333333333981e-03,4.847533632286994687e-03,1.277904102817598031e-02
8.780487804878047906e-03,3.333333333333333981e-03,4.847533632286994687e-03,1.277904102817598031e-02
8.780487804878047906e-03,3.333333333333333981e-03,4.847533632286994687e-03,1.277904102817598031e-02
8.780487804878047906e-03,3.333333333333333981e-03,4.847533632286994687e-03,1.277904102817598031e-02
8.780487804878047906e-03,3.333333333333333981e-03,4.847533632286994687e-03,1.277904102817598031e-02
8.780487804878047906e-03,3.333333333333333981e-03,4.847533632286994687e-03,1.277904102817598031e-02
8.780487804878047906e-03,3.333333333333333981e-03,4.847533632286994687e-03,1.277904102817598031e-02
8.780487804878047906e-03,3.333333333333333981e-03,4.847533632286994687e-03,1.277904102817598031e-02
8.780487804878047906e-03,3.333333333333333981e-03,4.847533632286994687e-03,1.277904102817598031e-02
8.780487804878047906e-03,3.333333333333333981e-03,4.847533632286994687e-03,1.277904102817598031e-02
8.780487804878047906e-03,3.333333333333333981e-03,4.847533632286994687e-03,1.277904102817598031e-02
8.780487804878047906e-03,3.333333333333333981e-03,4.847533632286994687e-03,1.277904102817598031e-02
8.780487804878047906e-03,3.333333333333333981e-03,4.847533632286994687e-03,1.277904102817598031e-02
8.780487804878047906e-03,3.333333333333333981e-03,4.847533632286994687e-03,1.277904102817598031e-02
8.780487804878047906e-03,3.333333333333333981e-03,4.847533632286994687e-03,1.277904102817598031e-02
8.780487804878047906e-03,3.333333333333333981e-03,4.847533632286994687e-03,1.277904102817598031e-02
8.780487804878047906e-03,3.333333333333333981e-03,4.847533632286994687e-03,1.277904102817598031e-02
8.780487804878047906e-03,3.333333333333333981e-03,4.847533632286994687e-03,1.277904102817598031e-02
8.780487804878047906e-03,3.333333333333333981e-03,4.847533632286994687e-03,1.277904102817598031e-02
8.780487804878047906e-03,3.333333333333333981e-03,4.847533632286994687e-03,1.277904102817598031e-02
8.780487804878047906e-03,3.333333333333333981e-03,4.847533632286994687e-03,1.277904102817598031e-02
8.780487804878047906e-03,3.333333333333333981e-03,4.847533632286994687e-03,1.277904102817598031e-02
8.780487804878047906e-03,3.333333333333333981e-03,4.847533632286994687e-03,1.277904102817598031e-02
8.780487804878047906e-03,3.333333333333333981e-03,4.847533632286994687e-03,1.277904102817598031e-02
8.780487804878047906e-03,3.333333333333333981e-03,4.847533632286994687e-03,1.277904102817598031e-02
8.780487804878047906e-03,3.333333333333333981e-03,4.847533632286994687e-03,1.277904102817598031e-02
8.780487804878047906e-03,3.333333333333333981e-03,4.847533632286994687e-03,1.277904102817598031e-02
8.780487804878047906e-03,3.333333333333333981e-03,4.847533632286994687e-03,1.277904102817598031e-02
8.780487804878047906e-03,3.333333333333333981e-03,4.847533632286994687e-03,1.277904102817598031e-02
8.780487804878047906e-03,3.333333333333333981e-03,4.847533632286994687e-03,1.277904102817598031e-02
8.780487804878047906e-03,3.333333333333333981e-03,4.847533632286994687e-03,1.277904102817598031e-02
8.780487804878047906e-03,3.333333333333333981e-03,4.847533632286994687e-03,1.277904102817598031e-02
8.780487804878047906e-03,3.333333333333333981e-03,4.847533632286994687e-03,1.277904102817598031e-02
8.780487804878047906e-03,3.333333333333333981e-03,4.847533632286994687e-03,1.277904102817598031e-02
8.780487804878047906e-03,3.333333333333333981e-03,4.847533632286994687e-03,1.277904102817598031e-02
8.780487804878047906e-03,3.333333333333333981e-03,4.847533632286994687e-03,1.277904102817598031e-02
8.780487804878047906e-03,3.333333333333333981e-03,4.847533632286994687e-03,1.277904102817598031e-02
8.780487804878047906e-03,3.333333333333333981e-03,4.847533632286994687e-03,1.277904102817598031e-02
8.780487804878047906e-03,3.333333333333333981e-03,4.847533632286994687e-03,1.277904102817598031e-02
8.780487804878047906e-03,3.333333333333333981e-03,4.847533632286994687e-03,1.277904102817598031e-02
8.780487804878047906e-03,3.333333333333333981e-03,4.847533632286994687e-03,1.277904102817598031e-02
8.780487804878047906e-03,3.333333333333333981e-03,4.847533632286994687e-03,1.277904102817598031e-02
8.780487804878047906e-03,3.333333333333333981e-03,4.847533632286994687e-03,1.277904102817598031e-02
8.780487804878047906e-03,3.333333333333333981e-03,4.847533632286994687e-03,1.277904102817598031e-02
8.780487804878047906e-03,3.333333333333333981e-03,4.847533632286994687e-03,1.277904102817598031e-02
8.780487804878047906e-03,3.333333333333333981e-03,4.847533632286994687e-03,1.277904102817598031e-02
8.780487804878047906e-03,3.333333333333333981e-03,4.847533632286994687e-03,1.277904102817598031e-02
8.780487804878047906e-03,3.333333333333333981e-03,4.847533632286994687e-03,1.277904102817598031e-02
8.780487804878047906e-03,3.333333333333333981e-03,4.847533632286994687e-03,1.277904102817598031e-02
8.780487804878047906e-03,3.333333333333333981e-03,4.847533632286994687e-03,1.277904102817598031e-02
8.780487804878047906e-03,3.333333333333333981e-03,4.847533632286994687e-03,1.277904102817598031e-02
8.780487804878047906e-03,3.333333333333333981e-03,4.847533632286994687e-03,1.277904102817598031e-02
8.780487804878047906e-03,3.333333333333333981e-03,4.847533632286994687e-03,1.277904102817598031e-02
8.780487804878047906e-03,3.333333333333333981e-03,4.847533632286994687e-03,1.277904102817598031e-02
8.780487804878047906e-03,3.333333333333333981e-03,4.847533632286994687e-03,1.277904102817598031e-02
8.780487804878047906e-03,3.333333333333333981e-03,4.847533632286994687e-03,1.277904102817598031e-02
8.780487804878047906e-03,3.333333333333333981e-03,4.847533632286994687e-03,1.277904102817598031e-02
8.780487804878047906e-03,3.333333333333333981e-03,4.847533632286994687e-03,1.277904102817598031e-02
8.780487804878047906e-03,3.333333333333333981e-03,4.847533632286994687e-03,1.277904102817598031e-02
8.780487804878047906e-03,3.333333333333333981e-03,4.847533632286994687e-03,1.277904102817598031e-02
8.780487804878047906e-03,3.333333333333333981e-03,4.847533632286994687e-03,1.277904102817598031e-02
8.780487804878047906e-03,3.333333333333333981e-03,4.847533632286994687e-03,1.277904102817598031e-02
8.780487804878047906e-03,3.333333333333333981e-03,4.847533632286994687e-03,1.277904102817598031e-02
8.780487804878047906e-03,3.333333333333333981e-03,4.847533632286994687e-03,1.277904102817598031e-02
8.780487804878047906e-03,3.333333333333333981e-03,4.847533632286994687e-03,1.277904102817598031e-02
8.780487804878047906e-03,3.333333333333333981e-03,4.847533632286994687e-03,1.277904102817598031e-02
8.780487804878047906e-03,3.333333333333333981e-03,4.847533632286994687e-03,1.277904102817598031e-02
8.780487804878047906e-03,3.333333333333333981e-03,4.847533632286994687e-03,1.277904102817598031e-02
8.780487804878047906e-03,3.333333333333333981e-03,4.847533632286994687e-03,1.277904102817598031e-02
8.780487804878047906e-03,3.333333333333333981e-03,4.847533632286994687e-03,1.277904102817598031e-02
8.780487804878047906e-03,3.333333333333333981e-03,4.847533632286994687e-03,1.277904102817598031e-02
8.780487804878047906e-03,3.333333333333333981e-03,4.847533632286994687e-03,1.277904102817598031e-02
8.780487804878047906e-03,3.333333333333333981e-03,4.847533632286994687e-03,1.277904102817598031e-02
8.780487804878047906e-03,3.333333333333333981e-03,4.847533632286994687e-03,1.277904102817598031e-02
8.780487804878047906e-03,3.333333333333333981e-03,4.847533632286994687e-03,1.277904102817598031e-02
8.780487804878047906e-03,3.333333333333333981e-03,4.847533632286994687e-03,1.277904102817598031e-02
8.780487804878047906e-03,3.333333333333333981e-03,4.847533632286994687e-03,1.277904102817598031e-02
8.780487804878047906e-03,3.333333333333333981e-03,4.847533632286994687e-03,1.277904102817598031e-02
8.780487804878047906e-03,3.333333333333333981e-03,4.847533632286994687e-03,1.277904102817598031e-02
8.780487804878047906e-03,3.333333333333333981e-03,4.847533632286994687e-03,1.277904102817598031e-02
8.780487804878047906e-03,3.333333333333333981e-03,4.847533632286994687e-03,1.277904102817598031e-02
8.780487804878047906e-03,3.333333333333333981e-03,4.847533632286994687e-03,1.277904102817598031e-02
8.780487804878047906e-03,3.333333333333333981e-03,4.847533632286994687e-03,1.277904102817598031e-02
8.780487804878047906e-03,3.333333333333333981e-03,4.847533632286994687e-03,1.277904102817598031e-02
8.780487804878047906e-03,3.333333333333333981e-03,4.847533632286994687e-03,1.277904102817598031e-02
8.780487804878047906e-03,3.333333333333333981e-03,4.847533632286994687e-03,1.277904102817598031e-02
8.780487804878047906e-03,3.333333333333333981e-03,4.847533632286994687e-03,1.277904102817598031e-02
8.780487804878047906e-03,3.333333333333333981e-03,4.847533632286994687e-03,1.277904102817598031e-02
8.780487804878047906e-03,3.333333333333333981e-03,4.847533632286994687e-03,1.277904102817598031e-02
8.780487804878047906e-03,3.333333333333333981e-03,4.847533632286994687e-03,1.277904102817598031e-02
8.780487804878047906e-03,3.333333333333333981e-03,4.847533632286994687e-03,1.277904102817598031e-02
8.780487804878047906e-03,3.333333333333333981e-03,4.847533632286994687e-03,1.277904102817598031e-02
8.780487804878047906e-03,3.333333333333333981e-03,4.847533632286994687e-03,1.277904102817598031e-02
8.780487804878047906e-03,3.333333333333333981e-03,4.847533632286994687e-03,1.277904102817598031e-02
8.780487804878047906e-03,3.333333333333333981e-03,4.847533632286994687e-03,1.277904102817598031e-02
8.780487804878047906e-03,3.333333333333333981e-03,4.847533632286994687e-03,1.277904102817598031e-02
8.780487804878047906e-03,3.333333333333333981e-03,4.847533632286994687e-03,1.277904102817598031e-02
8.780487804878047906e-03,3.333333333333333981e-03,4.847533632286994687e-03,1.277904102817598031e-02
8.780487804878047906e-03,3.333333333333333981e-03,4.847533632286994687e-03,1.277904102817598031e-02
8.780487804878047906e-03,3.333333333333333981e-03,4.847533632286994687e-03,1.277904102817598031e-02
8.780487804878047906e-03,3.333333333333333981e-03,4.847533632286994687e-03,1.277904102817598031e-02
8.780487804878047906e-03,3.333333333333333981e-03,4.847533632286994687e-03,1.277904102817598031e-02
8.780487804878047906e-03,3.333333333333333981e-03,4.847533632286994687e-03,1.277904102817598031e-02
8.780487804878047906e-03,3.333333333333333981e-03,4.847533632286994687e-03,1.277904102817598031e-02
8.780487804878047906e-03,3.333333333333333981e-03,4.847533632286994687e-03,1.277904102817598031e-02
8.780487804878047906e-03,3.333333333333333981e-03,4.847533632286994687e-03,1.277904102817598031e-02
8.780487804878047906e-03,3.333333333333333981e-03,4.847533632286994687e-03,1.277904102817598031e-02
8.780487804878047906e-03,3.333333333333333981e-03,4.847533632286994687e-03,1.277904102817598031e-02
8.780487804878047906e-03,3.333333333333333981e-03,4.847533632286994687e-03,1.277904102817598031e-02
8.780487804878047906e-03,3.333333333333333981e-03,4.847533632286994687e-03,1.277904102817598031e-02
8.780487804878047906e-03,3.333333333333333981e-03,4.847533632286994687e-03,1.277904102817598031e-02
8.780487804878047906e-03,3.333333333333333981e-03,4.847533632286994687e-03,1.277904102817598031e-02
8.780487804878047906e-03,3.333333333333333981e-03,4.847533632286994687e-03,1.277904102817598031e-02
8.780487804878047906e-03,3.333333333333333981e-03,4.847533632286994687e-03,1.277904102817598031e-02
8.780487804878047906e-03,3.333333333333333981e-03,4.847533632286994687e-03,1.277904102817598031e-02
8.780487804878047906e-03,3.333333333333333981e-03,4.847533632286994687e-03,1.277904102817598031e-02
8.780487804878047906e-03,3.333333333333333981e-03,4.847533632286994687e-03,1.277904102817598031e-02
8.780487804878047906e-03,3.333333333333333981e-03,4.847533632286994687e-03,1.277904102817598031e-02
8.780487804878047906e-03,3.333333333333333981e-03,4.847533632286994687e-03,1.277904102817598031e-02
8.780487804878047906e-03,3.333333333333333981e-03,4.847533632286994687e-03,1.277904102817598031e-02
8.780487804878047906e-03,3.333333333333333981e-03,4.847533632286994687e-03,1.277904102817598031e-02
8.780487804878047906e-03,3.333333333333333981e-03,4.847533632286994687e-03,1.277904102817598031e-02
8.780487804878047906e-03,3.333333333333333981e-03,4.847533632286994687e-03,1.277904102817598031e-02
8.780487804878047906e-03,3.333333333333333981e-03,4.847533632286994687e-03,1.277904102817598031e-02
8.780487804878047906e-03,3.333333333333333981e-03,4.847533632286994687e-03,1.277904102817598031e-02
8.780487804878047906e-03,3.333333333333333981e-03,4.847533632286994687e-03,1.277904102817598031e-02
8.780487804878047906e-03,3.333333333333333981e-03,4.847533632286994687e-03,1.277904102817598031e-02
8.780487804878047906e-03,3.333333333333333981e-03,4.847533632286994687e-03,1.277904102817598031e-02
8.780487804878047906e-03,3.333333333333333981e-03,4.847533632286994687e-03,1.277904102817598031e-02
8.780487804878047906e-03,3.333333333333333981e-03,4.847533632286994687e-03,1.277904102817598031e-02
8.780487804878047906e-03,3.333333333333333981e-03,4.847533632286994687e-03,1.277904102817598031e-02
8.780487804878047906e-03,3.333333333333333981e-03,4.847533632286994687e-03,1.277904102817598031e-02
8.780487804878047906e-03,3.333333333333333981e-03,4.847533632286994687e-03,1.277904102817598031e-02
8.780487804878047906e-03,3.333333333333333981e-03,4.847533632286994687e-03,1.277904102817598031e-02
8.780487804878047906e-03,3.333333333333333981e-03,4.847533632286994687e-03,1.277904102817598031e-02
8.780487804878047906e-03,3.333333333333333981e-03,4.847533632286994687e-03,1.277904102817598031e-02
8.780487804878047906e-03,3.333333333333333981e-03,4.847533632286994687e-03,1.277904102817598031e-02
8.780487804878047906e-03,3.333333333333333981e-03,4.847533632286994687e-03,1.277904102817598031e-02
8.780487804878047906e-03,3.333333333333333981e-03,4.847533632286994687e-03,1.277904102817598031e-02
8.780487804878047906e-03,3.333333333333333981e-03,4.847533632286994687e-03,1.277904102817598031e-02
8.780487804878047906e-03,3.333333333333333981e-03,4.847533632286994687e-03,1.277904102817598031e-02
8.780487804878047906e-03,3.333333333333333981e-03,4.847533632286994687e-03,1.277904102817598031e-02
8.780487804878047906e-03,3.333333333333333981e-03,4.847533632286994687e-03,1.277904102817598031e-02
8.780487804878047906e-03,3.333333333333333981e-03,4.847533632286994687e-03,1.277904102817598031e-02
8.780487804878047906e-03,3.333333333333333981e-03,4.847533632286994687e-03,1.277904102817598031e-02
8.780487804878047906e-03,3.333333333333333981e-03,4.847533632286994687e-03,1.277904102817598031e-02
8.780487804878047906e-03,3.333333333333333981e-03,4.847533632286994687e-03,1.277904102817598031e-02
8.780487804878047906e-03,3.333333333333333981e-03,4.847533632286994687e-03,1.277904102817598031e-02
8.780487804878047906e-03,3.333333333333333981e-03,4.847533632286994687e-03,1.277904102817598031e-02
8.780487804878047906e-03,3.333333333333333981e-03,4.847533632286994687e-03,1.277904102817598031e-02
8.780487804878047906e-03,3.333333333333333981e-03,4.847533632286994687e-03,1.277904102817598031e-02
8.780487804878047906e-03,3.333333333333333981e-03,4.847533632286994687e-03,1.277904102817598031e-02
8.780487804878047906e-03,3.333333333333333981e-03,4.847533632286994687e-03,1.277904102817598031e-02
8.780487804878047906e-03,3.333333333333333981e-03,4.847533632286994687e-03,1.277904102817598031e-02
8.780487804878047906e-03,3.333333333333333981e-03,4.847533632286994687e-03,1.277904102817598031e-02
8.780487804878047906e-03,3.333333333333333981e-03,4.847533632286994687e-03,1.277904102817598031e-02
8.780487804878047906e-03,3.333333333333333981e-03,4.847533632286994687e-03,1.277904102817598031e-02
8.780487804878047906e-03,3.333333333333333981e-03,4.847533632286994687e-03,1.277904102817598031e-02
8.780487804878047906e-03,3.333333333333333981e-03,4.847533632286994687e-03,1.277904102817598031e-02
8.780487804878047906e-03,3.333333333333333981e-03,4.847533632286994687e-03,1.277904102817598031e-02
8.780487804878047906e-03,3.333333333333333981e-03,4.847533632286994687e-03,1.277904102817598031e-02
8.780487804878047906e-03,3.333333333333333981e-03,4.847533632286994687e-03,1.277904102817598031e-02
8.780487804878047906e-03,3.333333333333333981e-03,4.847533632286994687e-03,1.277904102817598031e-02
8.780487804878047906e-03,3.333333333333333981e-03,4.847533632286994687e-03,1.277904102817598031e-02
8.780487804878047906e-03,3.333333333333333981e-03,4.847533632286994687e-03,1.277904102817598031e-02
8.780487804878047906e-03,3.333333333333333981e-03,4.847533632286994687e-03,1.277904102817598031e-02
8.780487804878047906e-03,3.333333333333333981e-03,4.847533632286994687e-03,1.277904102817598031e-02
8.780487804878047906e-03,3.333333333333333981e-03,4.847533632286994687e-03,1.277904102817598031e-02
8.780487804878047906e-03,3.333333333333333981e-03,4.847533632286994687e-03,1.277904102817598031e-02
8.780487804878047906e-03,3.333333333333333981e-03,4.847533632286994687e-03,1.277904102817598031e-02
8.780487804878047906e-03,3.333333333333333981e-03,4.847533632286994687e-03,1.277904102817598031e-02
8.780487804878047906e-03,3.333333333333333981e-03,4.847533632286994687e-03,1.277904102817598031e-02
8.780487804878047906e-03,3.333333333333333981e-03,4.847533632286994687e-03,1.277904102817598031e-02
8.780487804878047906e-03,3.333333333333333981e-03,4.847533632286994687e-03,1.277904102817598031e-02
8.780487804878047906e-03,3.333333333333333981e-03,4.847533632286994687e-03,1.277904102817598031e-02
8.780487804878047906e-03,3.333333333333333981e-03,4.847533632286994687e-03,1.277904102817598031e-02
8.780487804878047906e-03,3.333333333333333981e-03,4.847533632286994687e-03,1.277904102817598031e-02
8.780487804878047906e-03,3.333333333333333981e-03,4.847533632286994687e-03,1.277904102817598031e-02
8.780487804878047906e-03,3.333333333333333981e-03,4.847533632286994687e-03,1.277904102817598031e-02
8.780487804878047906e-03,3.333333333333333981e-03,4.847533632286994687e-03,1.277904102817598031e-02
8.780487804878047906e-03,3.333333333333333981e-03,4.847533632286994687e-03,1.277904102817598031e-02
8.780487804878047906e-03,3.333333333333333981e-03,4.847533632286994687e-03,1.277904102817598031e-02
8.780487804878047906e-03,3.333333333333333981e-03,4.847533632286994687e-03,1.277904102817598031e-02
8.780487804878047906e-03,3.333333333333333981e-03,4.847533632286994687e-03,1.277904102817598031e-02
8.780487804878047906e-03,3.333333333333333981e-03,4.847533632286994687e-03,1.277904102817598031e-02
8.780487804878047906e-03,3.333333333333333981e-03,4.847533632286994687e-03,1.277904102817598031e-02
8.780487804878047906e-03,3.333333333333333981e-03,4.847533632286994687e-03,1.277904102817598031e-02
8.780487804878047906e-03,3.333333333333333981e-03,4.847533632286994687e-03,1.277904102817598031e-02
8.780487804878047906e-03,3.333333333333333981e-03,4.847533632286994687e-03,1.277904102817598031e-02
8.780487804878047906e-03,3.333333333333333981e-03,4.847533632286994687e-03,1.277904102817598031e-02
8.780487804878047906e-03,3.333333333333333981e-03,4.847533632286994687e-03,1.277904102817598031e-02
8.780487804878047906e-03,3.333333333333333981e-03,4.847533632286994687e-03,1.277904102817598031e-02
8.780487804878047906e-03,3.333333333333333981e-03,4.847533632286994687e-03,1.277904102817598031e-02
8.780487804878047906e-03,3.333333333333333981e-03,4.847533632286994687e-03,1.277904102817598031e-02
8.780487804878047906e-03,3.333333333333333981e-03,4.847533632286994687e-03,1.277904102817598031e-02
8.780487804878047906e-03,3.333333333333333981e-03,4.847533632286994687e-03,1.277904102817598031e-02
8.780487804878047906e-03,3.333333333333333981e-03,4.847533632286994687e-03,1.277904102817598031e-02
8.780487804878047906e-03,3.333333333333333981e-03,4.847533632286994687e-03,1.277904102817598031e-02
8.780487804878047906e-03,3.333333333333333981e-03,4.847533632286994687e-03,1.277904102817598031e-02
8.780487804878047906e-03,3.333333333333333981e-03,4.847533632286994687e-03,1.277904102817598031e-02
8.780487804878047906e-03,3.333333333333333981e-03,4.847533632286994687e-03,1.277904102817598031e-02
8.780487804878047906e-03,3.333333333333333981e-03,4.847533632286994687e-03,1.277904102817598031e-02
8.780487804878047906e-03,3.333333333333333981e-03,4.847533632286994687e-03,1.277904102817598031e-02
8.780487804878047906e-03,3.333333333333333981e-03,4.847533632286994687e-03,1.277904102817598031e-02
8.780487804878047906e-03,3.333333333333333981e-03,4.847533632286994687e-03,1.277904102817598031e-02
8.780487804878047906e-03,3.333333333333333981e-03,4.847533632286994687e-03,1.277904102817598031e-02
8.780487804878047906e-03,3.333333333333333981e-03,4.847533632286994687e-03,1.277904102817598031e-02
8.780487804878047906e-03,3.333333333333333981e-03,4.847533632286994687e-03,1.277904102817598031e-02
8.780487804878047906e-03,3.333333333333333981e-03,4.847533632286994687e-03,1.277904102817598031e-02
8.780487804878047906e-03,3.333333333333333981e-03,4.847533632286994687e-03,1.277904102817598031e-02
8.780487804878047906e-03,3.333333333333333981e-03,4.847533632286994687e-03,1.277904102817598031e-02
8.780487804878047906e-03,3.333333333333333981e-03,4.847533632286994687e-03,1.277904102817598031e-02
8.780487804878047906e-03,3.333333333333333981e-03,4.847533632286994687e-03,1.277904102817598031e-02
8.780487804878047906e-03,3.333333333333333981e-03,4.847533632286994687e-03,1.277904102817598031e-02
8.780487804878047906e-03,3.333333333333333981e-03,4.847533632286994687e-03,1.277904102817598031e-02
8.780487804878047906e-03,3.333333333333333981e-03,4.847533632286994687e-03,1.277904102817598031e-02
8.780487804878047906e-03,3.333333333333333981e-03,4.847533632286994687e-03,1.277904102817598031e-02
8.780487804878047906e-03,3.333333333333333981e-03,4.847533632286994687e-03,1.277904102817598031e-02
8.780487804878047906e-03,3.333333333333333981e-03,4.847533632286994687e-03,1.277904102817598031e-02
8.780487804878047906e-03,3.333333333333333981e-03,4.847533632286994687e-03,1.277904102817598031e-02
8.780487804878047906e-03,3.333333333333333981e-03,4.847533632286994687e-03,1.277904102817598031e-02
8.780487804878047906e-03,3.333333333333333981e-03,4.847533632286994687e-03,1.277904102817598031e-02
8.780487804878047906e-03,3.333333333333333981e-03,4.847533632286994687e-03,1.277904102817598031e-02
8.780487804878047906e-03,3.333333333333333981e-03,4.847533632286994687e-03,1.277904102817598031e-02
8.780487804878047906e-03,3.333333333333333981e-03,4.847533632286994687e-03,1.277904102817598031e-02
8.780487804878047906e-03,3.333333333333333981e-03,4.847533632286994687e-03,1.277904102817598031e-02
8.780487804878047906e-03,3.333333333333333981e-03,4.847533632286994687e-03,1.277904102817598031e-02
8.780487804878047906e-03,3.333333333333333981e-03,4.847533632286994687e-03,1.277904102817598031e-02
8.780487804878047906e-03,3.333333333333333981e-03,4.847533632286994687e-03,1.277904102817598031e-02
8.780487804878047906e-03,3.333333333333333981e-03,4.847533632286994687e-03,1.277904102817598031e-02
8.780487804878047906e-03,3.333333333333333981e-03,4.847533632286994687e-03,1.277904102817598031e-02
8.780487804878047906e-03,3.333333333333333981e-03,4.847533632286994687e-03,1.277904102817598031e-02
8.780487804878047906e-03,3.333333333333333981e-03,4.847533632286994687e-03,1.277904102817598031e-02
8.780487804878047906e-03,3.333333333333333981e-03,4.847533632286994687e-03,1.277904102817598031e-02
8.780487804878047906e-03,3.333333333333333981e-03,4.847533632286994687e-03,1.277904102817598031e-02
8.780487804878047906e-03,3.333333333333333981e-03,4.847533632286994687e-03,1.277904102817598031e-02
8.780487804878047906e-03,3.333333333333333981e-03,4.847533632286994687e-03,1.277904102817598031e-02
8.780487804878047906e-03,3.333333333333333981e-03,4.847533632286994687e-03,1.277904102817598031e-02
8.780487804878047906e-03,3.333333333333333981e-03,4.847533632286994687e-03,1.277904102817598031e-02
8.780487804878047906e-03,3.333333333333333981e-03,4.847533632286994687e-03,1.277904102817598031e-02
8.780487804878047906e-03,3.333333333333333981e-03,4.847533632286994687e-03,1.277904102817598031e-02
8.780487804878047906e-03,3.333333333333333981e-03,4.847533632286994687e-03,1.277904102817598031e-02
8.780487804878047906e-03,3.333333333333333981e-03,4.847533632286994687e-03,1.277904102817598031e-02
8.780487804878047906e-03,3.333333333333333981e-03,4.847533632286994687e-03,1.277904102817598031e-02
8.780487804878047906e-03,3.333333333333333981e-03,4.847533632286994687e-03,1.277904102817598031e-02
8.780487804878047906e-03,3.333333333333333981e-03,4.847533632286994687e-03,1.277904102817598031e-02
8.780487804878047906e-03,3.333333333333333981e-03,4.847533632286994687e-03,1.277904102817598031e-02
8.780487804878047906e-03,3.333333333333333981e-03,4.847533632286994687e-03,1.277904102817598031e-02
8.780487804878047906e-03,3.333333333333333981e-03,4.847533632286994687e-03,1.277904102817598031e-02
8.780487804878047906e-03,3.333333333333333981e-03,4.847533632286994687e-03,1.277904102817598031e-02
8.780487804878047906e-03,3.333333333333333981e-03,4.847533632286994687e-03,1.277904102817598031e-02
8.780487804878047906e-03,3.333333333333333981e-03,4.847533632286994687e-03,1.277904102817598031e-02
8.780487804878047906e-03,3.333333333333333981e-03,4.847533632286994687e-03,1.277904102817598031e-02
8.780487804878047906e-03,3.333333333333333981e-03,4.847533632286994687e-03,1.277904102817598031e-02
8.780487804878047906e-03,3.333333333333333981e-03,4.847533632286994687e-03,1.277904102817598031e-02
8.780487804878047906e-03,3.333333333333333981e-03,4.847533632286994687e-03,1.277904102817598031e-02
8.780487804878047906e-03,3.333333333333333981e-03,4.847533632286994687e-03,1.277904102817598031e-02
8.780487804878047906e-03,3.333333333333333981e-03,4.847533632286994687e-03,1.277904102817598031e-02
8.780487804878047906e-03,3.333333333333333981e-03,4.847533632286994687e-03,1.277904102817598031e-02
8.780487804878047906e-03,3.333333333333333981e-03,4.847533632286994687e-03,1.277904102817598031e-02
8.780487804878047906e-03,3.333333333333333981e-03,4.847533632286994687e-03,1.277904102817598031e-02
8.780487804878047906e-03,3.333333333333333981e-03,4.847533632286994687e-03,1.277904102817598031e-02
8.780487804878047906e-03,3.333333333333333981e-03,4.847533632286994687e-03,1.277904102817598031e-02
8.780487804878047906e-03,3.333333333333333981e-03,4.847533632286994687e-03,1.277904102817598031e-02
8.780487804878047906e-03,3.333333333333333981e-03,4.847533632286994687e-03,1.277904102817598031e-02
8.780487804878047906e-03,3.333333333333333981e-03,4.847533632286994687e-03,1.277904102817598031e-02
8.780487804878047906e-03,3.333333333333333981e-03,4.847533632286994687e-03,1.277904102817598031e-02
8.780487804878047906e-03,3.333333333333333981e-03,4.847533632286994687e-03,1.277904102817598031e-02
8.780487804878047906e-03,3.333333333333333981e-03,4.847533632286994687e-03,1.277904102817598031e-02
8.780487804878047906e-03,3.333333333333333981e-03,4.847533632286994687e-03,1.277904102817598031e-02
8.780487804878047906e-03,3.333333333333333981e-03,4.847533632286994687e-03,1.277904102817598031e-02
8.780487804878047906e-03,3.333333333333333981e-03,4.847533632286994687e-03,1.277904102817598031e-02
8.780487804878047906e-03,3.333333333333333981e-03,4.847533632286994687e-03,1.277904102817598031e-02
8.780487804878047906e-03,3.333333333333333981e-03,4.847533632286994687e-03,1.277904102817598031e-02
8.780487804878047906e-03,3.333333333333333981e-03,4.847533632286994687e-03,1.277904102817598031e-02
8.780487804878047906e-03,3.333333333333333981e-03,4.847533632286994687e-03,1.277904102817598031e-02
8.780487804878047906e-03,3.333333333333333981e-03,4.847533632286994687e-03,1.277904102817598031e-02
8.780487804878047906e-03,3.333333333333333981e-03,4.847533632286994687e-03,1.277904102817598031e-02
8.780487804878047906e-03,3.333333333333333981e-03,4.847533632286994687e-03,1.277904102817598031e-02
8.780487804878047906e-03,3.333333333333333981e-03,4.847533632286994687e-03,1.277904102817598031e-02
8.780487804878047906e-03,3.333333333333333981e-03,4.847533632286994687e-03,1.277904102817598031e-02
8.780487804878047906e-03,3.333333333333333981e-03,4.847533632286994687e-03,1.277904102817598031e-02
8.780487804878047906e-03,3.333333333333333981e-03,4.847533632286994687e-03,1.277904102817598031e-02
8.780487804878047906e-03,3.333333333333333981e-03,4.847533632286994687e-03,1.277904102817598031e-02
8.780487804878047906e-03,3.333333333333333981e-03,4.847533632286994687e-03,1.277904102817598031e-02
8.780487804878047906e-03,3.333333333333333981e-03,4.847533632286994687e-03,1.277904102817598031e-02
8.780487804878047906e-03,3.333333333333333981e-03,4.847533632286994687e-03,1.277904102817598031e-02
8.780487804878047906e-03,3.333333333333333981e-03,4.847533632286994687e-03,1.277904102817598031e-02
8.780487804878047906e-03,3.333333333333333981e-03,4.847533632286994687e-03,1.277904102817598031e-02
8.780487804878047906e-03,3.333333333333333981e-03,4.847533632286994687e-03,1.277904102817598031e-02
8.780487804878047906e-03,3.333333333333333981e-03,4.847533632286994687e-03,1.277904102817598031e-02
8.780487804878047906e-03,3.333333333333333981e-03,4.847533632286994687e-03,1.277904102817598031e-02
8.780487804878047906e-03,3.333333333333333981e-03,4.847533632286994687e-03,1.277904102817598031e-02
8.780487804878047906e-03,3.333333333333333981e-03,4.847533632286994687e-03,1.277904102817598031e-02
8.780487804878047906e-03,3.333333333333333981e-03,4.847533632286994687e-03,1.277904102817598031e-02
8.780487804878047906e-03,3.333333333333333981e-03,4.847533632286994687e-03,1.277904102817598031e-02
8.780487804878047906e-03,3.333333333333333981e-03,4.847533632286994687e-03,1.277904102817598031e-02
8.780487804878047906e-03,3.333333333333333981e-03,4.847533632286994687e-03,1.277904102817598031e-02
8.780487804878047906e-03,3.333333333333333981e-03,4.847533632286994687e-03,1.277904102817598031e-02
8.780487804878047906e-03,3.333333333333333981e-03,4.847533632286994687e-03,1.277904102817598031e-02
8.780487804878047906e-03,3.333333333333333981e-03,4.847533632286994687e-03,1.277904102817598031e-02
8.780487804878047906e-03,3.333333333333333981e-03,4.847533632286994687e-03,1.277904102817598031e-02
8.780487804878047906e-03,3.333333333333333981e-03,4.847533632286994687e-03,1.277904102817598031e-02
8.780487804878047906e-03,3.333333333333333981e-03,4.847533632286994687e-03,1.277904102817598031e-02
8.780487804878047906e-03,3.333333333333333981e-03,4.847533632286994687e-03,1.277904102817598031e-02
8.780487804878047906e-03,3.333333333333333981e-03,4.847533632286994687e-03,1.277904102817598031e-02
8.780487804878047906e-03,3.333333333333333981e-03,4.847533632286994687e-03,1.277904102817598031e-02
8.780487804878047906e-03,3.333333333333333981e-03,4.847533632286994687e-03,1.277904102817598031e-02
8.780487804878047906e-03,3.333333333333333981e-03,4.847533632286994687e-03,1.277904102817598031e-02
8.780487804878047906e-03,3.333333333333333981e-03,4.847533632286994687e-03,1.277904102817598031e-02
8.780487804878047906e-03,3.333333333333333981e-03,4.847533632286994687e-03,1.277904102817598031e-02
8.780487804878047906e-03,3.333333333333333981e-03,4.847533632286994687e-03,1.277904102817598031e-02
8.780487804878047906e-03,3.333333333333333981e-03,4.847533632286994687e-03,1.277904102817598031e-02
8.780487804878047906e-03,3.333333333333333981e-03,4.847533632286994687e-03,1.277904102817598031e-02
8.780487804878047906e-03,3.333333333333333981e-03,4.847533632286994687e-03,1.277904102817598031e-02
8.780487804878047906e-03,3.333333333333333981e-03,4.847533632286994687e-03,1.277904102817598031e-02
8.780487804878047906e-03,3.333333333333333981e-03,4.847533632286994687e-03,1.277904102817598031e-02
8.780487804878047906e-03,3.333333333333333981e-03,4.847533632286994687e-03,1.277904102817598031e-02
8.780487804878047906e-03,3.333333333333333981e-03,4.847533632286994687e-03,1.277904102817598031e-02
8.780487804878047906e-03,3.333333333333333981e-03,4.847533632286994687e-03,1.277904102817598031e-02
8.780487804878047906e-03,3.333333333333333981e-03,4.847533632286994687e-03,1.277904102817598031e-02
8.780487804878047906e-03,3.333333333333333981e-03,4.847533632286994687e-03,1.277904102817598031e-02
8.780487804878047906e-03,3.333333333333333981e-03,4.847533632286994687e-03,1.277904102817598031e-02
8.780487804878047906e-03,3.333333333333333981e-03,4.847533632286994687e-03,1.277904102817598031e-02
8.780487804878047906e-03,3.333333333333333981e-03,4.847533632286994687e-03,1.277904102817598031e-02
8.780487804878047906e-03,3.333333333333333981e-03,4.847533632286994687e-03,1.277904102817598031e-02
8.780487804878047906e-03,3.333333333333333981e-03,4.847533632286994687e-03,1.277904102817598031e-02
8.780487804878047906e-03,3.333333333333333981e-03,4.847533632286994687e-03,1.277904102817598031e-02
8.780487804878047906e-03,3.333333333333333981e-03,4.847533632286994687e-03,1.277904102817598031e-02
8.780487804878047906e-03,3.333333333333333981e-03,4.847533632286994687e-03,1.277904102817598031e-02
8.780487804878047906e-03,3.333333333333333981e-03,4.847533632286994687e-03,1.277904102817598031e-02
8.780487804878047906e-03,3.333333333333333981e-03,4.847533632286994687e-03,1.277904102817598031e-02
8.780487804878047906e-03,3.333333333333333981e-03,4.847533632286994687e-03,1.277904102817598031e-02
8.780487804878047906e-03,3.333333333333333981e-03,4.847533632286994687e-03,1.277904102817598031e-02
8.780487804878047906e-03,3.333333333333333981e-03,4.847533632286994687e-03,1.277904102817598031e-02
8.780487804878047906e-03,3.333333333333333981e-03,4.847533632286994687e-03,1.277904102817598031e-02
8.780487804878047906e-03,3.333333333333333981e-03,4.847533632286994687e-03,1.277904102817598031e-02
8.780487804878047906e-03,3.333333333333333981e-03,4.847533632286994687e-03,1.277904102817598031e-02
8.780487804878047906e-03,3.333333333333333981e-03,4.847533632286994687e-03,1.277904102817598031e-02
8.780487804878047906e-03,3.333333333333333981e-03,4.847533632286994687e-03,1.277904102817598031e-02
8.780487804878047906e-03,3.333333333333333981e-03,4.847533632286994687e-03,1.277904102817598031e-02
8.780487804878047906e-03,3.333333333333333981e-03,4.847533632286994687e-03,1.277904102817598031e-02
8.780487804878047906e-03,3.333333333333333981e-03,4.847533632286994687e-03,1.277904102817598031e-02
8.780487804878047906e-03,3.333333333333333981e-03,4.847533632286994687e-03,1.277904102817598031e-02
8.780487804878047906e-03,3.333333333333333981e-03,4.847533632286994687e-03,1.277904102817598031e-02
8.780487804878047906e-03,3.333333333333333981e-03,4.847533632286994687e-03,1.277904102817598031e-02
8.780487804878047906e-03,3.333333333333333981e-03,4.847533632286994687e-03,1.277904102817598031e-02
8.780487804878047906e-03,3.333333333333333981e-03,4.847533632286994687e-03,1.277904102817598031e-02
8.780487804878047906e-03,3.333333333333333981e-03,4.847533632286994687e-03,1.277904102817598031e-02
8.780487804878047906e-03,3.333333333333333981e-03,4.847533632286994687e-03,1.277904102817598031e-02
8.780487804878047906e-03,3.333333333333333981e-03,4.847533632286994687e-03,1.277904102817598031e-02
8.780487804878047906e-03,3.333333333333333981e-03,4.847533632286994687e-03,1.277904102817598031e-02
8.780487804878047906e-03,3.333333333333333981e-03,4.847533632286994687e-03,1.277904102817598031e-02
8.780487804878047906e-03,3.333333333333333981e-03,4.847533632286994687e-03,1.277904102817598031e-02
8.780487804878047906e-03,3.333333333333333981e-03,4.847533632286994687e-03,1.277904102817598031e-02
8.780487804878047906e-03,3.333333333333333981e-03,4.847533632286994687e-03,1.277904102817598031e-02
8.780487804878047906e-03,3.333333333333333981e-03,4.847533632286994687e-03,1.277904102817598031e-02
8.780487804878047906e-03,3.333333333333333981e-03,4.847533632286994687e-03,1.277904102817598031e-02
8.780487804878047906e-03,3.333333333333333981e-03,4.847533632286994687e-03,1.277904102817598031e-02
8.780487804878047906e-03,3.333333333333333981e-03,4.847533632286994687e-03,1.277904102817598031e-02
8.780487804878047906e-03,3.333333333333333981e-03,4.847533632286994687e-03,1.277904102817598031e-02
8.780487804878047906e-03,3.333333333333333981e-03,4.847533632286994687e-03,1.277904102817598031e-02
8.780487804878047906e-03,3.333333333333333981e-03,4.847533632286994687e-03,1.277904102817598031e-02
8.780487804878047906e-03,3.333333333333333981e-03,4.847533632286994687e-03,1.277904102817598031e-02
8.780487804878047906e-03,3.333333333333333981e-03,4.847533632286994687e-03,1.277904102817598031e-02
8.780487804878047906e-03,3.333333333333333981e-03,4.847533632286994687e-03,1.277904102817598031e-02
8.780487804878047906e-03,3.333333333333333981e-03,4.847533632286994687e-03,1.277904102817598031e-02
8.780487804878047906e-03,3.333333333333333981e-03,4.847533632286994687e-03,1.277904102817598031e-02
8.780487804878047906e-03,3.333333333333333981e-03,4.847533632286994687e-03,1.277904102817598031e-02
8.780487804878047906e-03,3.333333333333333981e-03,4.847533632286994687e-03,1.277904102817598031e-02
8.780487804878047906e-03,3.333333333333333981e-03,4.847533632286994687e-03,1.277904102817598031e-02
8.780487804878047906e-03,3.333333333333333981e-03,4.847533632286994687e-03,1.277904102817598031e-02
8.780487804878047906e-03,3.333333333333333981e-03,4.847533632286994687e-03,1.277904102817598031e-02
8.780487804878047906e-03,3.333333333333333981e-03,4.847533632286994687e-03,1.277904102817598031e-02
8.780487804878047906e-03,3.333333333333333981e-03,4.847533632286994687e-03,1.277904102817598031e-02
8.780487804878047906e-03,3.333333333333333981e-03,4.847533632286994687e-03,1.277904102817598031e-02
8.780487804878047906e-03,3.333333333333333981e-03,4.847533632286994687e-03,1.277904102817598031e-02
8.780487804878047906e-03,3.333333333333333981e-03,4.847533632286994687e-03,1.277904102817598031e-02
8.780487804878047906e-03,3.333333333333333981e-03,4.847533632286994687e-03,1.277904102817598031e-02
8.780487804878047906e-03,3.333333333333333981e-03,4.847533632286994687e-03,1.277904102817598031e-02
8.780487804878047906e-03,3.333333333333333981e-03,4.847533632286994687e-03,1.277904102817598031e-02
8.780487804878047906e-03,3.333333333333333981e-03,4.847533632286994687e-03,1.277904102817598031e-02
8.780487804878047906e-03,3.333333333333333981e-03,4.847533632286994687e-03,1.277904102817598031e-02
8.780487804878047906e-03,3.333333333333333981e-03,4.847533632286994687e-03,1.277904102817598031e-02
8.780487804878047906e-03,3.333333333333333981e-03,4.847533632286994687e-03,1.277904102817598031e-02
8.780487804878047906e-03,3.333333333333333981e-03,4.847533632286994687e-03,1.277904102817598031e-02
8.780487804878047906e-03,3.333333333333333981e-03,4.847533632286994687e-03,1.277904102817598031e-02
8.780487804878047906e-03,3.333333333333333981e-03,4.847533632286994687e-03,1.277904102817598031e-02
8.780487804878047906e-03,3.333333333333333981e-03,4.847533632286994687e-03,1.277904102817598031e-02
8.780487804878047906e-03,3.333333333333333981e-03,4.847533632286994687e-03,1.277904102817598031e-02
8.780487804878047906e-03,3.333333333333333981e-03,4.847533632286994687e-03,1.277904102817598031e-02
8.780487804878047906e-03,3.333333333333333981e-03,4.847533632286994687e-03,1.277904102817598031e-02
8.780487804878047906e-03,3.333333333333333981e-03,4.847533632286994687e-03,1.277904102817598031e-02
8.780487804878047906e-03,3.333333333333333981e-03,4.847533632286994687e-03,1.277904102817598031e-02
8.780487804878047906e-03,3.333333333333333981e-03,4.847533632286994687e-03,1.277904102817598031e-02
8.780487804878047906e-03,3.333333333333333981e-03,4.847533632286994687e-03,1.277904102817598031e-02
8.780487804878047906e-03,3.333333333333333981e-03,4.847533632286994687e-03,1.277904102817598031e-02
8.780487804878047906e-03,3.333333333333333981e-03,4.847533632286994687e-03,1.277904102817598031e-02
8.780487804878047906e-03,3.333333333333333981e-03,4.847533632286994687e-03,1.277904102817598031e-02
8.780487804878047906e-03,3.333333333333333981e-03,4.847533632286994687e-03,1.277904102817598031e-02
8.780487804878047906e-03,3.333333333333333981e-03,4.847533632286994687e-03,1.277904102817598031e-02
8.780487804878047906e-03,3.333333333333333981e-03,4.847533632286994687e-03,1.277904102817598031e-02
8.780487804878047906e-03,3.333333333333333981e-03,4.847533632286994687e-03,1.277904102817598031e-02
8.780487804878047906e-03,3.333333333333333981e-03,4.847533632286994687e-03,1.277904102817598031e-02
8.780487804878047906e-03,3.333333333333333981e-03,4.847533632286994687e-03,1.277904102817598031e-02
8.780487804878047906e-03,3.333333333333333981e-03,4.847533632286994687e-03,1.277904102817598031e-02
8.780487804878047906e-03,3.333333333333333981e-03,4.847533632286994687e-03,1.277904102817598031e-02
8.780487804878047906e-03,3.333333333333333981e-03,4.847533632286994687e-03,1.277904102817598031e-02
8.780487804878047906e-03,3.333333333333333981e-03,4.847533632286994687e-03,1.277904102817598031e-02
8.780487804878047906e-03,3.333333333333333981e-03,4.847533632286994687e-03,1.277904102817598031e-02
8.780487804878047906e-03,3.333333333333333981e-03,4.847533632286994687e-03,1.277904102817598031e-02
8.780487804878047906e-03,3.333333333333333981e-03,4.847533632286994687e-03,1.277904102817598031e-02
8.780487804878047906e-03,3.333333333333333981e-03,4.847533632286994687e-03,1.277904102817598031e-02
8.780487804878047906e-03,3.333333333333333981e-03,4.847533632286994687e-03,1.277904102817598031e-02
8.780487804878047906e-03,3.333333333333333981e-03,4.847533632286994687e-03,1.277904102817598031e-02
8.780487804878047906e-03,3.333333333333333981e-03,4.847533632286994687e-03,1.277904102817598031e-02
8.780487804878047906e-03,3.333333333333333981e-03,4.847533632286994687e-03,1.277904102817598031e-02
8.780487804878047906e-03,3.333333333333333981e-03,4.847533632286994687e-03,1.277904102817598031e-02
8.780487804878047906e-03,3.333333333333333981e-03,4.847533632286994687e-03,1.277904102817598031e-02
8.780487804878047906e-03,3.333333333333333981e-03,4.847533632286994687e-03,1.277904102817598031e-02
8.780487804878047906e-03,3.333333333333333981e-03,4.847533632286994687e-03,1.277904102817598031e-02
8.780487804878047906e-03,3.333333333333333981e-03,4.847533632286994687e-03,1.277904102817598031e-02
8.780487804878047906e-03,3.333333333333333981e-03,4.847533632286994687e-03,1.277904102817598031e-02
8.780487804878047906e-03,3.333333333333333981e-03,4.847533632286994687e-03,1.277904102817598031e-02
8.780487804878047906e-03,3.333333333333333981e-03,4.847533632286994687e-03,1.277904102817598031e-02
8.780487804878047906e-03,3.333333333333333981e-03,4.847533632286994687e-03,1.277904102817598031e-02
8.780487804878047906e-03,3.333333333333333981e-03,4.847533632286994687e-03,1.277904102817598031e-02
8.780487804878047906e-03,3.333333333333333981e-03,4.847533632286994687e-03,1.277904102817598031e-02
8.780487804878047906e-03,3.333333333333333981e-03,4.847533632286994687e-03,1.277904102817598031e-02
8.780487804878047906e-03,3.333333333333333981e-03,4.847533632286994687e-03,1.277904102817598031e-02
8.780487804878047906e-03,3.333333333333333981e-03,4.847533632286994687e-03,1.277904102817598031e-02
8.780487804878047906e-03,3.333333333333333981e-03,4.847533632286994687e-03,1.277904102817598031e-02
8.780487804878047906e-03,3.333333333333333981e-03,4.847533632286994687e-03,1.277904102817598031e-02
8.780487804878047906e-03,3.333333333333333981e-03,4.847533632286994687e-03,1.277904102817598031e-02
8.780487804878047906e-03,3.333333333333333981e-03,4.847533632286994687e-03,1.277904102817598031e-02
8.780487804878047906e-03,3.333333333333333981e-03,4.847533632286994687e-03,1.277904102817598031e-02
8.780487804878047906e-03,3.333333333333333981e-03,4.847533632286994687e-03,1.277904102817598031e-02
8.780487804878047906e-03,3.333333333333333981e-03,4.847533632286994687e-03,1.277904102817598031e-02
8.780487804878047906e-03,3.333333333333333981e-03,4.847533632286994687e-03,1.277904102817598031e-02
8.780487804878047906e-03,3.333333333333333981e-03,4.847533632286994687e-03,1.277904102817598031e-02
8.780487804878047906e-03,3.333333333333333981e-03,4.847533632286994687e-03,1.277904102817598031e-02
8.780487804878047906e-03,3.333333333333333981e-03,4.847533632286994687e-03,1.277904102817598031e-02
8.780487804878047906e-03,3.333333333333333981e-03,4.847533632286994687e-03,1.277904102817598031e-02
8.780487804878047906e-03,3.333333333333333981e-03,4.847533632286994687e-03,1.277904102817598031e-02
8.780487804878047906e-03,3.333333333333333981e-03,4.847533632286994687e-03,1.277904102817598031e-02
8.780487804878047906e-03,3.333333333333333981e-03,4.847533632286994687e-03,1.277904102817598031e-02
8.780487804878047906e-03,3.333333333333333981e-03,4.847533632286994687e-03,1.277904102817598031e-02
8.780487804878047906e-03,3.333333333333333981e-03,4.847533632286994687e-03,1.277904102817598031e-02
8.780487804878047906e-03,3.333333333333333981e-03,4.847533632286994687e-03,1.277904102817598031e-02
8.780487804878047906e-03,3.333333333333333981e-03,4.847533632286994687e-03,1.277904102817598031e-02
8.780487804878047906e-03,3.333333333333333981e-03,4.847533632286994687e-03,1.277904102817598031e-02
8.780487804878047906e-03,3.333333333333333981e-03,4.847533632286994687e-03,1.277904102817598031e-02
8.780487804878047906e-03,3.333333333333333981e-03,4.847533632286994687e-03,1.277904102817598031e-02
8.780487804878047906e-03,3.333333333333333981e-03,4.847533632286994687e-03,1.277904102817598031e-02
8.780487804878047906e-03,3.333333333333333981e-03,4.847533632286994687e-03,1.277904102817598031e-02
8.780487804878047906e-03,3.333333333333333981e-03,4.847533632286994687e-03,1.277904102817598031e-02
8.780487804878047906e-03,3.333333333333333981e-03,4.847533632286994687e-03,1.277904102817598031e-02
8.780487804878047906e-03,3.333333333333333981e-03,4.847533632286994687e-03,1.277904102817598031e-02
8.780487804878047906e-03,3.333333333333333981e-03,4.847533632286994687e-03,1.277904102817598031e-02
8.780487804878047906e-03,3.333333333333333981e-03,4.847533632286994687e-03,1.277904102817598031e-02
8.780487804878047906e-03,3.333333333333333981e-03,4.847533632286994687e-03,1.277904102817598031e-02
8.780487804878047906e-03,3.333333333333333981e-03,4.847533632286994687e-03,1.277904102817598031e-02
8.780487804878047906e-03,3.333333333333333981e-03,4.847533632286994687e-03,1.277904102817598031e-02
8.780487804878047906e-03,3.333333333333333981e-03,4.847533632286994687e-03,1.277904102817598031e-02
8.780487804878047906e-03,3.333333333333333981e-03,4.847533632286994687e-03,1.277904102817598031e-02
8.780487804878047906e-03,3.333333333333333981e-03,4.847533632286994687e-03,1.277904102817598031e-02
8.780487804878047906e-03,3.333333333333333981e-03,4.847533632286994687e-03,1.277904102817598031e-02
8.780487804878047906e-03,3.333333333333333981e-03,4.847533632286994687e-03,1.277904102817598031e-02
8.780487804878047906e-03,3.333333333333333981e-03,4.847533632286994687e-03,1.277904102817598031e-02
8.780487804878047906e-03,3.333333333333333981e-03,4.847533632286994687e-03,1.277904102817598031e-02
8.780487804878047906e-03,3.333333333333333981e-03,4.847533632286994687e-03,1.277904102817598031e-02
8.780487804878047906e-03,3.333333333333333981e-03,4.847533632286994687e-03,1.277904102817598031e-02
8.780487804878047906e-03,3.333333333333333981e-03,4.847533632286994687e-03,1.277904102817598031e-02
8.780487804878047906e-03,3.333333333333333981e-03,4.847533632286994687e-03,1.277904102817598031e-02
8.780487804878047906e-03,3.333333333333333981e-03,4.847533632286994687e-03,1.277904102817598031e-02
8.780487804878047906e-03,3.333333333333333981e-03,4.847533632286994687e-03,1.277904102817598031e-02
8.780487804878047906e-03,3.333333333333333981e-03,4.847533632286994687e-03,1.277904102817598031e-02
8.780487804878047906e-03,3.333333333333333981e-03,4.847533632286994687e-03,1.277904102817598031e-02
8.780487804878047906e-03,3.333333333333333981e-03,4.847533632286994687e-03,1.277904102817598031e-02
8.780487804878047906e-03,3.333333333333333981e-03,4.847533632286994687e-03,1.277904102817598031e-02
8.780487804878047906e-03,3.333333333333333981e-03,4.847533632286994687e-03,1.277904102817598031e-02
8.780487804878047906e-03,3.333333333333333981e-03,4.847533632286994687e-03,1.277904102817598031e-02
8.780487804878047906e-03,3.333333333333333981e-03,4.847533632286994687e-03,1.277904102817598031e-02
8.780487804878047906e-03,3.333333333333333981e-03,4.847533632286994687e-03,1.277904102817598031e-02
8.780487804878047906e-03,3.333333333333333981e-03,4.847533632286994687e-03,1.277904102817598031e-02
8.780487804878047906e-03,3.333333333333333981e-03,4.847533632286994687e-03,1.277904102817598031e-02
8.780487804878047906e-03,3.333333333333333981e-03,4.847533632286994687e-03,1.277904102817598031e-02
8.780487804878047906e-03,3.333333333333333981e-03,4.847533632286994687e-03,1.277904102817598031e-02
8.780487804878047906e-03,3.333333333333333981e-03,4.847533632286994687e-03,1.277904102817598031e-02
8.780487804878047906e-03,3.333333333333333981e-03,4.847533632286994687e-03,1.277904102817598031e-02
8.780487804878047906e-03,3.333333333333333981e-03,4.847533632286994687e-03,1.277904102817598031e-02
8.780487804878047906e-03,3.333333333333333981e-03,4.847533632286994687e-03,1.277904102817598031e-02
8.780487804878047906e-03,3.333333333333333981e-03,4.847533632286994687e-03,1.277904102817598031e-02
8.780487804878047906e-03,3.333333333333333981e-03,4.847533632286994687e-03,1.277904102817598031e-02
8.780487804878047906e-03,3.333333333333333981e-03,4.847533632286994687e-03,1.277904102817598031e-02
8.780487804878047906e-03,3.333333333333333981e-03,4.847533632286994687e-03,1.277904102817598031e-02
8.780487804878047906e-03,3.333333333333333981e-03,4.847533632286994687e-03,1.277904102817598031e-02
8.780487804878047906e-03,3.333333333333333981e-03,4.847533632286994687e-03,1.277904102817598031e-02
8.780487804878047906e-03,3.333333333333333981e-03,4.847533632286994687e-03,1.277904102817598031e-02
8.780487804878047906e-03,3.333333333333333981e-03,4.847533632286994687e-03,1.277904102817598031e-02
8.780487804878047906e-03,3.333333333333333981e-03,4.847533632286994687e-03,1.277904102817598031e-02
8.780487804878047906e-03,3.333333333333333981e-03,4.847533632286994687e-03,1.277904102817598031e-02
8.780487804878047906e-03,3.333333333333333981e-03,4.847533632286994687e-03,1.277904102817598031e-02
8.780487804878047906e-03,3.333333333333333981e-03,4.847533632286994687e-03,1.277904102817598031e-02
8.780487804878047906e-03,3.333333333333333981e-03,4.847533632286994687e-03,1.277904102817598031e-02
8.780487804878047906e-03,3.333333333333333981e-03,4.847533632286994687e-03,1.277904102817598031e-02
8.780487804878047906e-03,3.333333333333333981e-03,4.847533632286994687e-03,1.277904102817598031e-02
8.780487804878047906e-03,3.333333333333333981e-03,4.847533632286994687e-03,1.277904102817598031e-02
8.780487804878047906e-03,3.333333333333333981e-03,4.847533632286994687e-03,1.277904102817598031e-02
8.780487804878047906e-03,3.333333333333333981e-03,4.847533632286994687e-03,1.277904102817598031e-02
8.780487804878047906e-03,3.333333333333333981e-03,4.847533632286994687e-03,1.277904102817598031e-02
8.780487804878047906e-03,3.333333333333333981e-03,4.847533632286994687e-03,1.277904102817598031e-02
8.780487804878047906e-03,3.333333333333333981e-03,4.847533632286994687e-03,1.277904102817598031e-02
8.780487804878047906e-03,3.333333333333333981e-03,4.847533632286994687e-03,1.277904102817598031e-02
8.780487804878047906e-03,3.333333333333333981e-03,4.847533632286994687e-03,1.277904102817598031e-02
8.780487804878047906e-03,3.333333333333333981e-03,4.847533632286994687e-03,1.277904102817598031e-02
8.780487804878047906e-03,3.333333333333333981e-03,4.847533632286994687e-03,1.277904102817598031e-02
8.780487804878047906e-03,3.333333333333333981e-03,4.847533632286994687e-03,1.277904102817598031e-02
8.780487804878047906e-03,3.333333333333333981e-03,4.847533632286994687e-03,1.277904102817598031e-02
8.780487804878047906e-03,3.333333333333333981e-03,4.847533632286994687e-03,1.277904102817598031e-02
8.780487804878047906e-03,3.333333333333333981e-03,4.847533632286994687e-03,1.277904102817598031e-02
8.780487804878047906e-03,3.333333333333333981e-03,4.847533632286994687e-03,1.277904102817598031e-02
8.780487804878047906e-03,3.333333333333333981e-03,4.847533632286994687e-03,1.277904102817598031e-02
8.780487804878047906e-03,3.333333333333333981e-03,4.847533632286994687e-03,1.277904102817598031e-02
8.780487804878047906e-03,3.333333333333333981e-03,4.847533632286994687e-03,1.277904102817598031e-02
8.780487804878047906e-03,3.333333333333333981e-03,4.847533632286994687e-03,1.277904102817598031e-02
8.780487804878047906e-03,3.333333333333333981e-03,4.847533632286994687e-03,1.277904102817598031e-02
8.780487804878047906e-03,3.333333333333333981e-03,4.847533632286994687e-03,1.277904102817598031e-02
8.780487804878047906e-03,3.333333333333333981e-03,4.847533632286994687e-03,1.277904102817598031e-02
8.780487804878047906e-03,3.333333333333333981e-03,4.847533632286994687e-03,1.277904102817598031e-02
8.780487804878047906e-03,3.333333333333333981e-03,4.847533632286994687e-03,1.277904102817598031e-02
8.780487804878047906e-03,3.333333333333333981e-03,4.847533632286994687e-03,1.277904102817598031e-02
8.780487804878047906e-03,3.333333333333333981e-03,4.847533632286994687e-03,1.277904102817598031e-02
8.780487804878047906e-03,3.333333333333333981e-03,4.847533632286994687e-03,1.277904102817598031e-02
8.780487804878047906e-03,3.333333333333333981e-03,4.847533632286994687e-03,1.277904102817598031e-02
8.780487804878047906e-03,3.333333333333333981e-03,4.847533632286994687e-03,1.277904102817598031e-02
8.780487804878047906e-03,3.333333333333333981e-03,4.847533632286994687e-03,1.277904102817598031e-02
8.780487804878047906e-03,3.333333333333333981e-03,4.847533632286994687e-03,1.277904102817598031e-02
8.780487804878047906e-03,3.333333333333333981e-03,4.847533632286994687e-03,1.277904102817598031e-02
8.780487804878047906e-03,3.333333333333333981e-03,4.847533632286994687e-03,1.277904102817598031e-02
8.780487804878047906e-03,3.333333333333333981e-03,4.847533632286994687e-03,1.277904102817598031e-02
8.780487804878047906e-03,3.333333333333333981e-03,4.847533632286994687e-03,1.277904102817598031e-02
8.780487804878047906e-03,3.333333333333333981e-03,4.847533632286994687e-03,1.277904102817598031e-02
8.780487804878047906e-03,3.333333333333333981e-03,4.847533632286994687e-03,1.277904102817598031e-02
8.780487804878047906e-03,3.333333333333333981e-03,4.847533632286994687e-03,1.277904102817598031e-02
8.780487804878047906e-03,3.333333333333333981e-03,4.847533632286994687e-03,1.277904102817598031e-02
8.780487804878047906e-03,3.333333333333333981e-03,4.847533632286994687e-03,1.277904102817598031e-02
8.780487804878047906e-03,3.333333333333333981e-03,4.847533632286994687e-03,1.277904102817598031e-02
8.780487804878047906e-03,3.333333333333333981e-03,4.847533632286994687e-03,1.277904102817598031e-02
8.780487804878047906e-03,3.333333333333333981e-03,4.847533632286994687e-03,1.277904102817598031e-02
8.780487804878047906e-03,3.333333333333333981e-03,4.847533632286994687e-03,1.277904102817598031e-02
8.780487804878047906e-03,3.333333333333333981e-03,4.847533632286994687e-03,1.277904102817598031e-02
8.780487804878047906e-03,3.333333333333333981e-03,4.847533632286994687e-03,1.277904102817598031e-02
8.780487804878047906e-03,3.333333333333333981e-03,4.847533632286994687e-03,1.277904102817598031e-02
8.780487804878047906e-03,3.333333333333333981e-03,4.847533632286994687e-03,1.277904102817598031e-02
8.780487804878047906e-03,3.333333333333333981e-03,4.847533632286994687e-03,1.277904102817598031e-02
8.780487804878047906e-03,3.333333333333333981e-03,4.847533632286994687e-03,1.277904102817598031e-02
8.780487804878047906e-03,3.333333333333333981e-03,4.847533632286994687e-03,1.277904102817598031e-02
8.780487804878047906e-03,3.333333333333333981e-03,4.847533632286994687e-03,1.277904102817598031e-02
8.780487804878047906e-03,3.333333333333333981e-03,4.847533632286994687e-03,1.277904102817598031e-02
8.780487804878047906e-03,3.333333333333333981e-03,4.847533632286994687e-03,1.277904102817598031e-02
8.780487804878047906e-03,3.333333333333333981e-03,4.847533632286994687e-03,1.277904102817598031e-02
8.780487804878047906e-03,3.333333333333333981e-03,4.847533632286994687e-03,1.277904102817598031e-02
8.780487804878047906e-03,3.333333333333333981e-03,4.847533632286994687e-03,1.277904102817598031e-02
8.780487804878047906e-03,3.333333333333333981e-03,4.847533632286994687e-03,1.277904102817598031e-02
8.780487804878047906e-03,3.333333333333333981e-03,4.847533632286994687e-03,1.277904102817598031e-02
8.780487804878047906e-03,3.333333333333333981e-03,4.847533632286994687e-03,1.277904102817598031e-02
8.780487804878047906e-03,3.333333333333333981e-03,4.847533632286994687e-03,1.277904102817598031e-02
8.780487804878047906e-03,3.333333333333333981e-03,4.847533632286994687e-03,1.277904102817598031e-02
8.780487804878047906e-03,3.333333333333333981e-03,4.847533632286994687e-03,1.277904102817598031e-02
8.780487804878047906e-03,3.333333333333333981e-03,4.847533632286994687e-03,1.277904102817598031e-02
8.780487804878047906e-03,3.333333333333333981e-03,4.847533632286994687e-03,1.277904102817598031e-02
8.780487804878047906e-03,3.333333333333333981e-03,4.847533632286994687e-03,1.277904102817598031e-02
8.780487804878047906e-03,3.333333333333333981e-03,4.847533632286994687e-03,1.277904102817598031e-02
8.780487804878047906e-03,3.333333333333333981e-03,4.847533632286994687e-03,1.277904102817598031e-02
8.780487804878047906e-03,3.333333333333333981e-03,4.847533632286994687e-03,1.277904102817598031e-02
8.780487804878047906e-03,3.333333333333333981e-03,4.847533632286994687e-03,1.277904102817598031e-02
8.780487804878047906e-03,3.333333333333333981e-03,4.847533632286994687e-03,1.277904102817598031e-02
8.780487804878047906e-03,3.333333333333333981e-03,4.847533632286994687e-03,1.277904102817598031e-02
8.780487804878047906e-03,3.333333333333333981e-03,4.847533632286994687e-03,1.277904102817598031e-02
8.780487804878047906e-03,3.333333333333333981e-03,4.847533632286994687e-03,1.277904102817598031e-02
8.780487804878047906e-03,3.333333333333333981e-03,4.847533632286994687e-03,1.277904102817598031e-02
8.780487804878047906e-03,3.333333333333333981e-03,4.847533632286994687e-03,1.277904102817598031e-02
8.780487804878047906e-03,3.333333333333333981e-03,4.847533632286994687e-03,1.277904102817598031e-02
8.780487804878047906e-03,3.333333333333333981e-03,4.847533632286994687e-03,1.277904102817598031e-02
8.780487804878047906e-03,3.333333333333333981e-03,4.847533632286994687e-03,1.277904102817598031e-02
8.780487804878047906e-03,3.333333333333333981e-03,4.847533632286994687e-03,1.277904102817598031e-02
8.780487804878047906e-03,3.333333333333333981e-03,4.847533632286994687e-03,1.277904102817598031e-02
8.780487804878047906e-03,3.333333333333333981e-03,4.847533632286994687e-03,1.277904102817598031e-02
8.780487804878047906e-03,3.333333333333333981e-03,4.847533632286994687e-03,1.277904102817598031e-02
8.780487804878047906e-03,3.333333333333333981e-03,4.847533632286994687e-03,1.277904102817598031e-02
8.780487804878047906e-03,3.333333333333333981e-03,4.847533632286994687e-03,1.277904102817598031e-02
8.780487804878047906e-03,3.333333333333333981e-03,4.847533632286994687e-03,1.277904102817598031e-02
8.780487804878047906e-03,3.333333333333333981e-03,4.847533632286994687e-03,1.277904102817598031e-02
8.780487804878047906e-03,3.333333333333333981e-03,4.847533632286994687e-03,1.277904102817598031e-02
8.780487804878047906e-03,3.333333333333333981e-03,4.847533632286994687e-03,1.277904102817598031e-02
8.780487804878047906e-03,3.333333333333333981e-03,4.847533632286994687e-03,1.277904102817598031e-02
8.780487804878047906e-03,3.333333333333333981e-03,4.847533632286994687e-03,1.277904102817598031e-02
8.780487804878047906e-03,3.333333333333333981e-03,4.847533632286994687e-03,1.277904102817598031e-02
8.780487804878047906e-03,3.333333333333333981e-03,4.847533632286994687e-03,1.277904102817598031e-02
8.780487804878047906e-03,3.333333333333333981e-03,4.847533632286994687e-03,1.277904102817598031e-02
8.780487804878047906e-03,3.333333333333333981e-03,4.847533632286994687e-03,1.277904102817598031e-02
8.780487804878047906e-03,3.333333333333333981e-03,4.847533632286994687e-03,1.277904102817598031e-02
8.780487804878047906e-03,3.333333333333333981e-03,4.847533632286994687e-03,1.277904102817598031e-02
8.780487804878047906e-03,3.333333333333333981e-03,4.847533632286994687e-03,1.277904102817598031e-02
8.780487804878047906e-03,3.333333333333333981e-03,4.847533632286994687e-03,1.277904102817598031e-02
8.780487804878047906e-03,3.333333333333333981e-03,4.847533632286994687e-03,1.277904102817598031e-02
8.780487804878047906e-03,3.333333333333333981e-03,4.847533632286994687e-03,1.277904102817598031e-02
8.780487804878047906e-03,3.333333333333333981e-03,4.847533632286994687e-03,1.277904102817598031e-02
8.780487804878047906e-03,3.333333333333333981e-03,4.847533632286994687e-03,1.277904102817598031e-02
8.780487804878047906e-03,3.333333333333333981e-03,4.847533632286994687e-03,1.277904102817598031e-02
8.780487804878047906e-03,3.333333333333333981e-03,4.847533632286994687e-03,1.277904102817598031e-02
8.780487804878047906e-03,3.333333333333333981e-03,4.847533632286994687e-03,1.277904102817598031e-02
8.780487804878047906e-03,3.333333333333333981e-03,4.847533632286994687e-03,1.277904102817598031e-02
8.780487804878047906e-03,3.333333333333333981e-03,4.847533632286994687e-03,1.277904102817598031e-02
8.780487804878047906e-03,3.333333333333333981e-03,4.847533632286994687e-03,1.277904102817598031e-02
8.780487804878047906e-03,3.333333333333333981e-03,4.847533632286994687e-03,1.277904102817598031e-02
8.780487804878047906e-03,3.333333333333333981e-03,4.847533632286994687e-03,1.277904102817598031e-02
8.780487804878047906e-03,3.333333333333333981e-03,4.847533632286994687e-03,1.277904102817598031e-02
8.780487804878047906e-03,3.333333333333333981e-03,4.847533632286994687e-03,1.277904102817598031e-02
8.780487804878047906e-03,3.333333333333333981e-03,4.847533632286994687e-03,1.277904102817598031e-02
8.780487804878047906e-03,3.333333333333333981e-03,4.847533632286994687e-03,1.277904102817598031e-02
8.780487804878047906e-03,3.333333333333333981e-03,4.847533632286994687e-03,1.277904102817598031e-02
8.780487804878047906e-03,3.333333333333333981e-03,4.847533632286994687e-03,1.277904102817598031e-02
8.780487804878047906e-03,3.333333333333333981e-03,4.847533632286994687e-03,1.277904102817598031e-02
8.780487804878047906e-03,3.333333333333333981e-03,4.847533632286994687e-03,1.277904102817598031e-02
8.780487804878047906e-03,3.333333333333333981e-03,4.847533632286994687e-03,1.277904102817598031e-02
8.780487804878047906e-03,3.333333333333333981e-03,4.847533632286994687e-03,1.277904102817598031e-02
8.780487804878047906e-03,3.333333333333333981e-03,4.847533632286994687e-03,1.277904102817598031e-02
8.780487804878047906e-03,3.333333333333333981e-03,4.847533632286994687e-03,1.277904102817598031e-02
8.780487804878047906e-03,3.333333333333333981e-03,4.847533632286994687e-03,1.277904102817598031e-02
8.780487804878047906e-03,3.333333333333333981e-03,4.847533632286994687e-03,1.277904102817598031e-02
8.780487804878047906e-03,3.333333333333333981e-03,4.847533632286994687e-03,1.277904102817598031e-02
8.780487804878047906e-03,3.333333333333333981e-03,4.847533632286994687e-03,1.277904102817598031e-02
8.780487804878047906e-03,3.333333333333333981e-03,4.847533632286994687e-03,1.277904102817598031e-02
8.780487804878047906e-03,3.333333333333333981e-03,4.847533632286994687e-03,1.277904102817598031e-02
8.780487804878047906e-03,3.333333333333333981e-03,4.847533632286994687e-03,1.277904102817598031e-02
8.780487804878047906e-03,3.333333333333333981e-03,4.847533632286994687e-03,1.277904102817598031e-02
8.780487804878047906e-03,3.333333333333333981e-03,4.847533632286994687e-03,1.277904102817598031e-02
8.780487804878047906e-03,3.333333333333333981e-03,4.847533632286994687e-03,1.277904102817598031e-02
8.780487804878047906e-03,3.333333333333333981e-03,4.847533632286994687e-03,1.277904102817598031e-02
8.780487804878047906e-03,3.333333333333333981e-03,4.847533632286994687e-03,1.277904102817598031e-02
8.780487804878047906e-03,3.333333333333333981e-03,4.847533632286994687e-03,1.277904102817598031e-02
8.780487804878047906e-03,3.333333333333333981e-03,4.847533632286994687e-03,1.277904102817598031e-02
8.780487804878047906e-03,3.333333333333333981e-03,4.847533632286994687e-03,1.277904102817598031e-02
8.780487804878047906e-03,3.333333333333333981e-03,4.847533632286994687e-03,1.277904102817598031e-02
8.780487804878047906e-03,3.333333333333333981e-03,4.847533632286994687e-03,1.277904102817598031e-02
8.780487804878047906e-03,3.333333333333333981e-03,4.847533632286994687e-03,1.277904102817598031e-02
8.780487804878047906e-03,3.333333333333333981e-03,4.847533632286994687e-03,1.277904102817598031e-02
8.780487804878047906e-03,3.333333333333333981e-03,4.847533632286994687e-03,1.277904102817598031e-02
8.780487804878047906e-03,3.333333333333333981e-03,4.847533632286994687e-03,1.277904102817598031e-02
8.780487804878047906e-03,3.333333333333333981e-03,4.847533632286994687e-03,1.277904102817598031e-02
8.780487804878047906e-03,3.333333333333333981e-03,4.847533632286994687e-03,1.277904102817598031e-02
8.780487804878047906e-03,3.333333333333333981e-03,4.847533632286994687e-03,1.277904102817598031e-02
8.780487804878047906e-03,3.333333333333333981e-03,4.847533632286994687e-03,1.277904102817598031e-02
8.780487804878047906e-03,3.333333333333333981e-03,4.847533632286994687e-03,1.277904102817598031e-02
8.780487804878047906e-03,3.333333333333333981e-03,4.847533632286994687e-03,1.277904102817598031e-02
8.780487804878047906e-03,3.333333333333333981e-03,4.847533632286994687e-03,1.277904102817598031e-02
8.780487804878047906e-03,3.333333333333333981e-03,4.847533632286994687e-03,1.277904102817598031e-02
8.780487804878047906e-03,3.333333333333333981e-03,4.847533632286994687e-03,1.277904102817598031e-02
8.780487804878047906e-03,3.333333333333333981e-03,4.847533632286994687e-03,1.277904102817598031e-02
8.780487804878047906e-03,3.333333333333333981e-03,4.847533632286994687e-03,1.277904102817598031e-02
8.780487804878047906e-03,3.333333333333333981e-03,4.847533632286994687e-03,1.277904102817598031e-02
8.780487804878047906e-03,3.333333333333333981e-03,4.847533632286994687e-03,1.277904102817598031e-02
8.780487804878047906e-03,3.333333333333333981e-03,4.847533632286994687e-03,1.277904102817598031e-02
8.780487804878047906e-03,3.333333333333333981e-03,4.847533632286994687e-03,1.277904102817598031e-02
8.780487804878047906e-03,3.333333333333333981e-03,4.847533632286994687e-03,1.277904102817598031e-02
8.780487804878047906e-03,3.333333333333333981e-03,4.847533632286994687e-03,1.277904102817598031e-02
8.780487804878047906e-03,3.333333333333333981e-03,4.847533632286994687e-03,1.277904102817598031e-02
8.780487804878047906e-03,3.333333333333333981e-03,4.847533632286994687e-03,1.277904102817598031e-02
8.780487804878047906e-03,3.333333333333333981e-03,4.847533632286994687e-03,1.277904102817598031e-02
8.780487804878047906e-03,3.333333333333333981e-03,4.847533632286994687e-03,1.277904102817598031e-02
8.780487804878047906e-03,3.333333333333333981e-03,4.847533632286994687e-03,1.277904102817598031e-02
8.780487804878047906e-03,3.333333333333333981e-03,4.847533632286994687e-03,1.277904102817598031e-02
8.780487804878047906e-03,3.333333333333333981e-03,4.847533632286994687e-03,1.277904102817598031e-02
8.780487804878047906e-03,3.333333333333333981e-03,4.847533632286994687e-03,1.277904102817598031e-02
8.780487804878047906e-03,3.333333333333333981e-03,4.847533632286994687e-03,1.277904102817598031e-02
8.780487804878047906e-03,3.333333333333333981e-03,4.847533632286994687e-03,1.277904102817598031e-02
8.780487804878047906e-03,3.333333333333333981e-03,4.847533632286994687e-03,1.277904102817598031e-02
8.780487804878047906e-03,3.333333333333333981e-03,4.847533632286994687e-03,1.277904102817598031e-02
8.780487804878047906e-03,3.333333333333333981e-03,4.847533632286994687e-03,1.277904102817598031e-02
8.780487804878047906e-03,3.333333333333333981e-03,4.847533632286994687e-03,1.277904102817598031e-02
8.780487804878047906e-03,3.333333333333333981e-03,4.847533632286994687e-03,1.277904102817598031e-02
8.780487804878047906e-03,3.333333333333333981e-03,4.847533632286994687e-03,1.277904102817598031e-02
8.780487804878047906e-03,3.333333333333333981e-03,4.847533632286994687e-03,1.277904102817598031e-02
8.780487804878047906e-03,3.333333333333333981e-03,4.847533632286994687e-03,1.277904102817598031e-02
8.780487804878047906e-03,3.333333333333333981e-03,4.847533632286994687e-03,1.277904102817598031e-02
8.780487804878047906e-03,3.333333333333333981e-03,4.847533632286994687e-03,1.277904102817598031e-02
8.780487804878047906e-03,3.333333333333333981e-03,4.847533632286994687e-03,1.277904102817598031e-02
8.780487804878047906e-03,3.333333333333333981e-03,4.847533632286994687e-03,1.277904102817598031e-02
8.780487804878047906e-03,3.333333333333333981e-03,4.847533632286994687e-03,1.277904102817598031e-02
8.780487804878047906e-03,3.333333333333333981e-03,4.847533632286994687e-03,1.277904102817598031e-02
8.780487804878047906e-03,3.333333333333333981e-03,4.847533632286994687e-03,1.277904102817598031e-02
8.780487804878047906e-03,3.333333333333333981e-03,4.847533632286994687e-03,1.277904102817598031e-02
8.780487804878047906e-03,3.333333333333333981e-03,4.847533632286994687e-03,1.277904102817598031e-02
8.780487804878047906e-03,3.333333333333333981e-03,4.847533632286994687e-03,1.277904102817598031e-02
8.780487804878047906e-03,3.333333333333333981e-03,4.847533632286994687e-03,1.277904102817598031e-02
8.780487804878047906e-03,3.333333333333333981e-03,4.847533632286994687e-03,1.277904102817598031e-02
8.780487804878047906e-03,3.333333333333333981e-03,4.847533632286994687e-03,1.277904102817598031e-02
8.780487804878047906e-03,3.333333333333333981e-03,4.847533632286994687e-03,1.277904102817598031e-02
8.780487804878047906e-03,3.333333333333333981e-03,4.847533632286994687e-03,1.277904102817598031e-02
8.780487804878047906e-03,3.333333333333333981e-03,4.847533632286994687e-03,1.277904102817598031e-02
8.780487804878047906e-03,3.333333333333333981e-03,4.847533632286994687e-03,1.277904102817598031e-02
8.780487804878047906e-03,3.333333333333333981e-03,4.847533632286994687e-03,1.277904102817598031e-02
8.780487804878047906e-03,3.333333333333333981e-03,4.847533632286994687e-03,1.277904102817598031e-02
8.780487804878047906e-03,3.333333333333333981e-03,4.847533632286994687e-03,1.277904102817598031e-02
8.780487804878047906e-03,3.333333333333333981e-03,4.847533632286994687e-03,1.277904102817598031e-02
8.780487804878047906e-03,3.333333333333333981e-03,4.847533632286994687e-03,1.277904102817598031e-02
8.780487804878047906e-03,3.333333333333333981e-03,4.847533632286994687e-03,1.277904102817598031e-02
8.780487804878047906e-03,3.333333333333333981e-03,4.847533632286994687e-03,1.277904102817598031e-02
8.780487804878047906e-03,3.333333333333333981e-03,4.847533632286994687e-03,1.277904102817598031e-02
8.780487804878047906e-03,3.333333333333333981e-03,4.847533632286994687e-03,1.277904102817598031e-02
8.780487804878047906e-03,3.333333333333333981e-03,4.847533632286994687e-03,1.277904102817598031e-02
8.780487804878047906e-03,3.333333333333333981e-03,4.847533632286994687e-03,1.277904102817598031e-02
8.780487804878047906e-03,3.333333333333333981e-03,4.847533632286994687e-03,1.277904102817598031e-02
8.780487804878047906e-03,3.333333333333333981e-03,4.847533632286994687e-03,1.277904102817598031e-02
8.780487804878047906e-03,3.333333333333333981e-03,4.847533632286994687e-03,1.277904102817598031e-02
8.780487804878047906e-03,3.333333333333333981e-03,4.847533632286994687e-03,1.277904102817598031e-02
8.780487804878047906e-03,3.333333333333333981e-03,4.847533632286994687e-03,1.277904102817598031e-02
8.780487804878047906e-03,3.333333333333333981e-03,4.847533632286994687e-03,1.277904102817598031e-02
8.780487804878047906e-03,3.333333333333333981e-03,4.847533632286994687e-03,1.277904102817598031e-02
8.780487804878047906e-03,3.333333333333333981e-03,4.847533632286994687e-03,1.277904102817598031e-02
8.780487804878047906e-03,3.333333333333333981e-03,4.847533632286994687e-03,1.277904102817598031e-02
8.780487804878047906e-03,3.333333333333333981e-03,4.847533632286994687e-03,1.277904102817598031e-02
8.780487804878047906e-03,3.333333333333333981e-03,4.847533632286994687e-03,1.277904102817598031e-02
8.780487804878047906e-03,3.333333333333333981e-03,4.847533632286994687e-03,1.277904102817598031e-02
8.780487804878047906e-03,3.333333333333333981e-03,4.847533632286994687e-03,1.277904102817598031e-02
8.780487804878047906e-03,3.333333333333333981e-03,4.847533632286994687e-03,1.277904102817598031e-02
8.780487804878047906e-03,3.333333333333333981e-03,4.847533632286994687e-03,1.277904102817598031e-02
8.780487804878047906e-03,3.333333333333333981e-03,4.847533632286994687e-03,1.277904102817598031e-02
8.780487804878047906e-03,3.333333333333333981e-03,4.847533632286994687e-03,1.277904102817598031e-02
8.780487804878047906e-03,3.333333333333333981e-03,4.847533632286994687e-03,1.277904102817598031e-02
8.780487804878047906e-03,3.333333333333333981e-03,4.847533632286994687e-03,1.277904102817598031e-02
8.780487804878047906e-03,3.333333333333333981e-03,4.847533632286994687e-03,1.277904102817598031e-02
8.780487804878047906e-03,3.333333333333333981e-03,4.847533632286994687e-03,1.277904102817598031e-02
8.780487804878047906e-03,3.333333333333333981e-03,4.847533632286994687e-03,1.277904102817598031e-02
8.780487804878047906e-03,3.333333333333333981e-03,4.847533632286994687e-03,1.277904102817598031e-02
8.780487804878047906e-03,3.333333333333333981e-03,4.847533632286994687e-03,1.277904102817598031e-02
8.780487804878047906e-03,3.333333333333333981e-03,4.847533632286994687e-03,1.277904102817598031e-02
8.780487804878047906e-03,3.333333333333333981e-03,4.847533632286994687e-03,1.277904102817598031e-02
8.780487804878047906e-03,3.333333333333333981e-03,4.847533632286994687e-03,1.277904102817598031e-02
8.780487804878047906e-03,3.333333333333333981e-03,4.847533632286994687e-03,1.277904102817598031e-02
8.780487804878047906e-03,3.333333333333333981e-03,4.847533632286994687e-03,1.277904102817598031e-02
8.780487804878047906e-03,3.333333333333333981e-03,4.847533632286994687e-03,1.277904102817598031e-02
8.780487804878047906e-03,3.333333333333333981e-03,4.847533632286994687e-03,1.277904102817598031e-02
8.780487804878047906e-03,3.333333333333333981e-03,4.847533632286994687e-03,1.277904102817598031e-02
8.780487804878047906e-03,3.333333333333333981e-03,4.847533632286994687e-03,1.277904102817598031e-02
8.780487804878047906e-03,3.333333333333333981e-03,4.847533632286994687e-03,1.277904102817598031e-02
8.780487804878047906e-03,3.333333333333333981e-03,4.847533632286994687e-03,1.277904102817598031e-02
8.780487804878047906e-03,3.333333333333333981e-03,4.847533632286994687e-03,1.277904102817598031e-02
8.780487804878047906e-03,3.333333333333333981e-03,4.847533632286994687e-03,1.277904102817598031e-02
8.780487804878047906e-03,3.333333333333333981e-03,4.847533632286994687e-03,1.277904102817598031e-02
8.780487804878047906e-03,3.333333333333333981e-03,4.847533632286994687e-03,1.277904102817598031e-02
8.780487804878047906e-03,3.333333333333333981e-03,4.847533632286994687e-03,1.277904102817598031e-02
8.780487804878047906e-03,3.333333333333333981e-03,4.847533632286994687e-03,1.277904102817598031e-02
8.780487804878047906e-03,3.333333333333333981e-03,4.847533632286994687e-03,1.277904102817598031e-02
8.780487804878047906e-03,3.333333333333333981e-03,4.847533632286994687e-03,1.277904102817598031e-02
8.780487804878047906e-03,3.333333333333333981e-03,4.847533632286994687e-03,1.277904102817598031e-02
8.780487804878047906e-03,3.333333333333333981e-03,4.847533632286994687e-03,1.277904102817598031e-02
8.780487804878047906e-03,3.333333333333333981e-03,4.847533632286994687e-03,1.277904102817598031e-02
8.780487804878047906e-03,3.333333333333333981e-03,4.847533632286994687e-03,1.277904102817598031e-02
8.780487804878047906e-03,3.333333333333333981e-03,4.847533632286994687e-03,1.277904102817598031e-02
8.780487804878047906e-03,3.333333333333333981e-03,4.847533632286994687e-03,1.277904102817598031e-02
8.780487804878047906e-03,3.333333333333333981e-03,4.847533632286994687e-03,1.277904102817598031e-02
8.780487804878047906e-03,3.333333333333333981e-03,4.847533632286994687e-03,1.277904102817598031e-02
8.780487804878047906e-03,3.333333333333333981e-03,4.847533632286994687e-03,1.277904102817598031e-02
8.780487804878047906e-03,3.333333333333333981e-03,4.847533632286994687e-03,1.277904102817598031e-02
8.780487804878047906e-03,3.333333333333333981e-03,4.847533632286994687e-03,1.277904102817598031e-02
8.780487804878047906e-03,3.333333333333333981e-03,4.847533632286994687e-03,1.277904102817598031e-02
8.780487804878047906e-03,3.333333333333333981e-03,4.847533632286994687e-03,1.277904102817598031e-02
8.780487804878047906e-03,3.333333333333333981e-03,4.847533632286994687e-03,1.277904102817598031e-02
8.780487804878047906e-03,3.333333333333333981e-03,4.847533632286994687e-03,1.277904102817598031e-02
8.780487804878047906e-03,3.333333333333333981e-03,4.847533632286994687e-03,1.277904102817598031e-02
8.780487804878047906e-03,3.333333333333333981e-03,4.847533632286994687e-03,1.277904102817598031e-02
8.780487804878047906e-03,3.333333333333333981e-03,4.847533632286994687e-03,1.277904102817598031e-02
8.780487804878047906e-03,3.333333333333333981e-03,4.847533632286994687e-03,1.277904102817598031e-02
8.780487804878047906e-03,3.333333333333333981e-03,4.847533632286994687e-03,1.277904102817598031e-02
8.780487804878047906e-03,3.333333333333333981e-03,4.847533632286994687e-03,1.277904102817598031e-02
8.780487804878047906e-03,3.333333333333333981e-03,4.847533632286994687e-03,1.277904102817598031e-02
8.780487804878047906e-03,3.333333333333333981e-03,4.847533632286994687e-03,1.277904102817598031e-02
8.780487804878047906e-03,3.333333333333333981e-03,4.847533632286994687e-03,1.277904102817598031e-02
8.780487804878047906e-03,3.333333333333333981e-03,4.847533632286994687e-03,1.277904102817598031e-02
8.780487804878047906e-03,3.333333333333333981e-03,4.847533632286994687e-03,1.277904102817598031e-02
8.780487804878047906e-03,3.333333333333333981e-03,4.847533632286994687e-03,1.277904102817598031e-02
8.780487804878047906e-03,3.333333333333333981e-03,4.847533632286994687e-03,1.277904102817598031e-02
8.780487804878047906e-03,3.333333333333333981e-03,4.847533632286994687e-03,1.277904102817598031e-02
8.780487804878047906e-03,3.333333333333333981e-03,4.847533632286994687e-03,1.277904102817598031e-02
8.780487804878047906e-03,3.333333333333333981e-03,4.847533632286994687e-03,1.277904102817598031e-02
8.780487804878047906e-03,3.333333333333333981e-03,4.847533632286994687e-03,1.277904102817598031e-02
8.780487804878047906e-03,3.333333333333333981e-03,4.847533632286994687e-03,1.277904102817598031e-02
8.780487804878047906e-03,3.333333333333333981e-03,4.847533632286994687e-03,1.277904102817598031e-02
8.780487804878047906e-03,3.333333333333333981e-03,4.847533632286994687e-03,1.277904102817598031e-02
8.780487804878047906e-03,3.333333333333333981e-03,4.847533632286994687e-03,1.277904102817598031e-02
8.780487804878047906e-03,3.333333333333333981e-03,4.847533632286994687e-03,1.277904102817598031e-02
8.780487804878047906e-03,3.333333333333333981e-03,4.847533632286994687e-03,1.277904102817598031e-02
8.780487804878047906e-03,3.333333333333333981e-03,4.847533632286994687e-03,1.277904102817598031e-02
8.780487804878047906e-03,3.333333333333333981e-03,4.847533632286994687e-03,1.277904102817598031e-02
8.780487804878047906e-03,3.333333333333333981e-03,4.847533632286994687e-03,1.277904102817598031e-02
8.780487804878047906e-03,3.333333333333333981e-03,4.847533632286994687e-03,1.277904102817598031e-02
8.780487804878047906e-03,3.333333333333333981e-03,4.847533632286994687e-03,1.277904102817598031e-02
8.780487804878047906e-03,3.333333333333333981e-03,4.847533632286994687e-03,1.277904102817598031e-02
8.780487804878047906e-03,3.333333333333333981e-03,4.847533632286994687e-03,1.277904102817598031e-02
8.780487804878047906e-03,3.333333333333333981e-03,4.847533632286994687e-03,1.277904102817598031e-02
8.780487804878047906e-03,3.333333333333333981e-03,4.847533632286994687e-03,1.277904102817598031e-02
8.780487804878047906e-03,3.333333333333333981e-03,4.847533632286994687e-03,1.277904102817598031e-02
8.780487804878047906e-03,3.333333333333333981e-03,4.847533632286994687e-03,1.277904102817598031e-02
8.780487804878047906e-03,3.333333333333333981e-03,4.847533632286994687e-03,1.277904102817598031e-02
8.780487804878047906e-03,3.333333333333333981e-03,4.847533632286994687e-03,1.277904102817598031e-02
8.780487804878047906e-03,3.333333333333333981e-03,4.847533632286994687e-03,1.277904102817598031e-02
8.780487804878047906e-03,3.333333333333333981e-03,4.847533632286994687e-03,1.277904102817598031e-02
8.780487804878047906e-03,3.333333333333333981e-03,4.847533632286994687e-03,1.277904102817598031e-02
8.780487804878047906e-03,3.333333333333333981e-03,4.847533632286994687e-03,1.277904102817598031e-02
8.780487804878047906e-03,3.333333333333333981e-03,4.847533632286994687e-03,1.277904102817598031e-02
8.780487804878047906e-03,3.333333333333333981e-03,4.847533632286994687e-03,1.277904102817598031e-02
8.780487804878047906e-03,3.333333333333333981e-03,4.847533632286994687e-03,1.277904102817598031e-02
8.780487804878047906e-03,3.333333333333333981e-03,4.847533632286994687e-03,1.277904102817598031e-02
8.780487804878047906e-03,3.333333333333333981e-03,4.847533632286994687e-03,1.277904102817598031e-02
8.780487804878047906e-03,3.333333333333333981e-03,4.847533632286994687e-03,1.277904102817598031e-02
8.780487804878047906e-03,3.333333333333333981e-03,4.847533632286994687e-03,1.277904102817598031e-02
8.780487804878047906e-03,3.333333333333333981e-03,4.847533632286994687e-03,1.277904102817598031e-02
8.780487804878047906e-03,3.333333333333333981e-03,4.847533632286994687e-03,1.277904102817598031e-02
8.780487804878047906e-03,3.333333333333333981e-03,4.847533632286994687e-03,1.277904102817598031e-02
8.780487804878047906e-03,3.333333333333333981e-03,4.847533632286994687e-03,1.277904102817598031e-02
8.780487804878047906e-03,3.333333333333333981e-03,4.847533632286994687e-03,1.277904102817598031e-02
8.780487804878047906e-03,3.333333333333333981e-03,4.847533632286994687e-03,1.277904102817598031e-02
8.780487804878047906e-03,3.333333333333333981e-03,4.847533632286994687e-03,1.277904102817598031e-02
8.780487804878047906e-03,3.333333333333333981e-03,4.847533632286994687e-03,1.277904102817598031e-02
8.780487804878047906e-03,3.333333333333333981e-03,4.847533632286994687e-03,1.277904102817598031e-02
8.780487804878047906e-03,3.333333333333333981e-03,4.847533632286994687e-03,1.277904102817598031e-02
8.780487804878047906e-03,3.333333333333333981e-03,4.847533632286994687e-03,1.277904102817598031e-02
8.780487804878047906e-03,3.333333333333333981e-03,4.847533632286994687e-03,1.277904102817598031e-02
8.780487804878047906e-03,3.333333333333333981e-03,4.847533632286994687e-03,1.277904102817598031e-02
8.780487804878047906e-03,3.333333333333333981e-03,4.847533632286994687e-03,1.277904102817598031e-02
8.780487804878047906e-03,3.333333333333333981e-03,4.847533632286994687e-03,1.277904102817598031e-02
8.780487804878047906e-03,3.333333333333333981e-03,4.847533632286994687e-03,1.277904102817598031e-02
8.780487804878047906e-03,3.333333333333333981e-03,4.847533632286994687e-03,1.277904102817598031e-02
8.780487804878047906e-03,3.333333333333333981e-03,4.847533632286994687e-03,1.277904102817598031e-02
8.780487804878047906e-03,3.333333333333333981e-03,4.847533632286994687e-03,1.277904102817598031e-02
8.780487804878047906e-03,3.333333333333333981e-03,4.847533632286994687e-03,1.277904102817598031e-02
8.780487804878047906e-03,3.333333333333333981e-03,4.847533632286994687e-03,1.277904102817598031e-02
8.780487804878047906e-03,3.333333333333333981e-03,4.847533632286994687e-03,1.277904102817598031e-02
8.780487804878047906e-03,3.333333333333333981e-03,4.847533632286994687e-03,1.277904102817598031e-02
8.780487804878047906e-03,3.333333333333333981e-03,4.847533632286994687e-03,1.277904102817598031e-02
8.780487804878047906e-03,3.333333333333333981e-03,4.847533632286994687e-03,1.277904102817598031e-02
8.780487804878047906e-03,3.333333333333333981e-03,4.847533632286994687e-03,1.277904102817598031e-02
8.780487804878047906e-03,3.333333333333333981e-03,4.847533632286994687e-03,1.277904102817598031e-02
8.780487804878047906e-03,3.333333333333333981e-03,4.847533632286994687e-03,1.277904102817598031e-02
8.780487804878047906e-03,3.333333333333333981e-03,4.847533632286994687e-03,1.277904102817598031e-02
8.780487804878047906e-03,3.333333333333333981e-03,4.847533632286994687e-03,1.277904102817598031e-02
8.780487804878047906e-03,3.333333333333333981e-03,4.847533632286994687e-03,1.277904102817598031e-02
8.780487804878047906e-03,3.333333333333333981e-03,4.847533632286994687e-03,1.277904102817598031e-02
8.780487804878047906e-03,3.333333333333333981e-03,4.847533632286994687e-03,1.277904102817598031e-02
8.780487804878047906e-03,3.333333333333333981e-03,4.847533632286994687e-03,1.277904102817598031e-02
8.780487804878047906e-03,3.333333333333333981e-03,4.847533632286994687e-03,1.277904102817598031e-02
8.780487804878047906e-03,3.333333333333333981e-03,4.847533632286994687e-03,1.277904102817598031e-02
8.780487804878047906e-03,3.333333333333333981e-03,4.847533632286994687e-03,1.277904102817598031e-02
8.780487804878047906e-03,3.333333333333333981e-03,4.847533632286994687e-03,1.277904102817598031e-02
8.780487804878047906e-03,3.333333333333333981e-03,4.847533632286994687e-03,1.277904102817598031e-02
8.780487804878047906e-03,3.333333333333333981e-03,4.847533632286994687e-03,1.277904102817598031e-02
8.780487804878047906e-03,3.333333333333333981e-03,4.847533632286994687e-03,1.277904102817598031e-02
8.780487804878047906e-03,3.333333333333333981e-03,4.847533632286994687e-03,1.277904102817598031e-02
8.780487804878047906e-03,3.333333333333333981e-03,4.847533632286994687e-03,1.277904102817598031e-02
8.780487804878047906e-03,3.333333333333333981e-03,4.847533632286994687e-03,1.277904102817598031e-02
8.780487804878047906e-03,3.333333333333333981e-03,4.847533632286994687e-03,1.277904102817598031e-02
8.780487804878047906e-03,3.333333333333333981e-03,4.847533632286994687e-03,1.277904102817598031e-02
8.780487804878047906e-03,3.333333333333333981e-03,4.847533632286994687e-03,1.277904102817598031e-02
8.780487804878047906e-03,3.333333333333333981e-03,4.847533632286994687e-03,1.277904102817598031e-02
8.780487804878047906e-03,3.333333333333333981e-03,4.847533632286994687e-03,1.277904102817598031e-02
8.780487804878047906e-03,3.333333333333333981e-03,4.847533632286994687e-03,1.277904102817598031e-02
8.780487804878047906e-03,3.333333333333333981e-03,4.847533632286994687e-03,1.277904102817598031e-02
8.780487804878047906e-03,3.333333333333333981e-03,4.847533632286994687e-03,1.277904102817598031e-02
8.780487804878047906e-03,3.333333333333333981e-03,4.847533632286994687e-03,1.277904102817598031e-02
8.780487804878047906e-03,3.333333333333333981e-03,4.847533632286994687e-03,1.277904102817598031e-02
8.780487804878047906e-03,3.333333333333333981e-03,4.847533632286994687e-03,1.277904102817598031e-02
8.780487804878047906e-03,3.333333333333333981e-03,4.847533632286994687e-03,1.277904102817598031e-02
8.780487804878047906e-03,3.333333333333333981e-03,4.847533632286994687e-03,1.277904102817598031e-02
8.780487804878047906e-03,3.333333333333333981e-03,4.847533632286994687e-03,1.277904102817598031e-02
8.780487804878047906e-03,3.333333333333333981e-03,4.847533632286994687e-03,1.277904102817598031e-02
8.780487804878047906e-03,3.333333333333333981e-03,4.847533632286994687e-03,1.277904102817598031e-02
8.780487804878047906e-03,3.333333333333333981e-03,4.847533632286994687e-03,1.277904102817598031e-02
8.780487804878047906e-03,3.333333333333333981e-03,4.847533632286994687e-03,1.277904102817598031e-02
8.780487804878047906e-03,3.333333333333333981e-03,4.847533632286994687e-03,1.277904102817598031e-02
8.780487804878047906e-03,3.333333333333333981e-03,4.847533632286994687e-03,1.277904102817598031e-02
8.780487804878047906e-03,3.333333333333333981e-03,4.847533632286994687e-03,1.277904102817598031e-02
8.780487804878047906e-03,3.333333333333333981e-03,4.847533632286994687e-03,1.277904102817598031e-02
8.780487804878047906e-03,3.333333333333333981e-03,4.847533632286994687e-03,1.277904102817598031e-02
8.780487804878047906e-03,3.333333333333333981e-03,4.847533632286994687e-03,1.277904102817598031e-02
8.780487804878047906e-03,3.333333333333333981e-03,4.847533632286994687e-03,1.277904102817598031e-02
8.780487804878047906e-03,3.333333333333333981e-03,4.847533632286994687e-03,1.277904102817598031e-02
8.780487804878047906e-03,3.333333333333333981e-03,4.847533632286994687e-03,1.277904102817598031e-02
8.780487804878047906e-03,3.333333333333333981e-03,4.847533632286994687e-03,1.277904102817598031e-02
8.780487804878047906e-03,3.333333333333333981e-03,4.847533632286994687e-03,1.277904102817598031e-02
8.780487804878047906e-03,3.333333333333333981e-03,4.847533632286994687e-03,1.277904102817598031e-02
8.780487804878047906e-03,3.333333333333333981e-03,4.847533632286994687e-03,1.277904102817598031e-02
8.780487804878047906e-03,3.333333333333333981e-03,4.847533632286994687e-03,1.277904102817598031e-02
8.780487804878047906e-03,3.333333333333333981e-03,4.847533632286994687e-03,1.277904102817598031e-02
8.780487804878047906e-03,3.333333333333333981e-03,4.847533632286994687e-03,1.277904102817598031e-02
8.780487804878047906e-03,3.333333333333333981e-03,4.847533632286994687e-03,1.277904102817598031e-02
8.780487804878047906e-03,3.333333333333333981e-03,4.847533632286994687e-03,1.277904102817598031e-02
8.780487804878047906e-03,3.333333333333333981e-03,4.847533632286994687e-03,1.277904102817598031e-02
8.780487804878047906e-03,3.333333333333333981e-03,4.847533632286994687e-03,1.277904102817598031e-02
8.780487804878047906e-03,3.333333333333333981e-03,4.847533632286994687e-03,1.277904102817598031e-02
8.780487804878047906e-03,3.333333333333333981e-03,4.847533632286994687e-03,1.277904102817598031e-02
8.780487804878047906e-03,3.333333333333333981e-03,4.847533632286994687e-03,1.277904102817598031e-02
8.780487804878047906e-03,3.333333333333333981e-03,4.847533632286994687e-03,1.277904102817598031e-02
8.780487804878047906e-03,3.333333333333333981e-03,4.847533632286994687e-03,1.277904102817598031e-02
8.780487804878047906e-03,3.333333333333333981e-03,4.847533632286994687e-03,1.277904102817598031e-02
8.780487804878047906e-03,3.333333333333333981e-03,4.847533632286994687e-03,1.277904102817598031e-02
8.780487804878047906e-03,3.333333333333333981e-03,4.847533632286994687e-03,1.277904102817598031e-02
8.780487804878047906e-03,3.333333333333333981e-03,4.847533632286994687e-03,1.277904102817598031e-02
8.780487804878047906e-03,3.333333333333333981e-03,4.847533632286994687e-03,1.277904102817598031e-02
8.780487804878047906e-03,3.333333333333333981e-03,4.847533632286994687e-03,1.277904102817598031e-02
8.780487804878047906e-03,3.333333333333333981e-03,4.847533632286994687e-03,1.277904102817598031e-02
8.780487804878047906e-03,3.333333333333333981e-03,4.847533632286994687e-03,1.277904102817598031e-02
8.780487804878047906e-03,3.333333333333333981e-03,4.847533632286994687e-03,1.277904102817598031e-02
8.780487804878047906e-03,3.333333333333333981e-03,4.847533632286994687e-03,1.277904102817598031e-02
8.780487804878047906e-03,3.333333333333333981e-03,4.847533632286994687e-03,1.277904102817598031e-02
8.780487804878047906e-03,3.333333333333333981e-03,4.847533632286994687e-03,1.277904102817598031e-02
8.780487804878047906e-03,3.333333333333333981e-03,4.847533632286994687e-03,1.277904102817598031e-02
8.780487804878047906e-03,3.333333333333333981e-03,4.847533632286994687e-03,1.277904102817598031e-02
8.780487804878047906e-03,3.333333333333333981e-03,4.847533632286994687e-03,1.277904102817598031e-02
8.780487804878047906e-03,3.333333333333333981e-03,4.847533632286994687e-03,1.277904102817598031e-02
8.780487804878047906e-03,3.333333333333333981e-03,4.847533632286994687e-03,1.277904102817598031e-02
8.780487804878047906e-03,3.333333333333333981e-03,4.847533632286994687e-03,1.277904102817598031e-02
8.780487804878047906e-03,3.333333333333333981e-03,4.847533632286994687e-03,1.277904102817598031e-02
8.780487804878047906e-03,3.333333333333333981e-03,4.847533632286994687e-03,1.277904102817598031e-02
8.780487804878047906e-03,3.333333333333333981e-03,4.847533632286994687e-03,1.277904102817598031e-02
8.780487804878047906e-03,3.333333333333333981e-03,4.847533632286994687e-03,1.277904102817598031e-02
8.780487804878047906e-03,3.333333333333333981e-03,4.847533632286994687e-03,1.277904102817598031e-02
8.780487804878047906e-03,3.333333333333333981e-03,4.847533632286994687e-03,1.277904102817598031e-02
8.780487804878047906e-03,3.333333333333333981e-03,4.847533632286994687e-03,1.277904102817598031e-02
8.780487804878047906e-03,3.333333333333333981e-03,4.847533632286994687e-03,1.277904102817598031e-02
8.780487804878047906e-03,3.333333333333333981e-03,4.847533632286994687e-03,1.277904102817598031e-02
8.780487804878047906e-03,3.333333333333333981e-03,4.847533632286994687e-03,1.277904102817598031e-02
8.780487804878047906e-03,3.333333333333333981e-03,4.847533632286994687e-03,1.277904102817598031e-02
8.780487804878047906e-03,3.333333333333333981e-03,4.847533632286994687e-03,1.277904102817598031e-02
8.780487804878047906e-03,3.333333333333333981e-03,4.847533632286994687e-03,1.277904102817598031e-02
8.780487804878047906e-03,3.333333333333333981e-03,4.847533632286994687e-03,1.277904102817598031e-02
8.780487804878047906e-03,3.333333333333333981e-03,4.847533632286994687e-03,1.277904102817598031e-02
8.780487804878047906e-03,3.333333333333333981e-03,4.847533632286994687e-03,1.277904102817598031e-02
8.780487804878047906e-03,3.333333333333333981e-03,4.847533632286994687e-03,1.277904102817598031e-02
8.780487804878047906e-03,3.333333333333333981e-03,4.847533632286994687e-03,1.277904102817598031e-02
8.780487804878047906e-03,3.333333333333333981e-03,4.847533632286994687e-03,1.277904102817598031e-02
8.780487804878047906e-03,3.333333333333333981e-03,4.847533632286994687e-03,1.277904102817598031e-02
8.780487804878047906e-03,3.333333333333333981e-03,4.847533632286994687e-03,1.277904102817598031e-02
8.780487804878047906e-03,3.333333333333333981e-03,4.847533632286994687e-03,1.277904102817598031e-02
8.780487804878047906e-03,3.333333333333333981e-03,4.847533632286994687e-03,1.277904102817598031e-02
8.780487804878047906e-03,3.333333333333333981e-03,4.847533632286994687e-03,1.277904102817598031e-02
8.780487804878047906e-03,3.333333333333333981e-03,4.847533632286994687e-03,1.277904102817598031e-02
8.780487804878047906e-03,3.333333333333333981e-03,4.847533632286994687e-03,1.277904102817598031e-02
8.780487804878047906e-03,3.333333333333333981e-03,4.847533632286994687e-03,1.277904102817598031e-02
8.780487804878047906e-03,3.333333333333333981e-03,4.847533632286994687e-03,1.277904102817598031e-02
8.780487804878047906e-03,3.333333333333333981e-03,4.847533632286994687e-03,1.277904102817598031e-02
8.780487804878047906e-03,3.333333333333333981e-03,4.847533632286994687e-03,1.277904102817598031e-02
8.780487804878047906e-03,3.333333333333333981e-03,4.847533632286994687e-03,1.277904102817598031e-02
8.780487804878047906e-03,3.333333333333333981e-03,4.847533632286994687e-03,1.277904102817598031e-02
8.780487804878047906e-03,3.333333333333333981e-03,4.847533632286994687e-03,1.277904102817598031e-02
8.780487804878047906e-03,3.333333333333333981e-03,4.847533632286994687e-03,1.277904102817598031e-02
8.780487804878047906e-03,3.333333333333333981e-03,4.847533632286994687e-03,1.277904102817598031e-02
8.780487804878047906e-03,3.333333333333333981e-03,4.847533632286994687e-03,1.277904102817598031e-02
8.780487804878047906e-03,3.333333333333333981e-03,4.847533632286994687e-03,1.277904102817598031e-02
8.780487804878047906e-03,3.333333333333333981e-03,4.847533632286994687e-03,1.277904102817598031e-02
8.780487804878047906e-03,3.333333333333333981e-03,4.847533632286994687e-03,1.277904102817598031e-02
8.780487804878047906e-03,3.333333333333333981e-03,4.847533632286994687e-03,1.277904102817598031e-02
8.780487804878047906e-03,3.333333333333333981e-03,4.847533632286994687e-03,1.277904102817598031e-02
8.780487804878047906e-03,3.333333333333333981e-03,4.847533632286994687e-03,1.277904102817598031e-02
8.780487804878047906e-03,3.333333333333333981e-03,4.847533632286994687e-03,1.277904102817598031e-02
8.780487804878047906e-03,3.333333333333333981e-03,4.847533632286994687e-03,1.277904102817598031e-02
8.780487804878047906e-03,3.333333333333333981e-03,4.847533632286994687e-03,1.277904102817598031e-02
8.780487804878047906e-03,3.333333333333333981e-03,4.847533632286994687e-03,1.277904102817598031e-02
8.780487804878047906e-03,3.333333333333333981e-03,4.847533632286994687e-03,1.277904102817598031e-02
8.780487804878047906e-03,3.333333333333333981e-03,4.847533632286994687e-03,1.277904102817598031e-02
8.780487804878047906e-03,3.333333333333333981e-03,4.847533632286994687e-03,1.277904102817598031e-02
8.780487804878047906e-03,3.333333333333333981e-03,4.847533632286994687e-03,1.277904102817598031e-02
8.780487804878047906e-03,3.333333333333333981e-03,4.847533632286994687e-03,1.277904102817598031e-02
8.780487804878047906e-03,3.333333333333333981e-03,4.847533632286994687e-03,1.277904102817598031e-02
8.780487804878047906e-03,3.333333333333333981e-03,4.847533632286994687e-03,1.277904102817598031e-02
8.780487804878047906e-03,3.333333333333333981e-03,4.847533632286994687e-03,1.277904102817598031e-02
8.780487804878047906e-03,3.333333333333333981e-03,4.847533632286994687e-03,1.277904102817598031e-02
8.780487804878047906e-03,3.333333333333333981e-03,4.847533632286994687e-03,1.277904102817598031e-02
8.780487804878047906e-03,3.333333333333333981e-03,4.847533632286994687e-03,1.277904102817598031e-02
8.780487804878047906e-03,3.333333333333333981e-03,4.847533632286994687e-03,1.277904102817598031e-02
8.780487804878047906e-03,3.333333333333333981e-03,4.847533632286994687e-03,1.277904102817598031e-02
8.780487804878047906e-03,3.333333333333333981e-03,4.847533632286994687e-03,1.277904102817598031e-02
8.780487804878047906e-03,3.333333333333333981e-03,4.847533632286994687e-03,1.277904102817598031e-02
8.780487804878047906e-03,3.333333333333333981e-03,4.847533632286994687e-03,1.277904102817598031e-02
8.780487804878047906e-03,3.333333333333333981e-03,4.847533632286994687e-03,1.277904102817598031e-02
8.780487804878047906e-03,3.333333333333333981e-03,4.847533632286994687e-03,1.277904102817598031e-02
8.780487804878047906e-03,3.333333333333333981e-03,4.847533632286994687e-03,1.277904102817598031e-02
8.780487804878047906e-03,3.333333333333333981e-03,4.847533632286994687e-03,1.277904102817598031e-02
8.780487804878047906e-03,3.333333333333333981e-03,4.847533632286994687e-03,1.277904102817598031e-02
8.780487804878047906e-03,3.333333333333333981e-03,4.847533632286994687e-03,1.277904102817598031e-02
8.780487804878047906e-03,3.333333333333333981e-03,4.847533632286994687e-03,1.277904102817598031e-02
8.780487804878047906e-03,3.333333333333333981e-03,4.847533632286994687e-03,1.277904102817598031e-02
8.780487804878047906e-03,3.333333333333333981e-03,4.847533632286994687e-03,1.277904102817598031e-02
8.780487804878047906e-03,3.333333333333333981e-03,4.847533632286994687e-03,1.277904102817598031e-02
8.780487804878047906e-03,3.333333333333333981e-03,4.847533632286994687e-03,1.277904102817598031e-02
8.780487804878047906e-03,3.333333333333333981e-03,4.847533632286994687e-03,1.277904102817598031e-02
8.780487804878047906e-03,3.333333333333333981e-03,4.847533632286994687e-03,1.277904102817598031e-02
8.780487804878047906e-03,3.333333333333333981e-03,4.847533632286994687e-03,1.277904102817598031e-02
8.780487804878047906e-03,3.333333333333333981e-03,4.847533632286994687e-03,1.277904102817598031e-02
8.780487804878047906e-03,3.333333333333333981e-03,4.847533632286994687e-03,1.277904102817598031e-02
8.780487804878047906e-03,3.333333333333333981e-03,4.847533632286994687e-03,1.277904102817598031e-02
8.780487804878047906e-03,3.333333333333333981e-03,4.847533632286994687e-03,1.277904102817598031e-02
8.780487804878047906e-03,3.333333333333333981e-03,4.847533632286994687e-03,1.277904102817598031e-02
8.780487804878047906e-03,3.333333333333333981e-03,4.847533632286994687e-03,1.277904102817598031e-02
8.780487804878047906e-03,3.333333333333333981e-03,4.847533632286994687e-03,1.277904102817598031e-02
8.780487804878047906e-03,3.333333333333333981e-03,4.847533632286994687e-03,1.277904102817598031e-02
8.780487804878047906e-03,3.333333333333333981e-03,4.847533632286994687e-03,1.277904102817598031e-02
8.780487804878047906e-03,3.333333333333333981e-03,4.847533632286994687e-03,1.277904102817598031e-02
8.780487804878047906e-03,3.333333333333333981e-03,4.847533632286994687e-03,1.277904102817598031e-02
8.780487804878047906e-03,3.333333333333333981e-03,4.847533632286994687e-03,1.277904102817598031e-02
8.780487804878047906e-03,3.333333333333333981e-03,4.847533632286994687e-03,1.277904102817598031e-02
8.780487804878047906e-03,3.333333333333333981e-03,4.847533632286994687e-03,1.277904102817598031e-02
8.780487804878047906e-03,3.333333333333333981e-03,4.847533632286994687e-03,1.277904102817598031e-02
8.780487804878047906e-03,3.333333333333333981e-03,4.847533632286994687e-03,1.277904102817598031e-02
8.780487804878047906e-03,3.333333333333333981e-03,4.847533632286994687e-03,1.277904102817598031e-02
8.780487804878047906e-03,3.333333333333333981e-03,4.847533632286994687e-03,1.277904102817598031e-02
8.780487804878047906e-03,3.333333333333333981e-03,4.847533632286994687e-03,1.277904102817598031e-02
8.780487804878047906e-03,3.333333333333333981e-03,4.847533632286994687e-03,1.277904102817598031e-02
8.780487804878047906e-03,3.333333333333333981e-03,4.847533632286994687e-03,1.277904102817598031e-02
8.780487804878047906e-03,3.333333333333333981e-03,4.847533632286994687e-03,1.277904102817598031e-02
8.780487804878047906e-03,3.333333333333333981e-03,4.847533632286994687e-03,1.277904102817598031e-02
8.780487804878047906e-03,3.333333333333333981e-03,4.847533632286994687e-03,1.277904102817598031e-02
8.780487804878047906e-03,3.333333333333333981e-03,4.847533632286994687e-03,1.277904102817598031e-02
8.780487804878047906e-03,3.333333333333333981e-03,4.847533632286994687e-03,1.277904102817598031e-02
8.780487804878047906e-03,3.333333333333333981e-03,4.847533632286994687e-03,1.277904102817598031e-02
8.780487804878047906e-03,3.333333333333333981e-03,4.847533632286994687e-03,1.277904102817598031e-02
8.780487804878047906e-03,3.333333333333333981e-03,4.847533632286994687e-03,1.277904102817598031e-02
8.780487804878047906e-03,3.333333333333333981e-03,4.847533632286994687e-03,1.277904102817598031e-02
8.780487804878047906e-03,3.333333333333333981e-03,4.847533632286994687e-03,1.277904102817598031e-02
8.780487804878047906e-03,3.333333333333333981e-03,4.847533632286994687e-03,1.277904102817598031e-02
8.780487804878047906e-03,3.333333333333333981e-03,4.847533632286994687e-03,1.277904102817598031e-02
8.780487804878047906e-03,3.333333333333333981e-03,4.847533632286994687e-03,1.277904102817598031e-02
8.780487804878047906e-03,3.333333333333333981e-03,4.847533632286994687e-03,1.277904102817598031e-02
8.780487804878047906e-03,3.333333333333333981e-03,4.847533632286994687e-03,1.277904102817598031e-02
8.780487804878047906e-03,3.333333333333333981e-03,4.847533632286994687e-03,1.277904102817598031e-02
8.780487804878047906e-03,3.333333333333333981e-03,4.847533632286994687e-03,1.277904102817598031e-02
8.780487804878047906e-03,3.333333333333333981e-03,4.847533632286994687e-03,1.277904102817598031e-02
8.780487804878047906e-03,3.333333333333333981e-03,4.847533632286994687e-03,1.277904102817598031e-02
8.780487804878047906e-03,3.333333333333333981e-03,4.847533632286994687e-03,1.277904102817598031e-02
8.780487804878047906e-03,3.333333333333333981e-03,4.847533632286994687e-03,1.277904102817598031e-02
8.780487804878047906e-03,3.333333333333333981e-03,4.847533632286994687e-03,1.277904102817598031e-02
8.780487804878047906e-03,3.333333333333333981e-03,4.847533632286994687e-03,1.277904102817598031e-02
8.780487804878047906e-03,3.333333333333333981e-03,4.847533632286994687e-03,1.277904102817598031e-02
8.780487804878047906e-03,3.333333333333333981e-03,4.847533632286994687e-03,1.277904102817598031e-02
8.780487804878047906e-03,3.333333333333333981e-03,4.847533632286994687e-03,1.277904102817598031e-02
8.780487804878047906e-03,3.333333333333333981e-03,4.847533632286994687e-03,1.277904102817598031e-02
8.780487804878047906e-03,3.333333333333333981e-03,4.847533632286994687e-03,1.277904102817598031e-02
8.780487804878047906e-03,3.333333333333333981e-03,4.847533632286994687e-03,1.277904102817598031e-02
8.780487804878047906e-03,3.333333333333333981e-03,4.847533632286994687e-03,1.277904102817598031e-02
8.780487804878047906e-03,3.333333333333333981e-03,4.847533632286994687e-03,1.277904102817598031e-02
8.780487804878047906e-03,3.333333333333333981e-03,4.847533632286994687e-03,1.277904102817598031e-02
8.780487804878047906e-03,3.333333333333333981e-03,4.847533632286994687e-03,1.277904102817598031e-02
8.780487804878047906e-03,3.333333333333333981e-03,4.847533632286994687e-03,1.277904102817598031e-02
8.780487804878047906e-03,3.333333333333333981e-03,4.847533632286994687e-03,1.277904102817598031e-02
8.780487804878047906e-03,3.333333333333333981e-03,4.847533632286994687e-03,1.277904102817598031e-02
8.780487804878047906e-03,3.333333333333333981e-03,4.847533632286994687e-03,1.277904102817598031e-02
8.780487804878047906e-03,3.333333333333333981e-03,4.847533632286994687e-03,1.277904102817598031e-02
8.780487804878047906e-03,3.333333333333333981e-03,4.847533632286994687e-03,1.277904102817598031e-02
8.780487804878047906e-03,3.333333333333333981e-03,4.847533632286994687e-03,1.277904102817598031e-02
8.780487804878047906e-03,3.333333333333333981e-03,4.847533632286994687e-03,1.277904102817598031e-02
8.780487804878047906e-03,3.333333333333333981e-03,4.847533632286994687e-03,1.277904102817598031e-02
8.780487804878047906e-03,3.333333333333333981e-03,4.847533632286994687e-03,1.277904102817598031e-02
8.780487804878047906e-03,3.333333333333333981e-03,4.847533632286994687e-03,1.277904102817598031e-02
8.780487804878047906e-03,3.333333333333333981e-03,4.847533632286994687e-03,1.277904102817598031e-02
8.780487804878047906e-03,3.333333333333333981e-03,4.847533632286994687e-03,1.277904102817598031e-02
8.780487804878047906e-03,3.333333333333333981e-03,4.847533632286994687e-03,1.277904102817598031e-02
8.780487804878047906e-03,3.333333333333333981e-03,4.847533632286994687e-03,1.277904102817598031e-02
8.780487804878047906e-03,3.333333333333333981e-03,4.847533632286994687e-03,1.277904102817598031e-02
8.780487804878047906e-03,3.333333333333333981e-03,4.847533632286994687e-03,1.277904102817598031e-02
8.780487804878047906e-03,3.333333333333333981e-03,4.847533632286994687e-03,1.277904102817598031e-02
8.780487804878047906e-03,3.333333333333333981e-03,4.847533632286994687e-03,1.277904102817598031e-02
8.780487804878047906e-03,3.333333333333333981e-03,4.847533632286994687e-03,1.277904102817598031e-02
8.780487804878047906e-03,3.333333333333333981e-03,4.847533632286994687e-03,1.277904102817598031e-02
8.780487804878047906e-03,3.333333333333333981e-03,4.847533632286994687e-03,1.277904102817598031e-02
8.780487804878047906e-03,3.333333333333333981e-03,4.847533632286994687e-03,1.277904102817598031e-02
8.780487804878047906e-03,3.333333333333333981e-03,4.847533632286994687e-03,1.277904102817598031e-02
8.780487804878047906e-03,3.333333333333333981e-03,4.847533632286994687e-03,1.277904102817598031e-02
8.780487804878047906e-03,3.333333333333333981e-03,4.847533632286994687e-03,1.277904102817598031e-02
8.780487804878047906e-03,3.333333333333333981e-03,4.847533632286994687e-03,1.277904102817598031e-02
8.780487804878047906e-03,3.333333333333333981e-03,4.847533632286994687e-03,1.277904102817598031e-02
8.780487804878047906e-03,3.333333333333333981e-03,4.847533632286994687e-03,1.277904102817598031e-02
8.780487804878047906e-03,3.333333333333333981e-03,4.847533632286994687e-03,1.277904102817598031e-02
8.780487804878047906e-03,3.333333333333333981e-03,4.847533632286994687e-03,1.277904102817598031e-02
8.780487804878047906e-03,3.333333333333333981e-03,4.847533632286994687e-03,1.277904102817598031e-02
8.780487804878047906e-03,3.333333333333333981e-03,4.847533632286994687e-03,1.277904102817598031e-02
8.780487804878047906e-03,3.333333333333333981e-03,4.847533632286994687e-03,1.277904102817598031e-02
8.780487804878047906e-03,3.333333333333333981e-03,4.847533632286994687e-03,1.277904102817598031e-02
8.780487804878047906e-03,3.333333333333333981e-03,4.847533632286994687e-03,1.277904102817598031e-02
8.780487804878047906e-03,3.333333333333333981e-03,4.847533632286994687e-03,1.277904102817598031e-02
8.780487804878047906e-03,3.333333333333333981e-03,4.847533632286994687e-03,1.277904102817598031e-02
8.780487804878047906e-03,3.333333333333333981e-03,4.847533632286994687e-03,1.277904102817598031e-02
8.780487804878047906e-03,3.333333333333333981e-03,4.847533632286994687e-03,1.277904102817598031e-02
8.780487804878047906e-03,3.333333333333333981e-03,4.847533632286994687e-03,1.277904102817598031e-02
8.780487804878047906e-03,3.333333333333333981e-03,4.847533632286994687e-03,1.277904102817598031e-02
8.780487804878047906e-03,3.333333333333333981e-03,4.847533632286994687e-03,1.277904102817598031e-02
8.780487804878047906e-03,3.333333333333333981e-03,4.847533632286994687e-03,1.277904102817598031e-02
8.780487804878047906e-03,3.333333333333333981e-03,4.847533632286994687e-03,1.277904102817598031e-02
8.780487804878047906e-03,3.333333333333333981e-03,4.847533632286994687e-03,1.277904102817598031e-02
8.780487804878047906e-03,3.333333333333333981e-03,4.847533632286994687e-03,1.277904102817598031e-02
8.780487804878047906e-03,3.333333333333333981e-03,4.847533632286994687e-03,1.277904102817598031e-02
8.780487804878047906e-03,3.333333333333333981e-03,4.847533632286994687e-03,1.277904102817598031e-02
8.780487804878047906e-03,3.333333333333333981e-03,4.847533632286994687e-03,1.277904102817598031e-02
8.780487804878047906e-03,3.333333333333333981e-03,4.847533632286994687e-03,1.277904102817598031e-02
8.780487804878047906e-03,3.333333333333333981e-03,4.847533632286994687e-03,1.277904102817598031e-02
8.780487804878047906e-03,3.333333333333333981e-03,4.847533632286994687e-03,1.277904102817598031e-02
8.780487804878047906e-03,3.333333333333333981e-03,4.847533632286994687e-03,1.277904102817598031e-02
8.780487804878047906e-03,3.333333333333333981e-03,4.847533632286994687e-03,1.277904102817598031e-02
8.780487804878047906e-03,3.333333333333333981e-03,4.847533632286994687e-03,1.277904102817598031e-02
8.780487804878047906e-03,3.333333333333333981e-03,4.847533632286994687e-03,1.277904102817598031e-02
8.780487804878047906e-03,3.333333333333333981e-03,4.847533632286994687e-03,1.277904102817598031e-02
8.780487804878047906e-03,3.333333333333333981e-03,4.847533632286994687e-03,1.277904102817598031e-02
8.780487804878047906e-03,3.333333333333333981e-03,4.847533632286994687e-03,1.277904102817598031e-02
8.780487804878047906e-03,3.333333333333333981e-03,4.847533632286994687e-03,1.277904102817598031e-02
8.780487804878047906e-03,3.333333333333333981e-03,4.847533632286994687e-03,1.277904102817598031e-02
8.780487804878047906e-03,3.333333333333333981e-03,4.847533632286994687e-03,1.277904102817598031e-02
8.780487804878047906e-03,3.333333333333333981e-03,4.847533632286994687e-03,1.277904102817598031e-02
8.780487804878047906e-03,3.333333333333333981e-03,4.847533632286994687e-03,1.277904102817598031e-02
8.780487804878047906e-03,3.333333333333333981e-03,4.847533632286994687e-03,1.277904102817598031e-02
8.780487804878047906e-03,3.333333333333333981e-03,4.847533632286994687e-03,1.277904102817598031e-02
8.780487804878047906e-03,3.333333333333333981e-03,4.847533632286994687e-03,1.277904102817598031e-02
8.780487804878047906e-03,3.333333333333333981e-03,4.847533632286994687e-03,1.277904102817598031e-02
8.780487804878047906e-03,3.333333333333333981e-03,4.847533632286994687e-03,1.277904102817598031e-02
8.780487804878047906e-03,3.333333333333333981e-03,4.847533632286994687e-03,1.277904102817598031e-02
8.780487804878047906e-03,3.333333333333333981e-03,4.847533632286994687e-03,1.277904102817598031e-02
8.780487804878047906e-03,3.333333333333333981e-03,4.847533632286994687e-03,1.277904102817598031e-02
8.780487804878047906e-03,3.333333333333333981e-03,4.847533632286994687e-03,1.277904102817598031e-02
8.780487804878047906e-03,3.333333333333333981e-03,4.847533632286994687e-03,1.277904102817598031e-02
8.780487804878047906e-03,3.333333333333333981e-03,4.847533632286994687e-03,1.277904102817598031e-02
8.780487804878047906e-03,3.333333333333333981e-03,4.847533632286994687e-03,1.277904102817598031e-02
8.780487804878047906e-03,3.333333333333333981e-03,4.847533632286994687e-03,1.277904102817598031e-02
8.780487804878047906e-03,3.333333333333333981e-03,4.847533632286994687e-03,1.277904102817598031e-02
8.780487804878047906e-03,3.333333333333333981e-03,4.847533632286994687e-03,1.277904102817598031e-02
8.780487804878047906e-03,3.333333333333333981e-03,4.847533632286994687e-03,1.277904102817598031e-02
8.780487804878047906e-03,3.333333333333333981e-03,4.847533632286994687e-03,1.277904102817598031e-02
8.780487804878047906e-03,3.333333333333333981e-03,4.847533632286994687e-03,1.277904102817598031e-02
8.780487804878047906e-03,3.333333333333333981e-03,4.847533632286994687e-03,1.277904102817598031e-02
8.780487804878047906e-03,3.333333333333333981e-03,4.847533632286994687e-03,1.277904102817598031e-02
8.780487804878047906e-03,3.333333333333333981e-03,4.847533632286994687e-03,1.277904102817598031e-02
8.780487804878047906e-03,3.333333333333333981e-03,4.847533632286994687e-03,1.277904102817598031e-02
8.780487804878047906e-03,3.333333333333333981e-03,4.847533632286994687e-03,1.277904102817598031e-02
8.780487804878047906e-03,3.333333333333333981e-03,4.847533632286994687e-03,1.277904102817598031e-02
8.780487804878047906e-03,3.333333333333333981e-03,4.847533632286994687e-03,1.277904102817598031e-02
8.780487804878047906e-03,3.333333333333333981e-03,4.847533632286994687e-03,1.277904102817598031e-02
8.780487804878047906e-03,3.333333333333333981e-03,4.847533632286994687e-03,1.277904102817598031e-02
8.780487804878047906e-03,3.333333333333333981e-03,4.847533632286994687e-03,1.277904102817598031e-02
8.780487804878047906e-03,3.333333333333333981e-03,4.847533632286994687e-03,1.277904102817598031e-02
8.780487804878047906e-03,3.333333333333333981e-03,4.847533632286994687e-03,1.277904102817598031e-02
8.780487804878047906e-03,3.333333333333333981e-03,4.847533632286994687e-03,1.277904102817598031e-02
8.780487804878047906e-03,3.333333333333333981e-03,4.847533632286994687e-03,1.277904102817598031e-02
8.780487804878047906e-03,3.333333333333333981e-03,4.847533632286994687e-03,1.277904102817598031e-02
8.780487804878047906e-03,3.333333333333333981e-03,4.847533632286994687e-03,1.277904102817598031e-02
8.780487804878047906e-03,3.333333333333333981e-03,4.847533632286994687e-03,1.277904102817598031e-02
8.780487804878047906e-03,3.333333333333333981e-03,4.847533632286994687e-03,1.277904102817598031e-02
8.780487804878047906e-03,3.333333333333333981e-03,4.847533632286994687e-03,1.277904102817598031e-02
8.780487804878047906e-03,3.333333333333333981e-03,4.847533632286994687e-03,1.277904102817598031e-02
8.780487804878047906e-03,3.333333333333333981e-03,4.847533632286994687e-03,1.277904102817598031e-02
8.780487804878047906e-03,3.333333333333333981e-03,4.847533632286994687e-03,1.277904102817598031e-02
8.780487804878047906e-03,3.333333333333333981e-03,4.847533632286994687e-03,1.277904102817598031e-02
8.780487804878047906e-03,3.333333333333333981e-03,4.847533632286994687e-03,1.277904102817598031e-02
8.780487804878047906e-03,3.333333333333333981e-03,4.847533632286994687e-03,1.277904102817598031e-02
8.780487804878047906e-03,3.333333333333333981e-03,4.847533632286994687e-03,1.277904102817598031e-02
8.780487804878047906e-03,3.333333333333333981e-03,4.847533632286994687e-03,1.277904102817598031e-02
8.780487804878047906e-03,3.333333333333333981e-03,4.847533632286994687e-03,1.277904102817598031e-02
8.780487804878047906e-03,3.333333333333333981e-03,4.847533632286994687e-03,1.277904102817598031e-02
8.780487804878047906e-03,3.333333333333333981e-03,4.847533632286994687e-03,1.277904102817598031e-02
8.780487804878047906e-03,3.333333333333333981e-03,4.847533632286994687e-03,1.277904102817598031e-02
8.780487804878047906e-03,3.333333333333333981e-03,4.847533632286994687e-03,1.277904102817598031e-02
8.780487804878047906e-03,3.333333333333333981e-03,4.847533632286994687e-03,1.277904102817598031e-02
8.780487804878047906e-03,3.333333333333333981e-03,4.847533632286994687e-03,1.277904102817598031e-02
8.780487804878047906e-03,3.333333333333333981e-03,4.847533632286994687e-03,1.277904102817598031e-02
8.780487804878047906e-03,3.333333333333333981e-03,4.847533632286994687e-03,1.277904102817598031e-02
8.780487804878047906e-03,3.333333333333333981e-03,4.847533632286994687e-03,1.277904102817598031e-02
8.780487804878047906e-03,3.333333333333333981e-03,4.847533632286994687e-03,1.277904102817598031e-02
8.780487804878047906e-03,3.333333333333333981e-03,4.847533632286994687e-03,1.277904102817598031e-02
8.780487804878047906e-03,3.333333333333333981e-03,4.847533632286994687e-03,1.277904102817598031e-02
8.780487804878047906e-03,3.333333333333333981e-03,4.847533632286994687e-03,1.277904102817598031e-02
8.780487804878047906e-03,3.333333333333333981e-03,4.847533632286994687e-03,1.277904102817598031e-02
8.780487804878047906e-03,3.333333333333333981e-03,4.847533632286994687e-03,1.277904102817598031e-02
8.780487804878047906e-03,3.333333333333333981e-03,4.847533632286994687e-03,1.277904102817598031e-02
8.780487804878047906e-03,3.333333333333333981e-03,4.847533632286994687e-03,1.277904102817598031e-02
8.780487804878047906e-03,3.333333333333333981e-03,4.847533632286994687e-03,1.277904102817598031e-02
8.780487804878047906e-03,3.333333333333333981e-03,4.847533632286994687e-03,1.277904102817598031e-02
8.780487804878047906e-03,3.333333333333333981e-03,4.847533632286994687e-03,1.277904102817598031e-02
8.780487804878047906e-03,3.333333333333333981e-03,4.847533632286994687e-03,1.277904102817598031e-02
8.780487804878047906e-03,3.333333333333333981e-03,4.847533632286994687e-03,1.277904102817598031e-02
8.780487804878047906e-03,3.333333333333333981e-03,4.847533632286994687e-03,1.277904102817598031e-02
8.780487804878047906e-03,3.333333333333333981e-03,4.847533632286994687e-03,1.277904102817598031e-02
8.780487804878047906e-03,3.333333333333333981e-03,4.847533632286994687e-03,1.277904102817598031e-02
8.780487804878047906e-03,3.333333333333333981e-03,4.847533632286994687e-03,1.277904102817598031e-02
8.780487804878047906e-03,3.333333333333333981e-03,4.847533632286994687e-03,1.277904102817598031e-02
8.780487804878047906e-03,3.333333333333333981e-03,4.847533632286994687e-03,1.277904102817598031e-02
8.780487804878047906e-03,3.333333333333333981e-03,4.847533632286994687e-03,1.277904102817598031e-02
8.780487804878047906e-03,3.333333333333333981e-03,4.847533632286994687e-03,1.277904102817598031e-02
8.780487804878047906e-03,3.333333333333333981e-03,4.847533632286994687e-03,1.277904102817598031e-02
8.780487804878047906e-03,3.333333333333333981e-03,4.847533632286994687e-03,1.277904102817598031e-02
8.780487804878047906e-03,3.333333333333333981e-03,4.847533632286994687e-03,1.277904102817598031e-02
8.780487804878047906e-03,3.333333333333333981e-03,4.847533632286994687e-03,1.277904102817598031e-02
8.780487804878047906e-03,3.333333333333333981e-03,4.847533632286994687e-03,1.277904102817598031e-02
8.780487804878047906e-03,3.333333333333333981e-03,4.847533632286994687e-03,1.277904102817598031e-02
8.780487804878047906e-03,3.333333333333333981e-03,4.847533632286994687e-03,1.277904102817598031e-02
8.780487804878047906e-03,3.333333333333333981e-03,4.847533632286994687e-03,1.277904102817598031e-02
8.780487804878047906e-03,3.333333333333333981e-03,4.847533632286994687e-03,1.277904102817598031e-02
8.780487804878047906e-03,3.333333333333333981e-03,4.847533632286994687e-03,1.277904102817598031e-02
8.780487804878047906e-03,3.333333333333333981e-03,4.847533632286994687e-03,1.277904102817598031e-02
8.780487804878047906e-03,3.333333333333333981e-03,4.847533632286994687e-03,1.277904102817598031e-02
8.780487804878047906e-03,3.333333333333333981e-03,4.847533632286994687e-03,1.277904102817598031e-02
8.780487804878047906e-03,3.333333333333333981e-03,4.847533632286994687e-03,1.277904102817598031e-02
8.780487804878047906e-03,3.333333333333333981e-03,4.847533632286994687e-03,1.277904102817598031e-02
8.780487804878047906e-03,3.333333333333333981e-03,4.847533632286994687e-03,1.277904102817598031e-02
8.780487804878047906e-03,3.333333333333333981e-03,4.847533632286994687e-03,1.277904102817598031e-02
8.780487804878047906e-03,3.333333333333333981e-03,4.847533632286994687e-03,1.277904102817598031e-02
8.780487804878047906e-03,3.333333333333333981e-03,4.847533632286994687e-03,1.277904102817598031e-02
8.780487804878047906e-03,3.333333333333333981e-03,4.847533632286994687e-03,1.277904102817598031e-02
8.780487804878047906e-03,3.333333333333333981e-03,4.847533632286994687e-03,1.277904102817598031e-02
8.780487804878047906e-03,3.333333333333333981e-03,4.847533632286994687e-03,1.277904102817598031e-02
8.780487804878047906e-03,3.333333333333333981e-03,4.847533632286994687e-03,1.277904102817598031e-02
8.780487804878047906e-03,3.333333333333333981e-03,4.847533632286994687e-03,1.277904102817598031e-02
8.780487804878047906e-03,3.333333333333333981e-03,4.847533632286994687e-03,1.277904102817598031e-02
8.780487804878047906e-03,3.333333333333333981e-03,4.847533632286994687e-03,1.277904102817598031e-02
8.780487804878047906e-03,3.333333333333333981e-03,4.847533632286994687e-03,1.277904102817598031e-02
8.780487804878047906e-03,3.333333333333333981e-03,4.847533632286994687e-03,1.277904102817598031e-02
8.780487804878047906e-03,3.333333333333333981e-03,4.847533632286994687e-03,1.277904102817598031e-02
8.780487804878047906e-03,3.333333333333333981e-03,4.847533632286994687e-03,1.277904102817598031e-02
8.780487804878047906e-03,3.333333333333333981e-03,4.847533632286994687e-03,1.277904102817598031e-02
8.780487804878047906e-03,3.333333333333333981e-03,4.847533632286994687e-03,1.277904102817598031e-02
8.780487804878047906e-03,3.333333333333333981e-03,4.847533632286994687e-03,1.277904102817598031e-02
8.780487804878047906e-03,3.333333333333333981e-03,4.847533632286994687e-03,1.277904102817598031e-02
8.780487804878047906e-03,3.333333333333333981e-03,4.847533632286994687e-03,1.277904102817598031e-02
8.780487804878047906e-03,3.333333333333333981e-03,4.847533632286994687e-03,1.277904102817598031e-02
8.780487804878047906e-03,3.333333333333333981e-03,4.847533632286994687e-03,1.277904102817598031e-02
8.780487804878047906e-03,3.333333333333333981e-03,4.847533632286994687e-03,1.277904102817598031e-02
8.780487804878047906e-03,3.333333333333333981e-03,4.847533632286994687e-03,1.277904102817598031e-02
8.780487804878047906e-03,3.333333333333333981e-03,4.847533632286994687e-03,1.277904102817598031e-02
8.780487804878047906e-03,3.333333333333333981e-03,4.847533632286994687e-03,1.277904102817598031e-02
8.780487804878047906e-03,3.333333333333333981e-03,4.847533632286994687e-03,1.277904102817598031e-02
8.780487804878047906e-03,3.333333333333333981e-03,4.847533632286994687e-03,1.277904102817598031e-02
8.780487804878047906e-03,3.333333333333333981e-03,4.847533632286994687e-03,1.277904102817598031e-02
8.780487804878047906e-03,3.333333333333333981e-03,4.847533632286994687e-03,1.277904102817598031e-02
8.780487804878047906e-03,3.333333333333333981e-03,4.847533632286994687e-03,1.277904102817598031e-02
8.780487804878047906e-03,3.333333333333333981e-03,4.847533632286994687e-03,1.277904102817598031e-02
8.780487804878047906e-03,3.333333333333333981e-03,4.847533632286994687e-03,1.277904102817598031e-02
8.780487804878047906e-03,3.333333333333333981e-03,4.847533632286994687e-03,1.277904102817598031e-02
8.780487804878047906e-03,3.333333333333333981e-03,4.847533632286994687e-03,1.277904102817598031e-02
8.780487804878047906e-03,3.333333333333333981e-03,4.847533632286994687e-03,1.277904102817598031e-02
8.780487804878047906e-03,3.333333333333333981e-03,4.847533632286994687e-03,1.277904102817598031e-02
8.780487804878047906e-03,3.333333333333333981e-03,4.847533632286994687e-03,1.277904102817598031e-02
8.780487804878047906e-03,3.333333333333333981e-03,4.847533632286994687e-03,1.277904102817598031e-02
8.780487804878047906e-03,3.333333333333333981e-03,4.847533632286994687e-03,1.277904102817598031e-02
8.780487804878047906e-03,3.333333333333333981e-03,4.847533632286994687e-03,1.277904102817598031e-02
8.780487804878047906e-03,3.333333333333333981e-03,4.847533632286994687e-03,1.277904102817598031e-02
8.780487804878047906e-03,3.333333333333333981e-03,4.847533632286994687e-03,1.277904102817598031e-02
8.780487804878047906e-03,3.333333333333333981e-03,4.847533632286994687e-03,1.277904102817598031e-02
8.780487804878047906e-03,3.333333333333333981e-03,4.847533632286994687e-03,1.277904102817598031e-02
8.780487804878047906e-03,3.333333333333333981e-03,4.847533632286994687e-03,1.277904102817598031e-02
8.780487804878047906e-03,3.333333333333333981e-03,4.847533632286994687e-03,1.277904102817598031e-02
8.780487804878047906e-03,3.333333333333333981e-03,4.847533632286994687e-03,1.277904102817598031e-02
8.780487804878047906e-03,3.333333333333333981e-03,4.847533632286994687e-03,1.277904102817598031e-02
8.780487804878047906e-03,3.333333333333333981e-03,4.847533632286994687e-03,1.277904102817598031e-02
8.780487804878047906e-03,3.333333333333333981e-03,4.847533632286994687e-03,1.277904102817598031e-02
8.780487804878047906e-03,3.333333333333333981e-03,4.847533632286994687e-03,1.277904102817598031e-02
8.780487804878047906e-03,3.333333333333333981e-03,4.847533632286994687e-03,1.277904102817598031e-02
8.780487804878047906e-03,3.333333333333333981e-03,4.847533632286994687e-03,1.277904102817598031e-02
8.780487804878047906e-03,3.333333333333333981e-03,4.847533632286994687e-03,1.277904102817598031e-02
8.780487804878047906e-03,3.333333333333333981e-03,4.847533632286994687e-03,1.277904102817598031e-02
8.780487804878047906e-03,3.333333333333333981e-03,4.847533632286994687e-03,1.277904102817598031e-02
8.780487804878047906e-03,3.333333333333333981e-03,4.847533632286994687e-03,1.277904102817598031e-02
8.780487804878047906e-03,3.333333333333333981e-03,4.847533632286994687e-03,1.277904102817598031e-02
8.780487804878047906e-03,3.333333333333333981e-03,4.847533632286994687e-03,1.277904102817598031e-02
8.780487804878047906e-03,3.333333333333333981e-03,4.847533632286994687e-03,1.277904102817598031e-02
8.780487804878047906e-03,3.333333333333333981e-03,4.847533632286994687e-03,1.277904102817598031e-02
8.780487804878047906e-03,3.333333333333333981e-03,4.847533632286994687e-03,1.277904102817598031e-02
8.780487804878047906e-03,3.333333333333333981e-03,4.847533632286994687e-03,1.277904102817598031e-02
8.780487804878047906e-03,3.333333333333333981e-03,4.847533632286994687e-03,1.277904102817598031e-02
8.780487804878047906e-03,3.333333333333333981e-03,4.847533632286994687e-03,1.277904102817598031e-02
8.780487804878047906e-03,3.333333333333333981e-03,4.847533632286994687e-03,1.277904102817598031e-02
8.780487804878047906e-03,3.333333333333333981e-03,4.847533632286994687e-03,1.277904102817598031e-02
8.780487804878047906e-03,3.333333333333333981e-03,4.847533632286994687e-03,1.277904102817598031e-02
8.780487804878047906e-03,3.333333333333333981e-03,4.847533632286994687e-03,1.277904102817598031e-02
8.780487804878047906e-03,3.333333333333333981e-03,4.847533632286994687e-03,1.277904102817598031e-02
8.780487804878047906e-03,3.333333333333333981e-03,4.847533632286994687e-03,1.277904102817598031e-02
8.780487804878047906e-03,3.333333333333333981e-03,4.847533632286994687e-03,1.277904102817598031e-02
8.780487804878047906e-03,3.333333333333333981e-03,4.847533632286994687e-03,1.277904102817598031e-02
8.780487804878047906e-03,3.333333333333333981e-03,4.847533632286994687e-03,1.277904102817598031e-02
8.780487804878047906e-03,3.333333333333333981e-03,4.847533632286994687e-03,1.277904102817598031e-02
8.780487804878047906e-03,3.333333333333333981e-03,4.847533632286994687e-03,1.277904102817598031e-02
8.780487804878047906e-03,3.333333333333333981e-03,4.847533632286994687e-03,1.277904102817598031e-02
8.780487804878047906e-03,3.333333333333333981e-03,4.847533632286994687e-03,1.277904102817598031e-02
8.780487804878047906e-03,3.333333333333333981e-03,4.847533632286994687e-03,1.277904102817598031e-02
8.780487804878047906e-03,3.333333333333333981e-03,4.847533632286994687e-03,1.277904102817598031e-02
8.780487804878047906e-03,3.333333333333333981e-03,4.847533632286994687e-03,1.277904102817598031e-02
8.780487804878047906e-03,3.333333333333333981e-03,4.847533632286994687e-03,1.277904102817598031e-02
8.780487804878047906e-03,3.333333333333333981e-03,4.847533632286994687e-03,1.277904102817598031e-02
8.780487804878047906e-03,3.333333333333333981e-03,4.847533632286994687e-03,1.277904102817598031e-02
8.780487804878047906e-03,3.333333333333333981e-03,4.847533632286994687e-03,1.277904102817598031e-02
8.780487804878047906e-03,3.333333333333333981e-03,4.847533632286994687e-03,1.277904102817598031e-02
8.780487804878047906e-03,3.333333333333333981e-03,4.847533632286994687e-03,1.277904102817598031e-02
8.780487804878047906e-03,3.333333333333333981e-03,4.847533632286994687e-03,1.277904102817598031e-02
8.780487804878047906e-03,3.333333333333333981e-03,4.847533632286994687e-03,1.277904102817598031e-02
8.780487804878047906e-03,3.333333333333333981e-03,4.847533632286994687e-03,1.277904102817598031e-02
8.780487804878047906e-03,3.333333333333333981e-03,4.847533632286994687e-03,1.277904102817598031e-02
8.780487804878047906e-03,3.333333333333333981e-03,4.847533632286994687e-03,1.277904102817598031e-02
8.780487804878047906e-03,3.333333333333333981e-03,4.847533632286994687e-03,1.277904102817598031e-02
8.780487804878047906e-03,3.333333333333333981e-03,4.847533632286994687e-03,1.277904102817598031e-02
8.780487804878047906e-03,3.333333333333333981e-03,4.847533632286994687e-03,1.277904102817598031e-02
8.780487804878047906e-03,3.333333333333333981e-03,4.847533632286994687e-03,1.277904102817598031e-02
8.780487804878047906e-03,3.333333333333333981e-03,4.847533632286994687e-03,1.277904102817598031e-02
8.780487804878047906e-03,3.333333333333333981e-03,4.847533632286994687e-03,1.277904102817598031e-02
8.780487804878047906e-03,3.333333333333333981e-03,4.847533632286994687e-03,1.277904102817598031e-02
8.780487804878047906e-03,3.333333333333333981e-03,4.847533632286994687e-03,1.277904102817598031e-02
8.780487804878047906e-03,3.333333333333333981e-03,4.847533632286994687e-03,1.277904102817598031e-02
8.780487804878047906e-03,3.333333333333333981e-03,4.847533632286994687e-03,1.277904102817598031e-02
8.780487804878047906e-03,3.333333333333333981e-03,4.847533632286994687e-03,1.277904102817598031e-02
8.780487804878047906e-03,3.333333333333333981e-03,4.847533632286994687e-03,1.277904102817598031e-02
8.780487804878047906e-03,3.333333333333333981e-03,4.847533632286994687e-03,1.277904102817598031e-02
8.780487804878047906e-03,3.333333333333333981e-03,4.847533632286994687e-03,1.277904102817598031e-02
8.780487804878047906e-03,3.333333333333333981e-03,4.847533632286994687e-03,1.277904102817598031e-02
8.780487804878047906e-03,3.333333333333333981e-03,4.847533632286994687e-03,1.277904102817598031e-02
8.780487804878047906e-03,3.333333333333333981e-03,4.847533632286994687e-03,1.277904102817598031e-02
8.780487804878047906e-03,3.333333333333333981e-03,4.847533632286994687e-03,1.277904102817598031e-02
8.780487804878047906e-03,3.333333333333333981e-03,4.847533632286994687e-03,1.277904102817598031e-02
8.780487804878047906e-03,3.333333333333333981e-03,4.847533632286994687e-03,1.277904102817598031e-02
8.780487804878047906e-03,3.333333333333333981e-03,4.847533632286994687e-03,1.277904102817598031e-02
8.780487804878047906e-03,3.333333333333333981e-03,4.847533632286994687e-03,1.277904102817598031e-02
8.780487804878047906e-03,3.333333333333333981e-03,4.847533632286994687e-03,1.277904102817598031e-02
8.780487804878047906e-03,3.333333333333333981e-03,4.847533632286994687e-03,1.277904102817598031e-02
8.780487804878047906e-03,3.333333333333333981e-03,4.847533632286994687e-03,1.277904102817598031e-02
8.780487804878047906e-03,3.333333333333333981e-03,4.847533632286994687e-03,1.277904102817598031e-02
8.780487804878047906e-03,3.333333333333333981e-03,4.847533632286994687e-03,1.277904102817598031e-02
8.780487804878047906e-03,3.333333333333333981e-03,4.847533632286994687e-03,1.277904102817598031e-02
8.780487804878047906e-03,3.333333333333333981e-03,4.847533632286994687e-03,1.277904102817598031e-02
8.780487804878047906e-03,3.333333333333333981e-03,4.847533632286994687e-03,1.277904102817598031e-02
8.780487804878047906e-03,3.333333333333333981e-03,4.847533632286994687e-03,1.277904102817598031e-02
8.780487804878047906e-03,3.333333333333333981e-03,4.847533632286994687e-03,1.277904102817598031e-02
8.780487804878047906e-03,3.333333333333333981e-03,4.847533632286994687e-03,1.277904102817598031e-02
8.780487804878047906e-03,3.333333333333333981e-03,4.847533632286994687e-03,1.277904102817598031e-02
8.780487804878047906e-03,3.333333333333333981e-03,4.847533632286994687e-03,1.277904102817598031e-02
8.780487804878047906e-03,3.333333333333333981e-03,4.847533632286994687e-03,1.277904102817598031e-02
8.780487804878047906e-03,3.333333333333333981e-03,4.847533632286994687e-03,1.277904102817598031e-02
8.780487804878047906e-03,3.333333333333333981e-03,4.847533632286994687e-03,1.277904102817598031e-02
8.780487804878047906e-03,3.333333333333333981e-03,4.847533632286994687e-03,1.277904102817598031e-02
8.780487804878047906e-03,3.333333333333333981e-03,4.847533632286994687e-03,1.277904102817598031e-02
8.780487804878047906e-03,3.333333333333333981e-03,4.847533632286994687e-03,1.277904102817598031e-02
8.780487804878047906e-03,3.333333333333333981e-03,4.847533632286994687e-03,1.277904102817598031e-02
8.780487804878047906e-03,3.333333333333333981e-03,4.847533632286994687e-03,1.277904102817598031e-02
8.780487804878047906e-03,3.333333333333333981e-03,4.847533632286994687e-03,1.277904102817598031e-02
8.780487804878047906e-03,3.333333333333333981e-03,4.847533632286994687e-03,1.277904102817598031e-02
8.780487804878047906e-03,3.333333333333333981e-03,4.847533632286994687e-03,1.277904102817598031e-02
8.780487804878047906e-03,3.333333333333333981e-03,4.847533632286994687e-03,1.277904102817598031e-02
8.780487804878047906e-03,3.333333333333333981e-03,4.847533632286994687e-03,1.277904102817598031e-02
8.780487804878047906e-03,3.333333333333333981e-03,4.847533632286994687e-03,1.277904102817598031e-02
8.780487804878047906e-03,3.333333333333333981e-03,4.847533632286994687e-03,1.277904102817598031e-02
8.780487804878047906e-03,3.333333333333333981e-03,4.847533632286994687e-03,1.277904102817598031e-02
8.780487804878047906e-03,3.333333333333333981e-03,4.847533632286994687e-03,1.277904102817598031e-02
8.780487804878047906e-03,3.333333333333333981e-03,4.847533632286994687e-03,1.277904102817598031e-02
8.780487804878047906e-03,3.333333333333333981e-03,4.847533632286994687e-03,1.277904102817598031e-02
8.780487804878047906e-03,3.333333333333333981e-03,4.847533632286994687e-03,1.277904102817598031e-02
8.780487804878047906e-03,3.333333333333333981e-03,4.847533632286994687e-03,1.277904102817598031e-02
8.780487804878047906e-03,3.333333333333333981e-03,4.847533632286994687e-03,1.277904102817598031e-02
8.780487804878047906e-03,3.333333333333333981e-03,4.847533632286994687e-03,1.277904102817598031e-02
8.780487804878047906e-03,3.333333333333333981e-03,4.847533632286994687e-03,1.277904102817598031e-02
8.780487804878047906e-03,3.333333333333333981e-03,4.847533632286994687e-03,1.277904102817598031e-02
8.780487804878047906e-03,3.333333333333333981e-03,4.847533632286994687e-03,1.277904102817598031e-02
8.780487804878047906e-03,3.333333333333333981e-03,4.847533632286994687e-03,1.277904102817598031e-02
8.780487804878047906e-03,3.333333333333333981e-03,4.847533632286994687e-03,1.277904102817598031e-02
8.780487804878047906e-03,3.333333333333333981e-03,4.847533632286994687e-03,1.277904102817598031e-02
8.780487804878047906e-03,3.333333333333333981e-03,4.847533632286994687e-03,1.277904102817598031e-02
8.780487804878047906e-03,3.333333333333333981e-03,4.847533632286994687e-03,1.277904102817598031e-02
8.780487804878047906e-03,3.333333333333333981e-03,4.847533632286994687e-03,1.277904102817598031e-02
8.780487804878047906e-03,3.333333333333333981e-03,4.847533632286994687e-03,1.277904102817598031e-02
8.780487804878047906e-03,3.333333333333333981e-03,4.847533632286994687e-03,1.277904102817598031e-02
8.780487804878047906e-03,3.333333333333333981e-03,4.847533632286994687e-03,1.277904102817598031e-02
8.780487804878047906e-03,3.333333333333333981e-03,4.847533632286994687e-03,1.277904102817598031e-02
8.780487804878047906e-03,3.333333333333333981e-03,4.847533632286994687e-03,1.277904102817598031e-02
8.780487804878047906e-03,3.333333333333333981e-03,4.847533632286994687e-03,1.277904102817598031e-02
8.780487804878047906e-03,3.333333333333333981e-03,4.847533632286994687e-03,1.277904102817598031e-02
8.780487804878047906e-03,3.333333333333333981e-03,4.847533632286994687e-03,1.277904102817598031e-02
8.780487804878047906e-03,3.333333333333333981e-03,4.847533632286994687e-03,1.277904102817598031e-02
8.780487804878047906e-03,3.333333333333333981e-03,4.847533632286994687e-03,1.277904102817598031e-02
8.780487804878047906e-03,3.333333333333333981e-03,4.847533632286994687e-03,1.277904102817598031e-02
8.780487804878047906e-03,3.333333333333333981e-03,4.847533632286994687e-03,1.277904102817598031e-02
8.780487804878047906e-03,3.333333333333333981e-03,4.847533632286994687e-03,1.277904102817598031e-02
8.780487804878047906e-03,3.333333333333333981e-03,4.847533632286994687e-03,1.277904102817598031e-02
8.780487804878047906e-03,3.333333333333333981e-03,4.847533632286994687e-03,1.277904102817598031e-02
8.780487804878047906e-03,3.333333333333333981e-03,4.847533632286994687e-03,1.277904102817598031e-02
8.780487804878047906e-03,3.333333333333333981e-03,4.847533632286994687e-03,1.277904102817598031e-02
8.780487804878047906e-03,3.333333333333333981e-03,4.847533632286994687e-03,1.277904102817598031e-02
8.780487804878047906e-03,3.333333333333333981e-03,4.847533632286994687e-03,1.277904102817598031e-02
8.780487804878047906e-03,3.333333333333333981e-03,4.847533632286994687e-03,1.277904102817598031e-02
8.780487804878047906e-03,3.333333333333333981e-03,4.847533632286994687e-03,1.277904102817598031e-02
8.780487804878047906e-03,3.333333333333333981e-03,4.847533632286994687e-03,1.277904102817598031e-02
8.780487804878047906e-03,3.333333333333333981e-03,4.847533632286994687e-03,1.277904102817598031e-02
8.780487804878047906e-03,3.333333333333333981e-03,4.847533632286994687e-03,1.277904102817598031e-02
8.780487804878047906e-03,3.333333333333333981e-03,4.847533632286994687e-03,1.277904102817598031e-02
8.780487804878047906e-03,3.333333333333333981e-03,4.847533632286994687e-03,1.277904102817598031e-02
8.780487804878047906e-03,3.333333333333333981e-03,4.847533632286994687e-03,1.277904102817598031e-02
8.780487804878047906e-03,3.333333333333333981e-03,4.847533632286994687e-03,1.277904102817598031e-02
8.780487804878047906e-03,3.333333333333333981e-03,4.847533632286994687e-03,1.277904102817598031e-02
8.780487804878047906e-03,3.333333333333333981e-03,4.847533632286994687e-03,1.277904102817598031e-02
8.780487804878047906e-03,3.333333333333333981e-03,4.847533632286994687e-03,1.277904102817598031e-02
8.780487804878047906e-03,3.333333333333333981e-03,4.847533632286994687e-03,1.277904102817598031e-02
8.780487804878047906e-03,3.333333333333333981e-03,4.847533632286994687e-03,1.277904102817598031e-02
8.780487804878047906e-03,3.333333333333333981e-03,4.847533632286994687e-03,1.277904102817598031e-02
8.780487804878047906e-03,3.333333333333333981e-03,4.847533632286994687e-03,1.277904102817598031e-02
8.780487804878047906e-03,3.333333333333333981e-03,4.847533632286994687e-03,1.277904102817598031e-02
8.780487804878047906e-03,3.333333333333333981e-03,4.847533632286994687e-03,1.277904102817598031e-02
8.780487804878047906e-03,3.333333333333333981e-03,4.847533632286994687e-03,1.277904102817598031e-02
8.780487804878047906e-03,3.333333333333333981e-03,4.847533632286994687e-03,1.277904102817598031e-02
8.780487804878047906e-03,3.333333333333333981e-03,4.847533632286994687e-03,1.277904102817598031e-02
8.780487804878047906e-03,3.333333333333333981e-03,4.847533632286994687e-03,1.277904102817598031e-02
8.780487804878047906e-03,3.333333333333333981e-03,4.847533632286994687e-03,1.277904102817598031e-02
8.780487804878047906e-03,3.333333333333333981e-03,4.847533632286994687e-03,1.277904102817598031e-02
8.780487804878047906e-03,3.333333333333333981e-03,4.847533632286994687e-03,1.277904102817598031e-02
8.780487804878047906e-03,3.333333333333333981e-03,4.847533632286994687e-03,1.277904102817598031e-02
8.780487804878047906e-03,3.333333333333333981e-03,4.847533632286994687e-03,1.277904102817598031e-02
8.780487804878047906e-03,3.333333333333333981e-03,4.847533632286994687e-03,1.277904102817598031e-02
8.780487804878047906e-03,3.333333333333333981e-03,4.847533632286994687e-03,1.277904102817598031e-02
8.780487804878047906e-03,3.333333333333333981e-03,4.847533632286994687e-03,1.277904102817598031e-02
8.780487804878047906e-03,3.333333333333333981e-03,4.847533632286994687e-03,1.277904102817598031e-02
8.780487804878047906e-03,3.333333333333333981e-03,4.847533632286994687e-03,1.277904102817598031e-02
8.780487804878047906e-03,3.333333333333333981e-03,4.847533632286994687e-03,1.277904102817598031e-02
8.780487804878047906e-03,3.333333333333333981e-03,4.847533632286994687e-03,1.277904102817598031e-02
8.780487804878047906e-03,3.333333333333333981e-03,4.847533632286994687e-03,1.277904102817598031e-02
8.780487804878047906e-03,3.333333333333333981e-03,4.847533632286994687e-03,1.277904102817598031e-02
8.780487804878047906e-03,3.333333333333333981e-03,4.847533632286994687e-03,1.277904102817598031e-02
8.780487804878047906e-03,3.333333333333333981e-03,4.847533632286994687e-03,1.277904102817598031e-02
8.780487804878047906e-03,3.333333333333333981e-03,4.847533632286994687e-03,1.277904102817598031e-02
8.780487804878047906e-03,3.333333333333333981e-03,4.847533632286994687e-03,1.277904102817598031e-02
8.780487804878047906e-03,3.333333333333333981e-03,4.847533632286994687e-03,1.277904102817598031e-02
8.780487804878047906e-03,3.333333333333333981e-03,4.847533632286994687e-03,1.277904102817598031e-02
8.780487804878047906e-03,3.333333333333333981e-03,4.847533632286994687e-03,1.277904102817598031e-02
8.780487804878047906e-03,3.333333333333333981e-03,4.847533632286994687e-03,1.277904102817598031e-02
8.780487804878047906e-03,3.333333333333333981e-03,4.847533632286994687e-03,1.277904102817598031e-02
8.780487804878047906e-03,3.333333333333333981e-03,4.847533632286994687e-03,1.277904102817598031e-02
8.780487804878047906e-03,3.333333333333333981e-03,4.847533632286994687e-03,1.277904102817598031e-02
8.780487804878047906e-03,3.333333333333333981e-03,4.847533632286994687e-03,1.277904102817598031e-02
8.780487804878047906e-03,3.333333333333333981e-03,4.847533632286994687e-03,1.277904102817598031e-02
8.780487804878047906e-03,3.333333333333333981e-03,4.847533632286994687e-03,1.277904102817598031e-02
8.780487804878047906e-03,3.333333333333333981e-03,4.847533632286994687e-03,1.277904102817598031e-02
8.780487804878047906e-03,3.333333333333333981e-03,4.847533632286994687e-03,1.277904102817598031e-02
8.780487804878047906e-03,3.333333333333333981e-03,4.847533632286994687e-03,1.277904102817598031e-02
8.780487804878047906e-03,3.333333333333333981e-03,4.847533632286994687e-03,1.277904102817598031e-02
8.780487804878047906e-03,3.333333333333333981e-03,4.847533632286994687e-03,1.277904102817598031e-02
8.780487804878047906e-03,3.333333333333333981e-03,4.847533632286994687e-03,1.277904102817598031e-02
8.780487804878047906e-03,3.333333333333333981e-03,4.847533632286994687e-03,1.277904102817598031e-02
8.780487804878047906e-03,3.333333333333333981e-03,4.847533632286994687e-03,1.277904102817598031e-02
8.780487804878047906e-03,3.333333333333333981e-03,4.847533632286994687e-03,1.277904102817598031e-02
8.780487804878047906e-03,3.333333333333333981e-03,4.847533632286994687e-03,1.277904102817598031e-02
8.780487804878047906e-03,3.333333333333333981e-03,4.847533632286994687e-03,1.277904102817598031e-02
8.780487804878047906e-03,3.333333333333333981e-03,4.847533632286994687e-03,1.277904102817598031e-02
8.780487804878047906e-03,3.333333333333333981e-03,4.847533632286994687e-03,1.277904102817598031e-02
8.780487804878047906e-03,3.333333333333333981e-03,4.847533632286994687e-03,1.277904102817598031e-02
8.780487804878047906e-03,3.333333333333333981e-03,4.847533632286994687e-03,1.277904102817598031e-02
8.780487804878047906e-03,3.333333333333333981e-03,4.847533632286994687e-03,1.277904102817598031e-02
8.780487804878047906e-03,3.333333333333333981e-03,4.847533632286994687e-03,1.277904102817598031e-02
8.780487804878047906e-03,3.333333333333333981e-03,4.847533632286994687e-03,1.277904102817598031e-02
8.780487804878047906e-03,3.333333333333333981e-03,4.847533632286994687e-03,1.277904102817598031e-02
8.780487804878047906e-03,3.333333333333333981e-03,4.847533632286994687e-03,1.277904102817598031e-02
8.780487804878047906e-03,3.333333333333333981e-03,4.847533632286994687e-03,1.277904102817598031e-02
8.780487804878047906e-03,3.333333333333333981e-03,4.847533632286994687e-03,1.277904102817598031e-02
8.780487804878047906e-03,3.333333333333333981e-03,4.847533632286994687e-03,1.277904102817598031e-02
8.780487804878047906e-03,3.333333333333333981e-03,4.847533632286994687e-03,1.277904102817598031e-02
8.780487804878047906e-03,3.333333333333333981e-03,4.847533632286994687e-03,1.277904102817598031e-02
8.780487804878047906e-03,3.333333333333333981e-03,4.847533632286994687e-03,1.277904102817598031e-02
8.780487804878047906e-03,3.333333333333333981e-03,4.847533632286994687e-03,1.277904102817598031e-02
8.780487804878047906e-03,3.333333333333333981e-03,4.847533632286994687e-03,1.277904102817598031e-02
8.780487804878047906e-03,3.333333333333333981e-03,4.847533632286994687e-03,1.277904102817598031e-02
8.780487804878047906e-03,3.333333333333333981e-03,4.847533632286994687e-03,1.277904102817598031e-02
8.780487804878047906e-03,3.333333333333333981e-03,4.847533632286994687e-03,1.277904102817598031e-02
8.780487804878047906e-03,3.333333333333333981e-03,4.847533632286994687e-03,1.277904102817598031e-02
8.780487804878047906e-03,3.333333333333333981e-03,4.847533632286994687e-03,1.277904102817598031e-02
8.780487804878047906e-03,3.333333333333333981e-03,4.847533632286994687e-03,1.277904102817598031e-02
8.780487804878047906e-03,3.333333333333333981e-03,4.847533632286994687e-03,1.277904102817598031e-02
8.780487804878047906e-03,3.333333333333333981e-03,4.847533632286994687e-03,1.277904102817598031e-02
8.780487804878047906e-03,3.333333333333333981e-03,4.847533632286994687e-03,1.277904102817598031e-02
8.780487804878047906e-03,3.333333333333333981e-03,4.847533632286994687e-03,1.277904102817598031e-02
8.780487804878047906e-03,3.333333333333333981e-03,4.847533632286994687e-03,1.277904102817598031e-02
8.780487804878047906e-03,3.333333333333333981e-03,4.847533632286994687e-03,1.277904102817598031e-02
8.780487804878047906e-03,3.333333333333333981e-03,4.847533632286994687e-03,1.277904102817598031e-02
8.780487804878047906e-03,3.333333333333333981e-03,4.847533632286994687e-03,1.277904102817598031e-02
8.780487804878047906e-03,3.333333333333333981e-03,4.847533632286994687e-03,1.277904102817598031e-02
8.780487804878047906e-03,3.333333333333333981e-03,4.847533632286994687e-03,1.277904102817598031e-02
8.780487804878047906e-03,3.333333333333333981e-03,4.847533632286994687e-03,1.277904102817598031e-02
8.780487804878047906e-03,3.333333333333333981e-03,4.847533632286994687e-03,1.277904102817598031e-02
8.780487804878047906e-03,3.333333333333333981e-03,4.847533632286994687e-03,1.277904102817598031e-02
8.780487804878047906e-03,3.333333333333333981e-03,4.847533632286994687e-03,1.277904102817598031e-02
8.780487804878047906e-03,3.333333333333333981e-03,4.847533632286994687e-03,1.277904102817598031e-02
8.780487804878047906e-03,3.333333333333333981e-03,4.847533632286994687e-03,1.277904102817598031e-02
8.780487804878047906e-03,3.333333333333333981e-03,4.847533632286994687e-03,1.277904102817598031e-02
8.780487804878047906e-03,3.333333333333333981e-03,4.847533632286994687e-03,1.277904102817598031e-02
8.780487804878047906e-03,3.333333333333333981e-03,4.847533632286994687e-03,1.277904102817598031e-02
8.780487804878047906e-03,3.333333333333333981e-03,4.847533632286994687e-03,1.277904102817598031e-02
8.780487804878047906e-03,3.333333333333333981e-03,4.847533632286994687e-03,1.277904102817598031e-02
8.780487804878047906e-03,3.333333333333333981e-03,4.847533632286994687e-03,1.277904102817598031e-02
8.780487804878047906e-03,3.333333333333333981e-03,4.847533632286994687e-03,1.277904102817598031e-02
8.780487804878047906e-03,3.333333333333333981e-03,4.847533632286994687e-03,1.277904102817598031e-02
8.780487804878047906e-03,3.333333333333333981e-03,4.847533632286994687e-03,1.277904102817598031e-02
8.780487804878047906e-03,3.333333333333333981e-03,4.847533632286994687e-03,1.277904102817598031e-02
8.780487804878047906e-03,3.333333333333333981e-03,4.847533632286994687e-03,1.277904102817598031e-02
8.780487804878047906e-03,3.333333333333333981e-03,4.847533632286994687e-03,1.277904102817598031e-02
8.780487804878047906e-03,3.333333333333333981e-03,4.847533632286994687e-03,1.277904102817598031e-02
8.780487804878047906e-03,3.333333333333333981e-03,4.847533632286994687e-03,1.277904102817598031e-02
8.780487804878047906e-03,3.333333333333333981e-03,4.847533632286994687e-03,1.277904102817598031e-02
8.780487804878047906e-03,3.333333333333333981e-03,4.847533632286994687e-03,1.277904102817598031e-02
8.780487804878047906e-03,3.333333333333333981e-03,4.847533632286994687e-03,1.277904102817598031e-02
8.780487804878047906e-03,3.333333333333333981e-03,4.847533632286994687e-03,1.277904102817598031e-02
8.780487804878047906e-03,3.333333333333333981e-03,4.847533632286994687e-03,1.277904102817598031e-02
8.780487804878047906e-03,3.333333333333333981e-03,4.847533632286994687e-03,1.277904102817598031e-02
8.780487804878047906e-03,3.333333333333333981e-03,4.847533632286994687e-03,1.277904102817598031e-02
8.780487804878047906e-03,3.333333333333333981e-03,4.847533632286994687e-03,1.277904102817598031e-02
8.780487804878047906e-03,3.333333333333333981e-03,4.847533632286994687e-03,1.277904102817598031e-02
8.780487804878047906e-03,3.333333333333333981e-03,4.847533632286994687e-03,1.277904102817598031e-02
8.780487804878047906e-03,3.333333333333333981e-03,4.847533632286994687e-03,1.277904102817598031e-02
8.780487804878047906e-03,3.333333333333333981e-03,4.847533632286994687e-03,1.277904102817598031e-02
8.780487804878047906e-03,3.333333333333333981e-03,4.847533632286994687e-03,1.277904102817598031e-02
8.780487804878047906e-03,3.333333333333333981e-03,4.847533632286994687e-03,1.277904102817598031e-02
8.780487804878047906e-03,3.333333333333333981e-03,4.847533632286994687e-03,1.277904102817598031e-02
8.780487804878047906e-03,3.333333333333333981e-03,4.847533632286994687e-03,1.277904102817598031e-02
8.780487804878047906e-03,3.333333333333333981e-03,4.847533632286994687e-03,1.277904102817598031e-02
8.780487804878047906e-03,3.333333333333333981e-03,4.847533632286994687e-03,1.277904102817598031e-02
8.780487804878047906e-03,3.333333333333333981e-03,4.847533632286994687e-03,1.277904102817598031e-02
8.780487804878047906e-03,3.333333333333333981e-03,4.847533632286994687e-03,1.277904102817598031e-02
8.780487804878047906e-03,3.333333333333333981e-03,4.847533632286994687e-03,1.277904102817598031e-02
8.780487804878047906e-03,3.333333333333333981e-03,4.847533632286994687e-03,1.277904102817598031e-02
8.780487804878047906e-03,3.333333333333333981e-03,4.847533632286994687e-03,1.277904102817598031e-02
8.780487804878047906e-03,3.333333333333333981e-03,4.847533632286994687e-03,1.277904102817598031e-02
8.780487804878047906e-03,3.333333333333333981e-03,4.847533632286994687e-03,1.277904102817598031e-02
8.780487804878047906e-03,3.333333333333333981e-03,4.847533632286994687e-03,1.277904102817598031e-02
8.780487804878047906e-03,3.333333333333333981e-03,4.847533632286994687e-03,1.277904102817598031e-02
8.780487804878047906e-03,3.333333333333333981e-03,4.847533632286994687e-03,1.277904102817598031e-02
8.780487804878047906e-03,3.333333333333333981e-03,4.847533632286994687e-03,1.277904102817598031e-02
8.780487804878047906e-03,3.333333333333333981e-03,4.847533632286994687e-03,1.277904102817598031e-02
8.780487804878047906e-03,3.333333333333333981e-03,4.847533632286994687e-03,1.277904102817598031e-02
8.780487804878047906e-03,3.333333333333333981e-03,4.847533632286994687e-03,1.277904102817598031e-02
8.780487804878047906e-03,3.333333333333333981e-03,4.847533632286994687e-03,1.277904102817598031e-02
8.780487804878047906e-03,3.333333333333333981e-03,4.847533632286994687e-03,1.277904102817598031e-02
8.780487804878047906e-03,3.333333333333333981e-03,4.847533632286994687e-03,1.277904102817598031e-02
8.780487804878047906e-03,3.333333333333333981e-03,4.847533632286994687e-03,1.277904102817598031e-02
8.780487804878047906e-03,3.333333333333333981e-03,4.847533632286994687e-03,1.277904102817598031e-02
8.780487804878047906e-03,3.333333333333333981e-03,4.847533632286994687e-03,1.277904102817598031e-02
8.780487804878047906e-03,3.333333333333333981e-03,4.847533632286994687e-03,1.277904102817598031e-02
8.780487804878047906e-03,3.333333333333333981e-03,4.847533632286994687e-03,1.277904102817598031e-02
8.780487804878047906e-03,3.333333333333333981e-03,4.847533632286994687e-03,1.277904102817598031e-02
8.780487804878047906e-03,3.333333333333333981e-03,4.847533632286994687e-03,1.277904102817598031e-02
8.780487804878047906e-03,3.333333333333333981e-03,4.847533632286994687e-03,1.277904102817598031e-02
8.780487804878047906e-03,3.333333333333333981e-03,4.847533632286994687e-03,1.277904102817598031e-02
8.780487804878047906e-03,3.333333333333333981e-03,4.847533632286994687e-03,1.277904102817598031e-02
8.780487804878047906e-03,3.333333333333333981e-03,4.847533632286994687e-03,1.277904102817598031e-02
8.780487804878047906e-03,3.333333333333333981e-03,4.847533632286994687e-03,1.277904102817598031e-02
8.780487804878047906e-03,3.333333333333333981e-03,4.847533632286994687e-03,1.277904102817598031e-02
8.780487804878047906e-03,3.333333333333333981e-03,4.847533632286994687e-03,1.277904102817598031e-02
8.780487804878047906e-03,3.333333333333333981e-03,4.847533632286994687e-03,1.277904102817598031e-02
8.780487804878047906e-03,3.333333333333333981e-03,4.847533632286994687e-03,1.277904102817598031e-02
8.780487804878047906e-03,3.333333333333333981e-03,4.847533632286994687e-03,1.277904102817598031e-02
8.780487804878047906e-03,3.333333333333333981e-03,4.847533632286994687e-03,1.277904102817598031e-02
8.780487804878047906e-03,3.333333333333333981e-03,4.847533632286994687e-03,1.277904102817598031e-02
8.780487804878047906e-03,3.333333333333333981e-03,4.847533632286994687e-03,1.277904102817598031e-02
8.780487804878047906e-03,3.333333333333333981e-03,4.847533632286994687e-03,1.277904102817598031e-02
8.780487804878047906e-03,3.333333333333333981e-03,4.847533632286994687e-03,1.277904102817598031e-02
8.780487804878047906e-03,3.333333333333333981e-03,4.847533632286994687e-03,1.277904102817598031e-02
8.780487804878047906e-03,3.333333333333333981e-03,4.847533632286994687e-03,1.277904102817598031e-02
8.780487804878047906e-03,3.333333333333333981e-03,4.847533632286994687e-03,1.277904102817598031e-02
8.780487804878047906e-03,3.333333333333333981e-03,4.847533632286994687e-03,1.277904102817598031e-02
8.780487804878047906e-03,3.333333333333333981e-03,4.847533632286994687e-03,1.277904102817598031e-02
8.780487804878047906e-03,3.333333333333333981e-03,4.847533632286994687e-03,1.277904102817598031e-02
8.780487804878047906e-03,3.333333333333333981e-03,4.847533632286994687e-03,1.277904102817598031e-02
8.780487804878047906e-03,3.333333333333333981e-03,4.847533632286994687e-03,1.277904102817598031e-02
8.780487804878047906e-03,3.333333333333333981e-03,4.847533632286994687e-03,1.277904102817598031e-02
8.780487804878047906e-03,3.333333333333333981e-03,4.847533632286994687e-03,1.277904102817598031e-02
8.780487804878047906e-03,3.333333333333333981e-03,4.847533632286994687e-03,1.277904102817598031e-02
8.780487804878047906e-03,3.333333333333333981e-03,4.847533632286994687e-03,1.277904102817598031e-02
8.780487804878047906e-03,3.333333333333333981e-03,4.847533632286994687e-03,1.277904102817598031e-02
8.780487804878047906e-03,3.333333333333333981e-03,4.847533632286994687e-03,1.277904102817598031e-02
8.780487804878047906e-03,3.333333333333333981e-03,4.847533632286994687e-03,1.277904102817598031e-02
8.780487804878047906e-03,3.333333333333333981e-03,4.847533632286994687e-03,1.277904102817598031e-02
8.780487804878047906e-03,3.333333333333333981e-03,4.847533632286994687e-03,1.277904102817598031e-02
8.780487804878047906e-03,3.333333333333333981e-03,4.847533632286994687e-03,1.277904102817598031e-02
8.780487804878047906e-03,3.333333333333333981e-03,4.847533632286994687e-03,1.277904102817598031e-02
8.780487804878047906e-03,3.333333333333333981e-03,4.847533632286994687e-03,1.277904102817598031e-02
8.780487804878047906e-03,3.333333333333333981e-03,4.847533632286994687e-03,1.277904102817598031e-02
8.780487804878047906e-03,3.333333333333333981e-03,4.847533632286994687e-03,1.277904102817598031e-02
8.780487804878047906e-03,3.333333333333333981e-03,4.847533632286994687e-03,1.277904102817598031e-02
8.780487804878047906e-03,3.333333333333333981e-03,4.847533632286994687e-03,1.277904102817598031e-02
8.780487804878047906e-03,3.333333333333333981e-03,4.847533632286994687e-03,1.277904102817598031e-02
8.780487804878047906e-03,3.333333333333333981e-03,4.847533632286994687e-03,1.277904102817598031e-02
8.780487804878047906e-03,3.333333333333333981e-03,4.847533632286994687e-03,1.277904102817598031e-02
8.780487804878047906e-03,3.333333333333333981e-03,4.847533632286994687e-03,1.277904102817598031e-02
8.780487804878047906e-03,3.333333333333333981e-03,4.847533632286994687e-03,1.277904102817598031e-02
8.780487804878047906e-03,3.333333333333333981e-03,4.847533632286994687e-03,1.277904102817598031e-02
8.780487804878047906e-03,3.333333333333333981e-03,4.847533632286994687e-03,1.277904102817598031e-02
8.780487804878047906e-03,3.333333333333333981e-03,4.847533632286994687e-03,1.277904102817598031e-02
8.780487804878047906e-03,3.333333333333333981e-03,4.847533632286994687e-03,1.277904102817598031e-02
8.780487804878047906e-03,3.333333333333333981e-03,4.847533632286994687e-03,1.277904102817598031e-02
8.780487804878047906e-03,3.333333333333333981e-03,4.847533632286994687e-03,1.277904102817598031e-02
8.780487804878047906e-03,3.333333333333333981e-03,4.847533632286994687e-03,1.277904102817598031e-02
8.780487804878047906e-03,3.333333333333333981e-03,4.847533632286994687e-03,1.277904102817598031e-02
8.780487804878047906e-03,3.333333333333333981e-03,4.847533632286994687e-03,1.277904102817598031e-02
8.780487804878047906e-03,3.333333333333333981e-03,4.847533632286994687e-03,1.277904102817598031e-02
8.780487804878047906e-03,3.333333333333333981e-03,4.847533632286994687e-03,1.277904102817598031e-02
8.780487804878047906e-03,3.333333333333333981e-03,4.847533632286994687e-03,1.277904102817598031e-02
8.780487804878047906e-03,3.333333333333333981e-03,4.847533632286994687e-03,1.277904102817598031e-02
8.780487804878047906e-03,3.333333333333333981e-03,4.847533632286994687e-03,1.277904102817598031e-02
8.780487804878047906e-03,3.333333333333333981e-03,4.847533632286994687e-03,1.277904102817598031e-02
8.780487804878047906e-03,3.333333333333333981e-03,4.847533632286994687e-03,1.277904102817598031e-02
8.780487804878047906e-03,3.333333333333333981e-03,4.847533632286994687e-03,1.277904102817598031e-02
8.780487804878047906e-03,3.333333333333333981e-03,4.847533632286994687e-03,1.277904102817598031e-02
8.780487804878047906e-03,3.333333333333333981e-03,4.847533632286994687e-03,1.277904102817598031e-02
8.780487804878047906e-03,3.333333333333333981e-03,4.847533632286994687e-03,1.277904102817598031e-02
8.780487804878047906e-03,3.333333333333333981e-03,4.847533632286994687e-03,1.277904102817598031e-02
8.780487804878047906e-03,3.333333333333333981e-03,4.847533632286994687e-03,1.277904102817598031e-02
8.780487804878047906e-03,3.333333333333333981e-03,4.847533632286994687e-03,1.277904102817598031e-02
8.780487804878047906e-03,3.333333333333333981e-03,4.847533632286994687e-03,1.277904102817598031e-02
8.780487804878047906e-03,3.333333333333333981e-03,4.847533632286994687e-03,1.277904102817598031e-02
8.780487804878047906e-03,3.333333333333333981e-03,4.847533632286994687e-03,1.277904102817598031e-02
8.780487804878047906e-03,3.333333333333333981e-03,4.847533632286994687e-03,1.277904102817598031e-02
8.780487804878047906e-03,3.333333333333333981e-03,4.847533632286994687e-03,1.277904102817598031e-02
8.780487804878047906e-03,3.333333333333333981e-03,4.847533632286994687e-03,1.277904102817598031e-02
8.780487804878047906e-03,3.333333333333333981e-03,4.847533632286994687e-03,1.277904102817598031e-02
8.780487804878047906e-03,3.333333333333333981e-03,4.847533632286994687e-03,1.277904102817598031e-02
8.780487804878047906e-03,3.333333333333333981e-03,4.847533632286994687e-03,1.277904102817598031e-02
8.780487804878047906e-03,3.333333333333333981e-03,4.847533632286994687e-03,1.277904102817598031e-02
8.780487804878047906e-03,3.333333333333333981e-03,4.847533632286994687e-03,1.277904102817598031e-02
8.780487804878047906e-03,3.333333333333333981e-03,4.847533632286994687e-03,1.277904102817598031e-02
8.780487804878047906e-03,3.333333333333333981e-03,4.847533632286994687e-03,1.277904102817598031e-02
8.780487804878047906e-03,3.333333333333333981e-03,4.847533632286994687e-03,1.277904102817598031e-02
8.780487804878047906e-03,3.333333333333333981e-03,4.847533632286994687e-03,1.277904102817598031e-02
8.780487804878047906e-03,3.333333333333333981e-03,4.847533632286994687e-03,1.277904102817598031e-02
8.780487804878047906e-03,3.333333333333333981e-03,4.847533632286994687e-03,1.277904102817598031e-02
8.780487804878047906e-03,3.333333333333333981e-03,4.847533632286994687e-03,1.277904102817598031e-02
8.780487804878047906e-03,3.333333333333333981e-03,4.847533632286994687e-03,1.277904102817598031e-02
8.780487804878047906e-03,3.333333333333333981e-03,4.847533632286994687e-03,1.277904102817598031e-02
8.780487804878047906e-03,3.333333333333333981e-03,4.847533632286994687e-03,1.277904102817598031e-02
8.780487804878047906e-03,3.333333333333333981e-03,4.847533632286994687e-03,1.277904102817598031e-02
8.780487804878047906e-03,3.333333333333333981e-03,4.847533632286994687e-03,1.277904102817598031e-02
8.780487804878047906e-03,3.333333333333333981e-03,4.847533632286994687e-03,1.277904102817598031e-02
8.780487804878047906e-03,3.333333333333333981e-03,4.847533632286994687e-03,1.277904102817598031e-02
8.780487804878047906e-03,3.333333333333333981e-03,4.847533632286994687e-03,1.277904102817598031e-02
8.780487804878047906e-03,3.333333333333333981e-03,4.847533632286994687e-03,1.277904102817598031e-02
8.780487804878047906e-03,3.333333333333333981e-03,4.847533632286994687e-03,1.277904102817598031e-02
8.780487804878047906e-03,3.333333333333333981e-03,4.847533632286994687e-03,1.277904102817598031e-02
8.780487804878047906e-03,3.333333333333333981e-03,4.847533632286994687e-03,1.277904102817598031e-02
8.780487804878047906e-03,3.333333333333333981e-03,4.847533632286994687e-03,1.277904102817598031e-02
8.780487804878047906e-03,3.333333333333333981e-03,4.847533632286994687e-03,1.277904102817598031e-02
8.780487804878047906e-03,3.333333333333333981e-03,4.847533632286994687e-03,1.277904102817598031e-02
8.780487804878047906e-03,3.333333333333333981e-03,4.847533632286994687e-03,1.277904102817598031e-02
8.780487804878047906e-03,3.333333333333333981e-03,4.847533632286994687e-03,1.277904102817598031e-02
8.780487804878047906e-03,3.333333333333333981e-03,4.847533632286994687e-03,1.277904102817598031e-02
8.780487804878047906e-03,3.333333333333333981e-03,4.847533632286994687e-03,1.277904102817598031e-02
8.780487804878047906e-03,3.333333333333333981e-03,4.847533632286994687e-03,1.277904102817598031e-02
8.780487804878047906e-03,3.333333333333333981e-03,4.847533632286994687e-03,1.277904102817598031e-02
8.780487804878047906e-03,3.333333333333333981e-03,4.847533632286994687e-03,1.277904102817598031e-02
8.780487804878047906e-03,3.333333333333333981e-03,4.847533632286994687e-03,1.277904102817598031e-02
8.780487804878047906e-03,3.333333333333333981e-03,4.847533632286994687e-03,1.277904102817598031e-02
8.780487804878047906e-03,3.333333333333333981e-03,4.847533632286994687e-03,1.277904102817598031e-02
8.780487804878047906e-03,3.333333333333333981e-03,4.847533632286994687e-03,1.277904102817598031e-02
8.780487804878047906e-03,3.333333333333333981e-03,4.847533632286994687e-03,1.277904102817598031e-02
8.780487804878047906e-03,3.333333333333333981e-03,4.847533632286994687e-03,1.277904102817598031e-02
8.780487804878047906e-03,3.333333333333333981e-03,4.847533632286994687e-03,1.277904102817598031e-02
8.780487804878047906e-03,3.333333333333333981e-03,4.847533632286994687e-03,1.277904102817598031e-02
8.780487804878047906e-03,3.333333333333333981e-03,4.847533632286994687e-03,1.277904102817598031e-02
8.780487804878047906e-03,3.333333333333333981e-03,4.847533632286994687e-03,1.277904102817598031e-02
8.780487804878047906e-03,3.333333333333333981e-03,4.847533632286994687e-03,1.277904102817598031e-02
8.780487804878047906e-03,3.333333333333333981e-03,4.847533632286994687e-03,1.277904102817598031e-02
8.780487804878047906e-03,3.333333333333333981e-03,4.847533632286994687e-03,1.277904102817598031e-02
8.780487804878047906e-03,3.333333333333333981e-03,4.847533632286994687e-03,1.277904102817598031e-02
8.780487804878047906e-03,3.333333333333333981e-03,4.847533632286994687e-03,1.277904102817598031e-02
8.780487804878047906e-03,3.333333333333333981e-03,4.847533632286994687e-03,1.277904102817598031e-02
8.780487804878047906e-03,3.333333333333333981e-03,4.847533632286994687e-03,1.277904102817598031e-02
8.780487804878047906e-03,3.333333333333333981e-03,4.847533632286994687e-03,1.277904102817598031e-02
8.780487804878047906e-03,3.333333333333333981e-03,4.847533632286994687e-03,1.277904102817598031e-02
8.780487804878047906e-03,3.333333333333333981e-03,4.847533632286994687e-03,1.277904102817598031e-02
8.780487804878047906e-03,3.333333333333333981e-03,4.847533632286994687e-03,1.277904102817598031e-02
8.780487804878047906e-03,3.333333333333333981e-03,4.847533632286994687e-03,1.277904102817598031e-02
8.780487804878047906e-03,3.333333333333333981e-03,4.847533632286994687e-03,1.277904102817598031e-02
8.780487804878047906e-03,3.333333333333333981e-03,4.847533632286994687e-03,1.277904102817598031e-02
8.780487804878047906e-03,3.333333333333333981e-03,4.847533632286994687e-03,1.277904102817598031e-02
8.780487804878047906e-03,3.333333333333333981e-03,4.847533632286994687e-03,1.277904102817598031e-02
8.780487804878047906e-03,3.333333333333333981e-03,4.847533632286994687e-03,1.277904102817598031e-02
8.780487804878047906e-03,3.333333333333333981e-03,4.847533632286994687e-03,1.277904102817598031e-02
8.780487804878047906e-03,3.333333333333333981e-03,4.847533632286994687e-03,1.277904102817598031e-02
8.780487804878047906e-03,3.333333333333333981e-03,4.847533632286994687e-03,1.277904102817598031e-02
8.780487804878047906e-03,3.333333333333333981e-03,4.847533632286994687e-03,1.277904102817598031e-02
8.780487804878047906e-03,3.333333333333333981e-03,4.847533632286994687e-03,1.277904102817598031e-02
8.780487804878047906e-03,3.333333333333333981e-03,4.847533632286994687e-03,1.277904102817598031e-02
8.780487804878047906e-03,3.333333333333333981e-03,4.847533632286994687e-03,1.277904102817598031e-02
8.780487804878047906e-03,3.333333333333333981e-03,4.847533632286994687e-03,1.277904102817598031e-02
8.780487804878047906e-03,3.333333333333333981e-03,4.847533632286994687e-03,1.277904102817598031e-02
8.780487804878047906e-03,3.333333333333333981e-03,4.847533632286994687e-03,1.277904102817598031e-02
8.780487804878047906e-03,3.333333333333333981e-03,4.847533632286994687e-03,1.277904102817598031e-02
8.780487804878047906e-03,3.333333333333333981e-03,4.847533632286994687e-03,1.277904102817598031e-02
8.780487804878047906e-03,3.333333333333333981e-03,4.847533632286994687e-03,1.277904102817598031e-02
8.780487804878047906e-03,3.333333333333333981e-03,4.847533632286994687e-03,1.277904102817598031e-02
8.780487804878047906e-03,3.333333333333333981e-03,4.847533632286994687e-03,1.277904102817598031e-02
8.780487804878047906e-03,3.333333333333333981e-03,4.847533632286994687e-03,1.277904102817598031e-02
8.780487804878047906e-03,3.333333333333333981e-03,4.847533632286994687e-03,1.277904102817598031e-02
8.780487804878047906e-03,3.333333333333333981e-03,4.847533632286994687e-03,1.277904102817598031e-02
8.780487804878047906e-03,3.333333333333333981e-03,4.847533632286994687e-03,1.277904102817598031e-02
8.780487804878047906e-03,3.333333333333333981e-03,4.847533632286994687e-03,1.277904102817598031e-02
8.780487804878047906e-03,3.333333333333333981e-03,4.847533632286994687e-03,1.277904102817598031e-02
8.780487804878047906e-03,3.333333333333333981e-03,4.847533632286994687e-03,1.277904102817598031e-02
8.780487804878047906e-03,3.333333333333333981e-03,4.847533632286994687e-03,1.277904102817598031e-02
8.780487804878047906e-03,3.333333333333333981e-03,4.847533632286994687e-03,1.277904102817598031e-02
8.780487804878047906e-03,3.333333333333333981e-03,4.847533632286994687e-03,1.277904102817598031e-02
8.780487804878047906e-03,3.333333333333333981e-03,4.847533632286994687e-03,1.277904102817598031e-02
8.780487804878047906e-03,3.333333333333333981e-03,4.847533632286994687e-03,1.277904102817598031e-02
8.780487804878047906e-03,3.333333333333333981e-03,4.847533632286994687e-03,1.277904102817598031e-02
8.780487804878047906e-03,3.333333333333333981e-03,4.847533632286994687e-03,1.277904102817598031e-02
8.780487804878047906e-03,3.333333333333333981e-03,4.847533632286994687e-03,1.277904102817598031e-02
8.780487804878047906e-03,3.333333333333333981e-03,4.847533632286994687e-03,1.277904102817598031e-02
8.780487804878047906e-03,3.333333333333333981e-03,4.847533632286994687e-03,1.277904102817598031e-02
8.780487804878047906e-03,3.333333333333333981e-03,4.847533632286994687e-03,1.277904102817598031e-02
8.780487804878047906e-03,3.333333333333333981e-03,4.847533632286994687e-03,1.277904102817598031e-02
8.780487804878047906e-03,3.333333333333333981e-03,4.847533632286994687e-03,1.277904102817598031e-02
8.780487804878047906e-03,3.333333333333333981e-03,4.847533632286994687e-03,1.277904102817598031e-02
8.780487804878047906e-03,3.333333333333333981e-03,4.847533632286994687e-03,1.277904102817598031e-02
8.780487804878047906e-03,3.333333333333333981e-03,4.847533632286994687e-03,1.277904102817598031e-02
8.780487804878047906e-03,3.333333333333333981e-03,4.847533632286994687e-03,1.277904102817598031e-02
8.780487804878047906e-03,3.333333333333333981e-03,4.847533632286994687e-03,1.277904102817598031e-02
8.780487804878047906e-03,3.333333333333333981e-03,4.847533632286994687e-03,1.277904102817598031e-02
8.780487804878047906e-03,3.333333333333333981e-03,4.847533632286994687e-03,1.277904102817598031e-02
8.780487804878047906e-03,3.333333333333333981e-03,4.847533632286994687e-03,1.277904102817598031e-02
8.780487804878047906e-03,3.333333333333333981e-03,4.847533632286994687e-03,1.277904102817598031e-02
8.780487804878047906e-03,3.333333333333333981e-03,4.847533632286994687e-03,1.277904102817598031e-02
8.780487804878047906e-03,3.333333333333333981e-03,4.847533632286994687e-03,1.277904102817598031e-02
8.780487804878047906e-03,3.333333333333333981e-03,4.847533632286994687e-03,1.277904102817598031e-02
8.780487804878047906e-03,3.333333333333333981e-03,4.847533632286994687e-03,1.277904102817598031e-02
8.780487804878047906e-03,3.333333333333333981e-03,4.847533632286994687e-03,1.277904102817598031e-02
8.780487804878047906e-03,3.333333333333333981e-03,4.847533632286994687e-03,1.277904102817598031e-02
8.780487804878047906e-03,3.333333333333333981e-03,4.847533632286994687e-03,1.277904102817598031e-02
8.780487804878047906e-03,3.333333333333333981e-03,4.847533632286994687e-03,1.277904102817598031e-02
8.780487804878047906e-03,3.333333333333333981e-03,4.847533632286994687e-03,1.277904102817598031e-02
8.780487804878047906e-03,3.333333333333333981e-03,4.847533632286994687e-03,1.277904102817598031e-02
8.780487804878047906e-03,3.333333333333333981e-03,4.847533632286994687e-03,1.277904102817598031e-02
8.780487804878047906e-03,3.333333333333333981e-03,4.847533632286994687e-03,1.277904102817598031e-02
8.780487804878047906e-03,3.333333333333333981e-03,4.847533632286994687e-03,1.277904102817598031e-02
8.780487804878047906e-03,3.333333333333333981e-03,4.847533632286994687e-03,1.277904102817598031e-02
8.780487804878047906e-03,3.333333333333333981e-03,4.847533632286994687e-03,1.277904102817598031e-02
8.780487804878047906e-03,3.333333333333333981e-03,4.847533632286994687e-03,1.277904102817598031e-02
8.780487804878047906e-03,3.333333333333333981e-03,4.847533632286994687e-03,1.277904102817598031e-02
8.780487804878047906e-03,3.333333333333333981e-03,4.847533632286994687e-03,1.277904102817598031e-02
8.780487804878047906e-03,3.333333333333333981e-03,4.847533632286994687e-03,1.277904102817598031e-02
8.780487804878047906e-03,3.333333333333333981e-03,4.847533632286994687e-03,1.277904102817598031e-02
8.780487804878047906e-03,3.333333333333333981e-03,4.847533632286994687e-03,1.277904102817598031e-02
8.780487804878047906e-03,3.333333333333333981e-03,4.847533632286994687e-03,1.277904102817598031e-02
8.780487804878047906e-03,3.333333333333333981e-03,4.847533632286994687e-03,1.277904102817598031e-02
8.780487804878047906e-03,3.333333333333333981e-03,4.847533632286994687e-03,1.277904102817598031e-02
8.780487804878047906e-03,3.333333333333333981e-03,4.847533632286994687e-03,1.277904102817598031e-02
8.780487804878047906e-03,3.333333333333333981e-03,4.847533632286994687e-03,1.277904102817598031e-02
8.780487804878047906e-03,3.333333333333333981e-03,4.847533632286994687e-03,1.277904102817598031e-02
8.780487804878047906e-03,3.333333333333333981e-03,4.847533632286994687e-03,1.277904102817598031e-02
8.780487804878047906e-03,3.333333333333333981e-03,4.847533632286994687e-03,1.277904102817598031e-02
8.780487804878047906e-03,3.333333333333333981e-03,4.847533632286994687e-03,1.277904102817598031e-02
8.780487804878047906e-03,3.333333333333333981e-03,4.847533632286994687e-03,1.277904102817598031e-02
8.780487804878047906e-03,3.333333333333333981e-03,4.847533632286994687e-03,1.277904102817598031e-02
8.780487804878047906e-03,3.333333333333333981e-03,4.847533632286994687e-03,1.277904102817598031e-02
8.780487804878047906e-03,3.333333333333333981e-03,4.847533632286994687e-03,1.277904102817598031e-02
8.780487804878047906e-03,3.333333333333333981e-03,4.847533632286994687e-03,1.277904102817598031e-02
8.780487804878047906e-03,3.333333333333333981e-03,4.847533632286994687e-03,1.277904102817598031e-02
8.780487804878047906e-03,3.333333333333333981e-03,4.847533632286994687e-03,1.277904102817598031e-02
8.780487804878047906e-03,3.333333333333333981e-03,4.847533632286994687e-03,1.277904102817598031e-02
8.780487804878047906e-03,3.333333333333333981e-03,4.847533632286994687e-03,1.277904102817598031e-02
8.780487804878047906e-03,3.333333333333333981e-03,4.847533632286994687e-03,1.277904102817598031e-02
8.780487804878047906e-03,3.333333333333333981e-03,4.847533632286994687e-03,1.277904102817598031e-02
8.780487804878047906e-03,3.333333333333333981e-03,4.847533632286994687e-03,1.277904102817598031e-02
8.780487804878047906e-03,3.333333333333333981e-03,4.847533632286994687e-03,1.277904102817598031e-02
8.780487804878047906e-03,3.333333333333333981e-03,4.847533632286994687e-03,1.277904102817598031e-02
8.780487804878047906e-03,3.333333333333333981e-03,4.847533632286994687e-03,1.277904102817598031e-02
8.780487804878047906e-03,3.333333333333333981e-03,4.847533632286994687e-03,1.277904102817598031e-02
8.780487804878047906e-03,3.333333333333333981e-03,4.847533632286994687e-03,1.277904102817598031e-02
8.780487804878047906e-03,3.333333333333333981e-03,4.847533632286994687e-03,1.277904102817598031e-02
8.780487804878047906e-03,3.333333333333333981e-03,4.847533632286994687e-03,1.277904102817598031e-02
8.780487804878047906e-03,3.333333333333333981e-03,4.847533632286994687e-03,1.277904102817598031e-02
8.780487804878047906e-03,3.333333333333333981e-03,4.847533632286994687e-03,1.277904102817598031e-02
8.780487804878047906e-03,3.333333333333333981e-03,4.847533632286994687e-03,1.277904102817598031e-02
8.780487804878047906e-03,3.333333333333333981e-03,4.847533632286994687e-03,1.277904102817598031e-02
8.780487804878047906e-03,3.333333333333333981e-03,4.847533632286994687e-03,1.277904102817598031e-02
8.780487804878047906e-03,3.333333333333333981e-03,4.847533632286994687e-03,1.277904102817598031e-02
8.780487804878047906e-03,3.333333333333333981e-03,4.847533632286994687e-03,1.277904102817598031e-02
8.780487804878047906e-03,3.333333333333333981e-03,4.847533632286994687e-03,1.277904102817598031e-02
8.780487804878047906e-03,3.333333333333333981e-03,4.847533632286994687e-03,1.277904102817598031e-02
8.780487804878047906e-03,3.333333333333333981e-03,4.847533632286994687e-03,1.277904102817598031e-02
8.780487804878047906e-03,3.333333333333333981e-03,4.847533632286994687e-03,1.277904102817598031e-02
8.780487804878047906e-03,3.333333333333333981e-03,4.847533632286994687e-03,1.277904102817598031e-02
8.780487804878047906e-03,3.333333333333333981e-03,4.847533632286994687e-03,1.277904102817598031e-02
8.780487804878047906e-03,3.333333333333333981e-03,4.847533632286994687e-03,1.277904102817598031e-02
8.780487804878047906e-03,3.333333333333333981e-03,4.847533632286994687e-03,1.277904102817598031e-02
8.780487804878047906e-03,3.333333333333333981e-03,4.847533632286994687e-03,1.277904102817598031e-02
8.780487804878047906e-03,3.333333333333333981e-03,4.847533632286994687e-03,1.277904102817598031e-02
8.780487804878047906e-03,3.333333333333333981e-03,4.847533632286994687e-03,1.277904102817598031e-02
8.780487804878047906e-03,3.333333333333333981e-03,4.847533632286994687e-03,1.277904102817598031e-02
8.780487804878047906e-03,3.333333333333333981e-03,4.847533632286994687e-03,1.277904102817598031e-02
8.780487804878047906e-03,3.333333333333333981e-03,4.847533632286994687e-03,1.277904102817598031e-02
8.780487804878047906e-03,3.333333333333333981e-03,4.847533632286994687e-03,1.277904102817598031e-02
8.780487804878047906e-03,3.333333333333333981e-03,4.847533632286994687e-03,1.277904102817598031e-02
8.780487804878047906e-03,3.333333333333333981e-03,4.847533632286994687e-03,1.277904102817598031e-02
8.780487804878047906e-03,3.333333333333333981e-03,4.847533632286994687e-03,1.277904102817598031e-02
8.780487804878047906e-03,3.333333333333333981e-03,4.847533632286994687e-03,1.277904102817598031e-02
8.780487804878047906e-03,3.333333333333333981e-03,4.847533632286994687e-03,1.277904102817598031e-02
8.780487804878047906e-03,3.333333333333333981e-03,4.847533632286994687e-03,1.277904102817598031e-02
8.780487804878047906e-03,3.333333333333333981e-03,4.847533632286994687e-03,1.277904102817598031e-02
8.780487804878047906e-03,3.333333333333333981e-03,4.847533632286994687e-03,1.277904102817598031e-02
8.780487804878047906e-03,3.333333333333333981e-03,4.847533632286994687e-03,1.277904102817598031e-02
8.780487804878047906e-03,3.333333333333333981e-03,4.847533632286994687e-03,1.277904102817598031e-02
8.780487804878047906e-03,3.333333333333333981e-03,4.847533632286994687e-03,1.277904102817598031e-02
8.780487804878047906e-03,3.333333333333333981e-03,4.847533632286994687e-03,1.277904102817598031e-02
8.780487804878047906e-03,3.333333333333333981e-03,4.847533632286994687e-03,1.277904102817598031e-02
8.780487804878047906e-03,3.333333333333333981e-03,4.847533632286994687e-03,1.277904102817598031e-02
8.780487804878047906e-03,3.333333333333333981e-03,4.847533632286994687e-03,1.277904102817598031e-02
8.780487804878047906e-03,3.333333333333333981e-03,4.847533632286994687e-03,1.277904102817598031e-02
8.780487804878047906e-03,3.333333333333333981e-03,4.847533632286994687e-03,1.277904102817598031e-02
8.780487804878047906e-03,3.333333333333333981e-03,4.847533632286994687e-03,1.277904102817598031e-02
8.780487804878047906e-03,3.333333333333333981e-03,4.847533632286994687e-03,1.277904102817598031e-02
8.780487804878047906e-03,3.333333333333333981e-03,4.847533632286994687e-03,1.277904102817598031e-02
8.780487804878047906e-03,3.333333333333333981e-03,4.847533632286994687e-03,1.277904102817598031e-02
8.780487804878047906e-03,3.333333333333333981e-03,4.847533632286994687e-03,1.277904102817598031e-02
8.780487804878047906e-03,3.333333333333333981e-03,4.847533632286994687e-03,1.277904102817598031e-02
8.780487804878047906e-03,3.333333333333333981e-03,4.847533632286994687e-03,1.277904102817598031e-02
8.780487804878047906e-03,3.333333333333333981e-03,4.847533632286994687e-03,1.277904102817598031e-02
8.780487804878047906e-03,3.333333333333333981e-03,4.847533632286994687e-03,1.277904102817598031e-02
8.780487804878047906e-03,3.333333333333333981e-03,4.847533632286994687e-03,1.277904102817598031e-02
8.780487804878047906e-03,3.333333333333333981e-03,4.847533632286994687e-03,1.277904102817598031e-02
8.780487804878047906e-03,3.333333333333333981e-03,4.847533632286994687e-03,1.277904102817598031e-02
8.780487804878047906e-03,3.333333333333333981e-03,4.847533632286994687e-03,1.277904102817598031e-02
8.780487804878047906e-03,3.333333333333333981e-03,4.847533632286994687e-03,1.277904102817598031e-02
8.780487804878047906e-03,3.333333333333333981e-03,4.847533632286994687e-03,1.277904102817598031e-02
8.780487804878047906e-03,3.333333333333333981e-03,4.847533632286994687e-03,1.277904102817598031e-02
8.780487804878047906e-03,3.333333333333333981e-03,4.847533632286994687e-03,1.277904102817598031e-02
8.780487804878047906e-03,3.333333333333333981e-03,4.847533632286994687e-03,1.277904102817598031e-02
8.780487804878047906e-03,3.333333333333333981e-03,4.847533632286994687e-03,1.277904102817598031e-02
8.780487804878047906e-03,3.333333333333333981e-03,4.847533632286994687e-03,1.277904102817598031e-02
8.780487804878047906e-03,3.333333333333333981e-03,4.847533632286994687e-03,1.277904102817598031e-02
8.780487804878047906e-03,3.333333333333333981e-03,4.847533632286994687e-03,1.277904102817598031e-02
8.780487804878047906e-03,3.333333333333333981e-03,4.847533632286994687e-03,1.277904102817598031e-02
8.780487804878047906e-03,3.333333333333333981e-03,4.847533632286994687e-03,1.277904102817598031e-02
8.780487804878047906e-03,3.333333333333333981e-03,4.847533632286994687e-03,1.277904102817598031e-02
8.780487804878047906e-03,3.333333333333333981e-03,4.847533632286994687e-03,1.277904102817598031e-02
8.780487804878047906e-03,3.333333333333333981e-03,4.847533632286994687e-03,1.277904102817598031e-02
8.780487804878047906e-03,3.333333333333333981e-03,4.847533632286994687e-03,1.277904102817598031e-02
8.780487804878047906e-03,3.333333333333333981e-03,4.847533632286994687e-03,1.277904102817598031e-02
8.780487804878047906e-03,3.333333333333333981e-03,4.847533632286994687e-03,1.277904102817598031e-02
8.780487804878047906e-03,3.333333333333333981e-03,4.847533632286994687e-03,1.277904102817598031e-02
8.780487804878047906e-03,3.333333333333333981e-03,4.847533632286994687e-03,1.277904102817598031e-02
8.780487804878047906e-03,3.333333333333333981e-03,4.847533632286994687e-03,1.277904102817598031e-02
8.780487804878047906e-03,3.333333333333333981e-03,4.847533632286994687e-03,1.277904102817598031e-02
8.780487804878047906e-03,3.333333333333333981e-03,4.847533632286994687e-03,1.277904102817598031e-02
8.780487804878047906e-03,3.333333333333333981e-03,4.847533632286994687e-03,1.277904102817598031e-02
8.780487804878047906e-03,3.333333333333333981e-03,4.847533632286994687e-03,1.277904102817598031e-02
8.780487804878047906e-03,3.333333333333333981e-03,4.847533632286994687e-03,1.277904102817598031e-02
8.780487804878047906e-03,3.333333333333333981e-03,4.847533632286994687e-03,1.277904102817598031e-02
8.780487804878047906e-03,3.333333333333333981e-03,4.847533632286994687e-03,1.277904102817598031e-02
8.780487804878047906e-03,3.333333333333333981e-03,4.847533632286994687e-03,1.277904102817598031e-02
8.780487804878047906e-03,3.333333333333333981e-03,4.847533632286994687e-03,1.277904102817598031e-02
8.780487804878047906e-03,3.333333333333333981e-03,4.847533632286994687e-03,1.277904102817598031e-02
8.780487804878047906e-03,3.333333333333333981e-03,4.847533632286994687e-03,1.277904102817598031e-02
8.780487804878047906e-03,3.333333333333333981e-03,4.847533632286994687e-03,1.277904102817598031e-02
8.780487804878047906e-03,3.333333333333333981e-03,4.847533632286994687e-03,1.277904102817598031e-02
8.780487804878047906e-03,3.333333333333333981e-03,4.847533632286994687e-03,1.277904102817598031e-02
8.780487804878047906e-03,3.333333333333333981e-03,4.847533632286994687e-03,1.277904102817598031e-02
8.780487804878047906e-03,3.333333333333333981e-03,4.847533632286994687e-03,1.277904102817598031e-02
8.780487804878047906e-03,3.333333333333333981e-03,4.847533632286994687e-03,1.277904102817598031e-02
8.780487804878047906e-03,3.333333333333333981e-03,4.847533632286994687e-03,1.277904102817598031e-02
8.780487804878047906e-03,3.333333333333333981e-03,4.847533632286994687e-03,1.277904102817598031e-02
8.780487804878047906e-03,3.333333333333333981e-03,4.847533632286994687e-03,1.277904102817598031e-02
8.780487804878047906e-03,3.333333333333333981e-03,4.847533632286994687e-03,1.277904102817598031e-02
8.780487804878047906e-03,3.333333333333333981e-03,4.847533632286994687e-03,1.277904102817598031e-02
8.780487804878047906e-03,3.333333333333333981e-03,4.847533632286994687e-03,1.277904102817598031e-02
8.780487804878047906e-03,3.333333333333333981e-03,4.847533632286994687e-03,1.277904102817598031e-02
8.780487804878047906e-03,3.333333333333333981e-03,4.847533632286994687e-03,1.277904102817598031e-02
8.780487804878047906e-03,3.333333333333333981e-03,4.847533632286994687e-03,1.277904102817598031e-02
8.780487804878047906e-03,3.333333333333333981e-03,4.847533632286994687e-03,1.277904102817598031e-02
8.780487804878047906e-03,3.333333333333333981e-03,4.847533632286994687e-03,1.277904102817598031e-02
8.780487804878047906e-03,3.333333333333333981e-03,4.847533632286994687e-03,1.277904102817598031e-02
8.780487804878047906e-03,3.333333333333333981e-03,4.847533632286994687e-03,1.277904102817598031e-02
8.780487804878047906e-03,3.333333333333333981e-03,4.847533632286994687e-03,1.277904102817598031e-02
8.780487804878047906e-03,3.333333333333333981e-03,4.847533632286994687e-03,1.277904102817598031e-02
8.780487804878047906e-03,3.333333333333333981e-03,4.847533632286994687e-03,1.277904102817598031e-02
8.780487804878047906e-03,3.333333333333333981e-03,4.847533632286994687e-03,1.277904102817598031e-02
8.780487804878047906e-03,3.333333333333333981e-03,4.847533632286994687e-03,1.277904102817598031e-02
8.780487804878047906e-03,3.333333333333333981e-03,4.847533632286994687e-03,1.277904102817598031e-02
8.780487804878047906e-03,3.333333333333333981e-03,4.847533632286994687e-03,1.277904102817598031e-02
8.780487804878047906e-03,3.333333333333333981e-03,4.847533632286994687e-03,1.277904102817598031e-02
8.780487804878047906e-03,3.333333333333333981e-03,4.847533632286994687e-03,1.277904102817598031e-02
8.780487804878047906e-03,3.333333333333333981e-03,4.847533632286994687e-03,1.277904102817598031e-02
8.780487804878047906e-03,3.333333333333333981e-03,4.847533632286994687e-03,1.277904102817598031e-02
8.780487804878047906e-03,3.333333333333333981e-03,4.847533632286994687e-03,1.277904102817598031e-02
8.780487804878047906e-03,3.333333333333333981e-03,4.847533632286994687e-03,1.277904102817598031e-02
8.780487804878047906e-03,3.333333333333333981e-03,4.847533632286994687e-03,1.277904102817598031e-02
8.780487804878047906e-03,3.333333333333333981e-03,4.847533632286994687e-03,1.277904102817598031e-02
8.780487804878047906e-03,3.333333333333333981e-03,4.847533632286994687e-03,1.277904102817598031e-02
8.780487804878047906e-03,3.333333333333333981e-03,4.847533632286994687e-03,1.277904102817598031e-02
8.780487804878047906e-03,3.333333333333333981e-03,4.847533632286994687e-03,1.277904102817598031e-02
8.780487804878047906e-03,3.333333333333333981e-03,4.847533632286994687e-03,1.277904102817598031e-02
8.780487804878047906e-03,3.333333333333333981e-03,4.847533632286994687e-03,1.277904102817598031e-02
8.780487804878047906e-03,3.333333333333333981e-03,4.847533632286994687e-03,1.277904102817598031e-02
8.780487804878047906e-03,3.333333333333333981e-03,4.847533632286994687e-03,1.277904102817598031e-02
8.780487804878047906e-03,3.333333333333333981e-03,4.847533632286994687e-03,1.277904102817598031e-02
8.780487804878047906e-03,3.333333333333333981e-03,4.847533632286994687e-03,1.277904102817598031e-02
8.780487804878047906e-03,3.333333333333333981e-03,4.847533632286994687e-03,1.277904102817598031e-02
8.780487804878047906e-03,3.333333333333333981e-03,4.847533632286994687e-03,1.277904102817598031e-02
8.780487804878047906e-03,3.333333333333333981e-03,4.847533632286994687e-03,1.277904102817598031e-02
8.780487804878047906e-03,3.333333333333333981e-03,4.847533632286994687e-03,1.277904102817598031e-02
8.780487804878047906e-03,3.333333333333333981e-03,4.847533632286994687e-03,1.277904102817598031e-02
8.780487804878047906e-03,3.333333333333333981e-03,4.847533632286994687e-03,1.277904102817598031e-02
8.780487804878047906e-03,3.333333333333333981e-03,4.847533632286994687e-03,1.277904102817598031e-02
8.780487804878047906e-03,3.333333333333333981e-03,4.847533632286994687e-03,1.277904102817598031e-02
8.780487804878047906e-03,3.333333333333333981e-03,4.847533632286994687e-03,1.277904102817598031e-02
8.780487804878047906e-03,3.333333333333333981e-03,4.847533632286994687e-03,1.277904102817598031e-02
8.780487804878047906e-03,3.333333333333333981e-03,4.847533632286994687e-03,1.277904102817598031e-02
8.780487804878047906e-03,3.333333333333333981e-03,4.847533632286994687e-03,1.277904102817598031e-02
8.780487804878047906e-03,3.333333333333333981e-03,4.847533632286994687e-03,1.277904102817598031e-02
8.780487804878047906e-03,3.333333333333333981e-03,4.847533632286994687e-03,1.277904102817598031e-02
8.780487804878047906e-03,3.333333333333333981e-03,4.847533632286994687e-03,1.277904102817598031e-02
8.780487804878047906e-03,3.333333333333333981e-03,4.847533632286994687e-03,1.277904102817598031e-02
8.780487804878047906e-03,3.333333333333333981e-03,4.847533632286994687e-03,1.277904102817598031e-02
8.780487804878047906e-03,3.333333333333333981e-03,4.847533632286994687e-03,1.277904102817598031e-02
8.780487804878047906e-03,3.333333333333333981e-03,4.847533632286994687e-03,1.277904102817598031e-02
8.780487804878047906e-03,3.333333333333333981e-03,4.847533632286994687e-03,1.277904102817598031e-02
8.780487804878047906e-03,3.333333333333333981e-03,4.847533632286994687e-03,1.277904102817598031e-02
8.780487804878047906e-03,3.333333333333333981e-03,4.847533632286994687e-03,1.277904102817598031e-02
8.780487804878047906e-03,3.333333333333333981e-03,4.847533632286994687e-03,1.277904102817598031e-02
8.780487804878047906e-03,3.333333333333333981e-03,4.847533632286994687e-03,1.277904102817598031e-02
8.780487804878047906e-03,3.333333333333333981e-03,4.847533632286994687e-03,1.277904102817598031e-02
8.780487804878047906e-03,3.333333333333333981e-03,4.847533632286994687e-03,1.277904102817598031e-02
8.780487804878047906e-03,3.333333333333333981e-03,4.847533632286994687e-03,1.277904102817598031e-02
8.780487804878047906e-03,3.333333333333333981e-03,4.847533632286994687e-03,1.277904102817598031e-02
8.780487804878047906e-03,3.333333333333333981e-03,4.847533632286994687e-03,1.277904102817598031e-02
8.780487804878047906e-03,3.333333333333333981e-03,4.847533632286994687e-03,1.277904102817598031e-02
8.780487804878047906e-03,3.333333333333333981e-03,4.847533632286994687e-03,1.277904102817598031e-02
8.780487804878047906e-03,3.333333333333333981e-03,4.847533632286994687e-03,1.277904102817598031e-02
8.780487804878047906e-03,3.333333333333333981e-03,4.847533632286994687e-03,1.277904102817598031e-02
8.780487804878047906e-03,3.333333333333333981e-03,4.847533632286994687e-03,1.277904102817598031e-02
8.780487804878047906e-03,3.333333333333333981e-03,4.847533632286994687e-03,1.277904102817598031e-02
8.780487804878047906e-03,3.333333333333333981e-03,4.847533632286994687e-03,1.277904102817598031e-02
8.780487804878047906e-03,3.333333333333333981e-03,4.847533632286994687e-03,1.277904102817598031e-02
8.780487804878047906e-03,3.333333333333333981e-03,4.847533632286994687e-03,1.277904102817598031e-02
8.780487804878047906e-03,3.333333333333333981e-03,4.847533632286994687e-03,1.277904102817598031e-02
8.780487804878047906e-03,3.333333333333333981e-03,4.847533632286994687e-03,1.277904102817598031e-02
8.780487804878047906e-03,3.333333333333333981e-03,4.847533632286994687e-03,1.277904102817598031e-02
8.780487804878047906e-03,3.333333333333333981e-03,4.847533632286994687e-03,1.277904102817598031e-02
8.780487804878047906e-03,3.333333333333333981e-03,4.847533632286994687e-03,1.277904102817598031e-02
8.780487804878047906e-03,3.333333333333333981e-03,4.847533632286994687e-03,1.277904102817598031e-02
8.780487804878047906e-03,3.333333333333333981e-03,4.847533632286994687e-03,1.277904102817598031e-02
8.780487804878047906e-03,3.333333333333333981e-03,4.847533632286994687e-03,1.277904102817598031e-02
8.780487804878047906e-03,3.333333333333333981e-03,4.847533632286994687e-03,1.277904102817598031e-02
8.780487804878047906e-03,3.333333333333333981e-03,4.847533632286994687e-03,1.277904102817598031e-02
8.780487804878047906e-03,3.333333333333333981e-03,4.847533632286994687e-03,1.277904102817598031e-02
8.780487804878047906e-03,3.333333333333333981e-03,4.847533632286994687e-03,1.277904102817598031e-02
8.780487804878047906e-03,3.333333333333333981e-03,4.847533632286994687e-03,1.277904102817598031e-02
8.780487804878047906e-03,3.333333333333333981e-03,4.847533632286994687e-03,1.277904102817598031e-02
8.780487804878047906e-03,3.333333333333333981e-03,4.847533632286994687e-03,1.277904102817598031e-02
8.780487804878047906e-03,3.333333333333333981e-03,4.847533632286994687e-03,1.277904102817598031e-02
8.780487804878047906e-03,3.333333333333333981e-03,4.847533632286994687e-03,1.277904102817598031e-02
8.780487804878047906e-03,3.333333333333333981e-03,4.847533632286994687e-03,1.277904102817598031e-02
8.780487804878047906e-03,3.333333333333333981e-03,4.847533632286994687e-03,1.277904102817598031e-02
8.780487804878047906e-03,3.333333333333333981e-03,4.847533632286994687e-03,1.277904102817598031e-02
8.780487804878047906e-03,3.333333333333333981e-03,4.847533632286994687e-03,1.277904102817598031e-02
8.780487804878047906e-03,3.333333333333333981e-03,4.847533632286994687e-03,1.277904102817598031e-02
8.780487804878047906e-03,3.333333333333333981e-03,4.847533632286994687e-03,1.277904102817598031e-02
8.780487804878047906e-03,3.333333333333333981e-03,4.847533632286994687e-03,1.277904102817598031e-02
8.780487804878047906e-03,3.333333333333333981e-03,4.847533632286994687e-03,1.277904102817598031e-02
8.780487804878047906e-03,3.333333333333333981e-03,4.847533632286994687e-03,1.277904102817598031e-02
8.780487804878047906e-03,3.333333333333333981e-03,4.847533632286994687e-03,1.277904102817598031e-02
8.780487804878047906e-03,3.333333333333333981e-03,4.847533632286994687e-03,1.277904102817598031e-02
8.780487804878047906e-03,3.333333333333333981e-03,4.847533632286994687e-03,1.277904102817598031e-02
8.780487804878047906e-03,3.333333333333333981e-03,4.847533632286994687e-03,1.277904102817598031e-02
8.780487804878047906e-03,3.333333333333333981e-03,4.847533632286994687e-03,1.277904102817598031e-02
8.780487804878047906e-03,3.333333333333333981e-03,4.847533632286994687e-03,1.277904102817598031e-02
8.780487804878047906e-03,3.333333333333333981e-03,4.847533632286994687e-03,1.277904102817598031e-02
8.780487804878047906e-03,3.333333333333333981e-03,4.847533632286994687e-03,1.277904102817598031e-02
8.780487804878047906e-03,3.333333333333333981e-03,4.847533632286994687e-03,1.277904102817598031e-02
8.780487804878047906e-03,3.333333333333333981e-03,4.847533632286994687e-03,1.277904102817598031e-02
8.780487804878047906e-03,3.333333333333333981e-03,4.847533632286994687e-03,1.277904102817598031e-02
8.780487804878047906e-03,3.333333333333333981e-03,4.847533632286994687e-03,1.277904102817598031e-02
8.780487804878047906e-03,3.333333333333333981e-03,4.847533632286994687e-03,1.277904102817598031e-02
8.780487804878047906e-03,3.333333333333333981e-03,4.847533632286994687e-03,1.277904102817598031e-02
8.780487804878047906e-03,3.333333333333333981e-03,4.847533632286994687e-03,1.277904102817598031e-02
8.780487804878047906e-03,3.333333333333333981e-03,4.847533632286994687e-03,1.277904102817598031e-02
8.780487804878047906e-03,3.333333333333333981e-03,4.847533632286994687e-03,1.277904102817598031e-02
8.780487804878047906e-03,3.333333333333333981e-03,4.847533632286994687e-03,1.277904102817598031e-02
8.780487804878047906e-03,3.333333333333333981e-03,4.847533632286994687e-03,1.277904102817598031e-02
8.780487804878047906e-03,3.333333333333333981e-03,4.847533632286994687e-03,1.277904102817598031e-02
8.780487804878047906e-03,3.333333333333333981e-03,4.847533632286994687e-03,1.277904102817598031e-02
8.780487804878047906e-03,3.333333333333333981e-03,4.847533632286994687e-03,1.277904102817598031e-02
8.780487804878047906e-03,3.333333333333333981e-03,4.847533632286994687e-03,1.277904102817598031e-02
8.780487804878047906e-03,3.333333333333333981e-03,4.847533632286994687e-03,1.277904102817598031e-02
8.780487804878047906e-03,3.333333333333333981e-03,4.847533632286994687e-03,1.277904102817598031e-02
8.780487804878047906e-03,3.333333333333333981e-03,4.847533632286994687e-03,1.277904102817598031e-02
8.780487804878047906e-03,3.333333333333333981e-03,4.847533632286994687e-03,1.277904102817598031e-02
8.780487804878047906e-03,3.333333333333333981e-03,4.847533632286994687e-03,1.277904102817598031e-02
8.780487804878047906e-03,3.333333333333333981e-03,4.847533632286994687e-03,1.277904102817598031e-02
8.780487804878047906e-03,3.333333333333333981e-03,4.847533632286994687e-03,1.277904102817598031e-02
8.780487804878047906e-03,3.333333333333333981e-03,4.847533632286994687e-03,1.277904102817598031e-02
8.780487804878047906e-03,3.333333333333333981e-03,4.847533632286994687e-03,1.277904102817598031e-02
8.780487804878047906e-03,3.333333333333333981e-03,4.847533632286994687e-03,1.277904102817598031e-02
8.780487804878047906e-03,3.333333333333333981e-03,4.847533632286994687e-03,1.277904102817598031e-02
8.780487804878047906e-03,3.333333333333333981e-03,4.847533632286994687e-03,1.277904102817598031e-02
8.780487804878047906e-03,3.333333333333333981e-03,4.847533632286994687e-03,1.277904102817598031e-02
8.780487804878047906e-03,3.333333333333333981e-03,4.847533632286994687e-03,1.277904102817598031e-02
8.780487804878047906e-03,3.333333333333333981e-03,4.847533632286994687e-03,1.277904102817598031e-02
8.780487804878047906e-03,3.333333333333333981e-03,4.847533632286994687e-03,1.277904102817598031e-02
8.780487804878047906e-03,3.333333333333333981e-03,4.847533632286994687e-03,1.277904102817598031e-02
8.780487804878047906e-03,3.333333333333333981e-03,4.847533632286994687e-03,1.277904102817598031e-02
8.780487804878047906e-03,3.333333333333333981e-03,4.847533632286994687e-03,1.277904102817598031e-02
8.780487804878047906e-03,3.333333333333333981e-03,4.847533632286994687e-03,1.277904102817598031e-02
8.780487804878047906e-03,3.333333333333333981e-03,4.847533632286994687e-03,1.277904102817598031e-02
8.780487804878047906e-03,3.333333333333333981e-03,4.847533632286994687e-03,1.277904102817598031e-02
8.780487804878047906e-03,3.333333333333333981e-03,4.847533632286994687e-03,1.277904102817598031e-02
8.780487804878047906e-03,3.333333333333333981e-03,4.847533632286994687e-03,1.277904102817598031e-02
8.780487804878047906e-03,3.333333333333333981e-03,4.847533632286994687e-03,1.277904102817598031e-02
8.780487804878047906e-03,3.333333333333333981e-03,4.847533632286994687e-03,1.277904102817598031e-02
8.780487804878047906e-03,3.333333333333333981e-03,4.847533632286994687e-03,1.277904102817598031e-02
8.780487804878047906e-03,3.333333333333333981e-03,4.847533632286994687e-03,1.277904102817598031e-02
8.780487804878047906e-03,3.333333333333333981e-03,4.847533632286994687e-03,1.277904102817598031e-02
8.780487804878047906e-03,3.333333333333333981e-03,4.847533632286994687e-03,1.277904102817598031e-02
8.780487804878047906e-03,3.333333333333333981e-03,4.847533632286994687e-03,1.277904102817598031e-02
8.780487804878047906e-03,3.333333333333333981e-03,4.847533632286994687e-03,1.277904102817598031e-02
8.780487804878047906e-03,3.333333333333333981e-03,4.847533632286994687e-03,1.277904102817598031e-02
8.780487804878047906e-03,3.333333333333333981e-03,4.847533632286994687e-03,1.277904102817598031e-02
8.780487804878047906e-03,3.333333333333333981e-03,4.847533632286994687e-03,1.277904102817598031e-02
8.780487804878047906e-03,3.333333333333333981e-03,4.847533632286994687e-03,1.277904102817598031e-02
8.780487804878047906e-03,3.333333333333333981e-03,4.847533632286994687e-03,1.277904102817598031e-02
8.780487804878047906e-03,3.333333333333333981e-03,4.847533632286994687e-03,1.277904102817598031e-02
8.780487804878047906e-03,3.333333333333333981e-03,4.847533632286994687e-03,1.277904102817598031e-02
8.780487804878047906e-03,3.333333333333333981e-03,4.847533632286994687e-03,1.277904102817598031e-02
8.780487804878047906e-03,3.333333333333333981e-03,4.847533632286994687e-03,1.277904102817598031e-02
8.780487804878047906e-03,3.333333333333333981e-03,4.847533632286994687e-03,1.277904102817598031e-02
8.780487804878047906e-03,3.333333333333333981e-03,4.847533632286994687e-03,1.277904102817598031e-02
8.780487804878047906e-03,3.333333333333333981e-03,4.847533632286994687e-03,1.277904102817598031e-02
8.780487804878047906e-03,3.333333333333333981e-03,4.847533632286994687e-03,1.277904102817598031e-02
8.780487804878047906e-03,3.333333333333333981e-03,4.847533632286994687e-03,1.277904102817598031e-02
8.780487804878047906e-03,3.333333333333333981e-03,4.847533632286994687e-03,1.277904102817598031e-02
8.780487804878047906e-03,3.333333333333333981e-03,4.847533632286994687e-03,1.277904102817598031e-02
8.780487804878047906e-03,3.333333333333333981e-03,4.847533632286994687e-03,1.277904102817598031e-02
8.780487804878047906e-03,3.333333333333333981e-03,4.847533632286994687e-03,1.277904102817598031e-02
8.780487804878047906e-03,3.333333333333333981e-03,4.847533632286994687e-03,1.277904102817598031e-02
8.780487804878047906e-03,3.333333333333333981e-03,4.847533632286994687e-03,1.277904102817598031e-02
8.780487804878047906e-03,3.333333333333333981e-03,4.847533632286994687e-03,1.277904102817598031e-02
8.780487804878047906e-03,3.333333333333333981e-03,4.847533632286994687e-03,1.277904102817598031e-02
8.780487804878047906e-03,3.333333333333333981e-03,4.847533632286994687e-03,1.277904102817598031e-02
8.780487804878047906e-03,3.333333333333333981e-03,4.847533632286994687e-03,1.277904102817598031e-02
8.780487804878047906e-03,3.333333333333333981e-03,4.847533632286994687e-03,1.277904102817598031e-02
8.780487804878047906e-03,3.333333333333333981e-03,4.847533632286994687e-03,1.277904102817598031e-02
8.780487804878047906e-03,3.333333333333333981e-03,4.847533632286994687e-03,1.277904102817598031e-02
8.780487804878047906e-03,3.333333333333333981e-03,4.847533632286994687e-03,1.277904102817598031e-02
8.780487804878047906e-03,3.333333333333333981e-03,4.847533632286994687e-03,1.277904102817598031e-02
8.780487804878047906e-03,3.333333333333333981e-03,4.847533632286994687e-03,1.277904102817598031e-02
8.780487804878047906e-03,3.333333333333333981e-03,4.847533632286994687e-03,1.277904102817598031e-02
8.780487804878047906e-03,3.333333333333333981e-03,4.847533632286994687e-03,1.277904102817598031e-02
8.780487804878047906e-03,3.333333333333333981e-03,4.847533632286994687e-03,1.277904102817598031e-02
8.780487804878047906e-03,3.333333333333333981e-03,4.847533632286994687e-03,1.277904102817598031e-02
8.780487804878047906e-03,3.333333333333333981e-03,4.847533632286994687e-03,1.277904102817598031e-02
8.780487804878047906e-03,3.333333333333333981e-03,4.847533632286994687e-03,1.277904102817598031e-02
8.780487804878047906e-03,3.333333333333333981e-03,4.847533632286994687e-03,1.277904102817598031e-02
8.780487804878047906e-03,3.333333333333333981e-03,4.847533632286994687e-03,1.277904102817598031e-02
8.780487804878047906e-03,3.333333333333333981e-03,4.847533632286994687e-03,1.277904102817598031e-02
8.780487804878047906e-03,3.333333333333333981e-03,4.847533632286994687e-03,1.277904102817598031e-02
8.780487804878047906e-03,3.333333333333333981e-03,4.847533632286994687e-03,1.277904102817598031e-02
8.780487804878047906e-03,3.333333333333333981e-03,4.847533632286994687e-03,1.277904102817598031e-02
8.780487804878047906e-03,3.333333333333333981e-03,4.847533632286994687e-03,1.277904102817598031e-02
8.780487804878047906e-03,3.333333333333333981e-03,4.847533632286994687e-03,1.277904102817598031e-02
8.780487804878047906e-03,3.333333333333333981e-03,4.847533632286994687e-03,1.277904102817598031e-02
8.780487804878047906e-03,3.333333333333333981e-03,4.847533632286994687e-03,1.277904102817598031e-02
8.780487804878047906e-03,3.333333333333333981e-03,4.847533632286994687e-03,1.277904102817598031e-02
8.780487804878047906e-03,3.333333333333333981e-03,4.847533632286994687e-03,1.277904102817598031e-02
8.780487804878047906e-03,3.333333333333333981e-03,4.847533632286994687e-03,1.277904102817598031e-02
8.780487804878047906e-03,3.333333333333333981e-03,4.847533632286994687e-03,1.277904102817598031e-02
8.780487804878047906e-03,3.333333333333333981e-03,4.847533632286994687e-03,1.277904102817598031e-02
8.780487804878047906e-03,3.333333333333333981e-03,4.847533632286994687e-03,1.277904102817598031e-02
8.780487804878047906e-03,3.333333333333333981e-03,4.847533632286994687e-03,1.277904102817598031e-02
8.780487804878047906e-03,3.333333333333333981e-03,4.847533632286994687e-03,1.277904102817598031e-02
8.780487804878047906e-03,3.333333333333333981e-03,4.847533632286994687e-03,1.277904102817598031e-02
8.780487804878047906e-03,3.333333333333333981e-03,4.847533632286994687e-03,1.277904102817598031e-02
8.780487804878047906e-03,3.333333333333333981e-03,4.847533632286994687e-03,1.277904102817598031e-02
8.780487804878047906e-03,3.333333333333333981e-03,4.847533632286994687e-03,1.277904102817598031e-02
8.780487804878047906e-03,3.333333333333333981e-03,4.847533632286994687e-03,1.277904102817598031e-02
8.780487804878047906e-03,3.333333333333333981e-03,4.847533632286994687e-03,1.277904102817598031e-02
8.780487804878047906e-03,3.333333333333333981e-03,4.847533632286994687e-03,1.277904102817598031e-02
8.780487804878047906e-03,3.333333333333333981e-03,4.847533632286994687e-03,1.277904102817598031e-02
8.780487804878047906e-03,3.333333333333333981e-03,4.847533632286994687e-03,1.277904102817598031e-02
8.780487804878047906e-03,3.333333333333333981e-03,4.847533632286994687e-03,1.277904102817598031e-02
8.780487804878047906e-03,3.333333333333333981e-03,4.847533632286994687e-03,1.277904102817598031e-02
8.780487804878047906e-03,3.333333333333333981e-03,4.847533632286994687e-03,1.277904102817598031e-02
8.780487804878047906e-03,3.333333333333333981e-03,4.847533632286994687e-03,1.277904102817598031e-02
8.780487804878047906e-03,3.333333333333333981e-03,4.847533632286994687e-03,1.277904102817598031e-02
8.780487804878047906e-03,3.333333333333333981e-03,4.847533632286994687e-03,1.277904102817598031e-02
8.780487804878047906e-03,3.333333333333333981e-03,4.847533632286994687e-03,1.277904102817598031e-02
8.780487804878047906e-03,3.333333333333333981e-03,4.847533632286994687e-03,1.277904102817598031e-02
8.780487804878047906e-03,3.333333333333333981e-03,4.847533632286994687e-03,1.277904102817598031e-02
8.780487804878047906e-03,3.333333333333333981e-03,4.847533632286994687e-03,1.277904102817598031e-02
8.780487804878047906e-03,3.333333333333333981e-03,4.847533632286994687e-03,1.277904102817598031e-02
8.780487804878047906e-03,3.333333333333333981e-03,4.847533632286994687e-03,1.277904102817598031e-02
8.780487804878047906e-03,3.333333333333333981e-03,4.847533632286994687e-03,1.277904102817598031e-02
8.780487804878047906e-03,3.333333333333333981e-03,4.847533632286994687e-03,1.277904102817598031e-02
8.780487804878047906e-03,3.333333333333333981e-03,4.847533632286994687e-03,1.277904102817598031e-02
8.780487804878047906e-03,3.333333333333333981e-03,4.847533632286994687e-03,1.277904102817598031e-02
8.780487804878047906e-03,3.333333333333333981e-03,4.847533632286994687e-03,1.277904102817598031e-02
8.780487804878047906e-03,3.333333333333333981e-03,4.847533632286994687e-03,1.277904102817598031e-02
8.780487804878047906e-03,3.333333333333333981e-03,4.847533632286994687e-03,1.277904102817598031e-02
8.780487804878047906e-03,3.333333333333333981e-03,4.847533632286994687e-03,1.277904102817598031e-02
8.780487804878047906e-03,3.333333333333333981e-03,4.847533632286994687e-03,1.277904102817598031e-02
8.780487804878047906e-03,3.333333333333333981e-03,4.847533632286994687e-03,1.277904102817598031e-02
8.780487804878047906e-03,3.333333333333333981e-03,4.847533632286994687e-03,1.277904102817598031e-02
8.780487804878047906e-03,3.333333333333333981e-03,4.847533632286994687e-03,1.277904102817598031e-02
8.780487804878047906e-03,3.333333333333333981e-03,4.847533632286994687e-03,1.277904102817598031e-02
8.780487804878047906e-03,3.333333333333333981e-03,4.847533632286994687e-03,1.277904102817598031e-02
8.780487804878047906e-03,3.333333333333333981e-03,4.847533632286994687e-03,1.277904102817598031e-02
8.780487804878047906e-03,3.333333333333333981e-03,4.847533632286994687e-03,1.277904102817598031e-02
8.780487804878047906e-03,3.333333333333333981e-03,4.847533632286994687e-03,1.277904102817598031e-02
8.780487804878047906e-03,3.333333333333333981e-03,4.847533632286994687e-03,1.277904102817598031e-02
8.780487804878047906e-03,3.333333333333333981e-03,4.847533632286994687e-03,1.277904102817598031e-02
8.780487804878047906e-03,3.333333333333333981e-03,4.847533632286994687e-03,1.277904102817598031e-02
8.780487804878047906e-03,3.333333333333333981e-03,4.847533632286994687e-03,1.277904102817598031e-02
8.780487804878047906e-03,3.333333333333333981e-03,4.847533632286994687e-03,1.277904102817598031e-02
8.780487804878047906e-03,3.333333333333333981e-03,4.847533632286994687e-03,1.277904102817598031e-02
8.780487804878047906e-03,3.333333333333333981e-03,4.847533632286994687e-03,1.277904102817598031e-02
8.780487804878047906e-03,3.333333333333333981e-03,4.847533632286994687e-03,1.277904102817598031e-02
8.780487804878047906e-03,3.333333333333333981e-03,4.847533632286994687e-03,1.277904102817598031e-02
8.780487804878047906e-03,3.333333333333333981e-03,4.847533632286994687e-03,1.277904102817598031e-02
8.780487804878047906e-03,3.333333333333333981e-03,4.847533632286994687e-03,1.277904102817598031e-02
8.780487804878047906e-03,3.333333333333333981e-03,4.847533632286994687e-03,1.277904102817598031e-02
8.780487804878047906e-03,3.333333333333333981e-03,4.847533632286994687e-03,1.277904102817598031e-02
8.780487804878047906e-03,3.333333333333333981e-03,4.847533632286994687e-03,1.277904102817598031e-02
8.780487804878047906e-03,3.333333333333333981e-03,4.847533632286994687e-03,1.277904102817598031e-02
8.780487804878047906e-03,3.333333333333333981e-03,4.847533632286994687e-03,1.277904102817598031e-02
8.780487804878047906e-03,3.333333333333333981e-03,4.847533632286994687e-03,1.277904102817598031e-02
8.780487804878047906e-03,3.333333333333333981e-03,4.847533632286994687e-03,1.277904102817598031e-02
8.780487804878047906e-03,3.333333333333333981e-03,4.847533632286994687e-03,1.277904102817598031e-02
8.780487804878047906e-03,3.333333333333333981e-03,4.847533632286994687e-03,1.277904102817598031e-02
8.780487804878047906e-03,3.333333333333333981e-03,4.847533632286994687e-03,1.277904102817598031e-02
8.780487804878047906e-03,3.333333333333333981e-03,4.847533632286994687e-03,1.277904102817598031e-02
8.780487804878047906e-03,3.333333333333333981e-03,4.847533632286994687e-03,1.277904102817598031e-02
8.780487804878047906e-03,3.333333333333333981e-03,4.847533632286994687e-03,1.277904102817598031e-02
8.780487804878047906e-03,3.333333333333333981e-03,4.847533632286994687e-03,1.277904102817598031e-02
8.780487804878047906e-03,3.333333333333333981e-03,4.847533632286994687e-03,1.277904102817598031e-02
8.780487804878047906e-03,3.333333333333333981e-03,4.847533632286994687e-03,1.277904102817598031e-02
8.780487804878047906e-03,3.333333333333333981e-03,4.847533632286994687e-03,1.277904102817598031e-02
8.780487804878047906e-03,3.333333333333333981e-03,4.847533632286994687e-03,1.277904102817598031e-02
8.780487804878047906e-03,3.333333333333333981e-03,4.847533632286994687e-03,1.277904102817598031e-02
8.780487804878047906e-03,3.333333333333333981e-03,4.847533632286994687e-03,1.277904102817598031e-02
8.780487804878047906e-03,3.333333333333333981e-03,4.847533632286994687e-03,1.277904102817598031e-02
8.780487804878047906e-03,3.333333333333333981e-03,4.847533632286994687e-03,1.277904102817598031e-02
8.780487804878047906e-03,3.333333333333333981e-03,4.847533632286994687e-03,1.277904102817598031e-02
8.780487804878047906e-03,3.333333333333333981e-03,4.847533632286994687e-03,1.277904102817598031e-02
8.780487804878047906e-03,3.333333333333333981e-03,4.847533632286994687e-03,1.277904102817598031e-02
8.780487804878047906e-03,3.333333333333333981e-03,4.847533632286994687e-03,1.277904102817598031e-02
8.780487804878047906e-03,3.333333333333333981e-03,4.847533632286994687e-03,1.277904102817598031e-02
8.780487804878047906e-03,3.333333333333333981e-03,4.847533632286994687e-03,1.277904102817598031e-02
8.780487804878047906e-03,3.333333333333333981e-03,4.847533632286994687e-03,1.277904102817598031e-02
8.780487804878047906e-03,3.333333333333333981e-03,4.847533632286994687e-03,1.277904102817598031e-02
8.780487804878047906e-03,3.333333333333333981e-03,4.847533632286994687e-03,1.277904102817598031e-02
8.780487804878047906e-03,3.333333333333333981e-03,4.847533632286994687e-03,1.277904102817598031e-02
8.780487804878047906e-03,3.333333333333333981e-03,4.847533632286994687e-03,1.277904102817598031e-02
8.780487804878047906e-03,3.333333333333333981e-03,4.847533632286994687e-03,1.277904102817598031e-02
8.780487804878047906e-03,3.333333333333333981e-03,4.847533632286994687e-03,1.277904102817598031e-02
8.780487804878047906e-03,3.333333333333333981e-03,4.847533632286994687e-03,1.277904102817598031e-02
8.780487804878047906e-03,3.333333333333333981e-03,4.847533632286994687e-03,1.277904102817598031e-02
8.780487804878047906e-03,3.333333333333333981e-03,4.847533632286994687e-03,1.277904102817598031e-02
8.780487804878047906e-03,3.333333333333333981e-03,4.847533632286994687e-03,1.277904102817598031e-02
8.780487804878047906e-03,3.333333333333333981e-03,4.847533632286994687e-03,1.277904102817598031e-02
8.780487804878047906e-03,3.333333333333333981e-03,4.847533632286994687e-03,1.277904102817598031e-02
8.780487804878047906e-03,3.333333333333333981e-03,4.847533632286994687e-03,1.277904102817598031e-02
8.780487804878047906e-03,3.333333333333333981e-03,4.847533632286994687e-03,1.277904102817598031e-02
8.780487804878047906e-03,3.333333333333333981e-03,4.847533632286994687e-03,1.277904102817598031e-02
8.780487804878047906e-03,3.333333333333333981e-03,4.847533632286994687e-03,1.277904102817598031e-02
8.780487804878047906e-03,3.333333333333333981e-03,4.847533632286994687e-03,1.277904102817598031e-02
8.780487804878047906e-03,3.333333333333333981e-03,4.847533632286994687e-03,1.277904102817598031e-02
8.780487804878047906e-03,3.333333333333333981e-03,4.847533632286994687e-03,1.277904102817598031e-02
8.780487804878047906e-03,3.333333333333333981e-03,4.847533632286994687e-03,1.277904102817598031e-02
8.780487804878047906e-03,3.333333333333333981e-03,4.847533632286994687e-03,1.277904102817598031e-02
8.780487804878047906e-03,3.333333333333333981e-03,4.847533632286994687e-03,1.277904102817598031e-02
8.780487804878047906e-03,3.333333333333333981e-03,4.847533632286994687e-03,1.277904102817598031e-02
8.780487804878047906e-03,3.333333333333333981e-03,4.847533632286994687e-03,1.277904102817598031e-02
8.780487804878047906e-03,3.333333333333333981e-03,4.847533632286994687e-03,1.277904102817598031e-02
8.780487804878047906e-03,3.333333333333333981e-03,4.847533632286994687e-03,1.277904102817598031e-02
8.780487804878047906e-03,3.333333333333333981e-03,4.847533632286994687e-03,1.277904102817598031e-02
8.780487804878047906e-03,3.333333333333333981e-03,4.847533632286994687e-03,1.277904102817598031e-02
8.780487804878047906e-03,3.333333333333333981e-03,4.847533632286994687e-03,1.277904102817598031e-02
8.780487804878047906e-03,3.333333333333333981e-03,4.847533632286994687e-03,1.277904102817598031e-02
8.780487804878047906e-03,3.333333333333333981e-03,4.847533632286994687e-03,1.277904102817598031e-02
8.780487804878047906e-03,3.333333333333333981e-03,4.847533632286994687e-03,1.277904102817598031e-02
8.780487804878047906e-03,3.333333333333333981e-03,4.847533632286994687e-03,1.277904102817598031e-02
8.780487804878047906e-03,3.333333333333333981e-03,4.847533632286994687e-03,1.277904102817598031e-02
8.780487804878047906e-03,3.333333333333333981e-03,4.847533632286994687e-03,1.277904102817598031e-02
8.780487804878047906e-03,3.333333333333333981e-03,4.847533632286994687e-03,1.277904102817598031e-02
8.780487804878047906e-03,3.333333333333333981e-03,4.847533632286994687e-03,1.277904102817598031e-02
8.780487804878047906e-03,3.333333333333333981e-03,4.847533632286994687e-03,1.277904102817598031e-02
8.780487804878047906e-03,3.333333333333333981e-03,4.847533632286994687e-03,1.277904102817598031e-02
8.780487804878047906e-03,3.333333333333333981e-03,4.847533632286994687e-03,1.277904102817598031e-02
8.780487804878047906e-03,3.333333333333333981e-03,4.847533632286994687e-03,1.277904102817598031e-02
8.780487804878047906e-03,3.333333333333333981e-03,4.847533632286994687e-03,1.277904102817598031e-02
8.780487804878047906e-03,3.333333333333333981e-03,4.847533632286994687e-03,1.277904102817598031e-02
8.780487804878047906e-03,3.333333333333333981e-03,4.847533632286994687e-03,1.277904102817598031e-02
8.780487804878047906e-03,3.333333333333333981e-03,4.847533632286994687e-03,1.277904102817598031e-02
8.780487804878047906e-03,3.333333333333333981e-03,4.847533632286994687e-03,1.277904102817598031e-02
8.780487804878047906e-03,3.333333333333333981e-03,4.847533632286994687e-03,1.277904102817598031e-02
8.780487804878047906e-03,3.333333333333333981e-03,4.847533632286994687e-03,1.277904102817598031e-02
8.780487804878047906e-03,3.333333333333333981e-03,4.847533632286994687e-03,1.277904102817598031e-02
8.780487804878047906e-03,3.333333333333333981e-03,4.847533632286994687e-03,1.277904102817598031e-02
8.780487804878047906e-03,3.333333333333333981e-03,4.847533632286994687e-03,1.277904102817598031e-02
8.780487804878047906e-03,3.333333333333333981e-03,4.847533632286994687e-03,1.277904102817598031e-02
8.780487804878047906e-03,3.333333333333333981e-03,4.847533632286994687e-03,1.277904102817598031e-02
8.780487804878047906e-03,3.333333333333333981e-03,4.847533632286994687e-03,1.277904102817598031e-02
8.780487804878047906e-03,3.333333333333333981e-03,4.847533632286994687e-03,1.277904102817598031e-02
8.780487804878047906e-03,3.333333333333333981e-03,4.847533632286994687e-03,1.277904102817598031e-02
8.780487804878047906e-03,3.333333333333333981e-03,4.847533632286994687e-03,1.277904102817598031e-02
8.780487804878047906e-03,3.333333333333333981e-03,4.847533632286994687e-03,1.277904102817598031e-02
8.780487804878047906e-03,3.333333333333333981e-03,4.847533632286994687e-03,1.277904102817598031e-02
8.780487804878047906e-03,3.333333333333333981e-03,4.847533632286994687e-03,1.277904102817598031e-02
8.780487804878047906e-03,3.333333333333333981e-03,4.847533632286994687e-03,1.277904102817598031e-02
8.780487804878047906e-03,3.333333333333333981e-03,4.847533632286994687e-03,1.277904102817598031e-02
8.780487804878047906e-03,3.333333333333333981e-03,4.847533632286994687e-03,1.277904102817598031e-02
8.780487804878047906e-03,3.333333333333333981e-03,4.847533632286994687e-03,1.277904102817598031e-02
8.780487804878047906e-03,3.333333333333333981e-03,4.847533632286994687e-03,1.277904102817598031e-02
8.780487804878047906e-03,3.333333333333333981e-03,4.847533632286994687e-03,1.277904102817598031e-02
8.780487804878047906e-03,3.333333333333333981e-03,4.847533632286994687e-03,1.277904102817598031e-02
8.780487804878047906e-03,3.333333333333333981e-03,4.847533632286994687e-03,1.277904102817598031e-02
8.780487804878047906e-03,3.333333333333333981e-03,4.847533632286994687e-03,1.277904102817598031e-02
8.780487804878047906e-03,3.333333333333333981e-03,4.847533632286994687e-03,1.277904102817598031e-02
8.780487804878047906e-03,3.333333333333333981e-03,4.847533632286994687e-03,1.277904102817598031e-02
8.780487804878047906e-03,3.333333333333333981e-03,4.847533632286994687e-03,1.277904102817598031e-02
8.780487804878047906e-03,3.333333333333333981e-03,4.847533632286994687e-03,1.277904102817598031e-02
8.780487804878047906e-03,3.333333333333333981e-03,4.847533632286994687e-03,1.277904102817598031e-02
8.780487804878047906e-03,3.333333333333333981e-03,4.847533632286994687e-03,1.277904102817598031e-02
8.780487804878047906e-03,3.333333333333333981e-03,4.847533632286994687e-03,1.277904102817598031e-02
8.780487804878047906e-03,3.333333333333333981e-03,4.847533632286994687e-03,1.277904102817598031e-02
8.780487804878047906e-03,3.333333333333333981e-03,4.847533632286994687e-03,1.277904102817598031e-02
8.780487804878047906e-03,3.333333333333333981e-03,4.847533632286994687e-03,1.277904102817598031e-02
8.780487804878047906e-03,3.333333333333333981e-03,4.847533632286994687e-03,1.277904102817598031e-02
8.780487804878047906e-03,3.333333333333333981e-03,4.847533632286994687e-03,1.277904102817598031e-02
8.780487804878047906e-03,3.333333333333333981e-03,4.847533632286994687e-03,1.277904102817598031e-02
8.780487804878047906e-03,3.333333333333333981e-03,4.847533632286994687e-03,1.277904102817598031e-02
8.780487804878047906e-03,3.333333333333333981e-03,4.847533632286994687e-03,1.277904102817598031e-02
8.780487804878047906e-03,3.333333333333333981e-03,4.847533632286994687e-03,1.277904102817598031e-02
8.780487804878047906e-03,3.333333333333333981e-03,4.847533632286994687e-03,1.277904102817598031e-02
8.780487804878047906e-03,3.333333333333333981e-03,4.847533632286994687e-03,1.277904102817598031e-02
8.780487804878047906e-03,3.333333333333333981e-03,4.847533632286994687e-03,1.277904102817598031e-02
8.780487804878047906e-03,3.333333333333333981e-03,4.847533632286994687e-03,1.277904102817598031e-02
8.780487804878047906e-03,3.333333333333333981e-03,4.847533632286994687e-03,1.277904102817598031e-02
8.780487804878047906e-03,3.333333333333333981e-03,4.847533632286994687e-03,1.277904102817598031e-02
8.780487804878047906e-03,3.333333333333333981e-03,4.847533632286994687e-03,1.277904102817598031e-02
8.780487804878047906e-03,3.333333333333333981e-03,4.847533632286994687e-03,1.277904102817598031e-02
8.780487804878047906e-03,3.333333333333333981e-03,4.847533632286994687e-03,1.277904102817598031e-02
8.780487804878047906e-03,3.333333333333333981e-03,4.847533632286994687e-03,1.277904102817598031e-02
8.780487804878047906e-03,3.333333333333333981e-03,4.847533632286994687e-03,1.277904102817598031e-02
8.780487804878047906e-03,3.333333333333333981e-03,4.847533632286994687e-03,1.277904102817598031e-02
8.780487804878047906e-03,3.333333333333333981e-03,4.847533632286994687e-03,1.277904102817598031e-02
8.780487804878047906e-03,3.333333333333333981e-03,4.847533632286994687e-03,1.277904102817598031e-02
8.780487804878047906e-03,3.333333333333333981e-03,4.847533632286994687e-03,1.277904102817598031e-02
8.780487804878047906e-03,3.333333333333333981e-03,4.847533632286994687e-03,1.277904102817598031e-02
8.780487804878047906e-03,3.333333333333333981e-03,4.847533632286994687e-03,1.277904102817598031e-02
8.780487804878047906e-03,3.333333333333333981e-03,4.847533632286994687e-03,1.277904102817598031e-02
8.780487804878047906e-03,3.333333333333333981e-03,4.847533632286994687e-03,1.277904102817598031e-02
8.780487804878047906e-03,3.333333333333333981e-03,4.847533632286994687e-03,1.277904102817598031e-02
8.780487804878047906e-03,3.333333333333333981e-03,4.847533632286994687e-03,1.277904102817598031e-02
8.780487804878047906e-03,3.333333333333333981e-03,4.847533632286994687e-03,1.277904102817598031e-02
8.780487804878047906e-03,3.333333333333333981e-03,4.847533632286994687e-03,1.277904102817598031e-02
8.780487804878047906e-03,3.333333333333333981e-03,4.847533632286994687e-03,1.277904102817598031e-02
8.780487804878047906e-03,3.333333333333333981e-03,4.847533632286994687e-03,1.277904102817598031e-02
8.780487804878047906e-03,3.333333333333333981e-03,4.847533632286994687e-03,1.277904102817598031e-02
8.780487804878047906e-03,3.333333333333333981e-03,4.847533632286994687e-03,1.277904102817598031e-02
8.780487804878047906e-03,3.333333333333333981e-03,4.847533632286994687e-03,1.277904102817598031e-02
8.780487804878047906e-03,3.333333333333333981e-03,4.847533632286994687e-03,1.277904102817598031e-02
8.780487804878047906e-03,3.333333333333333981e-03,4.847533632286994687e-03,1.277904102817598031e-02
8.780487804878047906e-03,3.333333333333333981e-03,4.847533632286994687e-03,1.277904102817598031e-02
8.780487804878047906e-03,3.333333333333333981e-03,4.847533632286994687e-03,1.277904102817598031e-02
8.780487804878047906e-03,3.333333333333333981e-03,4.847533632286994687e-03,1.277904102817598031e-02
8.780487804878047906e-03,3.333333333333333981e-03,4.847533632286994687e-03,1.277904102817598031e-02
8.780487804878047906e-03,3.333333333333333981e-03,4.847533632286994687e-03,1.277904102817598031e-02
8.780487804878047906e-03,3.333333333333333981e-03,4.847533632286994687e-03,1.277904102817598031e-02
8.780487804878047906e-03,3.333333333333333981e-03,4.847533632286994687e-03,1.277904102817598031e-02
8.780487804878047906e-03,3.333333333333333981e-03,4.847533632286994687e-03,1.277904102817598031e-02
8.780487804878047906e-03,3.333333333333333981e-03,4.847533632286994687e-03,1.277904102817598031e-02
8.780487804878047906e-03,3.333333333333333981e-03,4.847533632286994687e-03,1.277904102817598031e-02
8.780487804878047906e-03,3.333333333333333981e-03,4.847533632286994687e-03,1.277904102817598031e-02
8.780487804878047906e-03,3.333333333333333981e-03,4.847533632286994687e-03,1.277904102817598031e-02
8.780487804878047906e-03,3.333333333333333981e-03,4.847533632286994687e-03,1.277904102817598031e-02
8.780487804878047906e-03,3.333333333333333981e-03,4.847533632286994687e-03,1.277904102817598031e-02
8.780487804878047906e-03,3.333333333333333981e-03,4.847533632286994687e-03,1.277904102817598031e-02
8.780487804878047906e-03,3.333333333333333981e-03,4.847533632286994687e-03,1.277904102817598031e-02
8.780487804878047906e-03,3.333333333333333981e-03,4.847533632286994687e-03,1.277904102817598031e-02
8.780487804878047906e-03,3.333333333333333981e-03,4.847533632286994687e-03,1.277904102817598031e-02
8.780487804878047906e-03,3.333333333333333981e-03,4.847533632286994687e-03,1.277904102817598031e-02
8.780487804878047906e-03,3.333333333333333981e-03,4.847533632286994687e-03,1.277904102817598031e-02
8.780487804878047906e-03,3.333333333333333981e-03,4.847533632286994687e-03,1.277904102817598031e-02
8.780487804878047906e-03,3.333333333333333981e-03,4.847533632286994687e-03,1.277904102817598031e-02
8.780487804878047906e-03,3.333333333333333981e-03,4.847533632286994687e-03,1.277904102817598031e-02
8.780487804878047906e-03,3.333333333333333981e-03,4.847533632286994687e-03,1.277904102817598031e-02
8.780487804878047906e-03,3.333333333333333981e-03,4.847533632286994687e-03,1.277904102817598031e-02
8.780487804878047906e-03,3.333333333333333981e-03,4.847533632286994687e-03,1.277904102817598031e-02
8.780487804878047906e-03,3.333333333333333981e-03,4.847533632286994687e-03,1.277904102817598031e-02
8.780487804878047906e-03,3.333333333333333981e-03,4.847533632286994687e-03,1.277904102817598031e-02
8.780487804878047906e-03,3.333333333333333981e-03,4.847533632286994687e-03,1.277904102817598031e-02
8.780487804878047906e-03,3.333333333333333981e-03,4.847533632286994687e-03,1.277904102817598031e-02
8.780487804878047906e-03,3.333333333333333981e-03,4.847533632286994687e-03,1.277904102817598031e-02
8.780487804878047906e-03,3.333333333333333981e-03,4.847533632286994687e-03,1.277904102817598031e-02
8.780487804878047906e-03,3.333333333333333981e-03,4.847533632286994687e-03,1.277904102817598031e-02
8.780487804878047906e-03,3.333333333333333981e-03,4.847533632286994687e-03,1.277904102817598031e-02
8.780487804878047906e-03,3.333333333333333981e-03,4.847533632286994687e-03,1.277904102817598031e-02
8.780487804878047906e-03,3.333333333333333981e-03,4.847533632286994687e-03,1.277904102817598031e-02
8.780487804878047906e-03,3.333333333333333981e-03,4.847533632286994687e-03,1.277904102817598031e-02
8.780487804878047906e-03,3.333333333333333981e-03,4.847533632286994687e-03,1.277904102817598031e-02
8.780487804878047906e-03,3.333333333333333981e-03,4.847533632286994687e-03,1.277904102817598031e-02
8.780487804878047906e-03,3.333333333333333981e-03,4.847533632286994687e-03,1.277904102817598031e-02
8.780487804878047906e-03,3.333333333333333981e-03,4.847533632286994687e-03,1.277904102817598031e-02
8.780487804878047906e-03,3.333333333333333981e-03,4.847533632286994687e-03,1.277904102817598031e-02
8.780487804878047906e-03,3.333333333333333981e-03,4.847533632286994687e-03,1.277904102817598031e-02
8.780487804878047906e-03,3.333333333333333981e-03,4.847533632286994687e-03,1.277904102817598031e-02
8.780487804878047906e-03,3.333333333333333981e-03,4.847533632286994687e-03,1.277904102817598031e-02
8.780487804878047906e-03,3.333333333333333981e-03,4.847533632286994687e-03,1.277904102817598031e-02
8.780487804878047906e-03,3.333333333333333981e-03,4.847533632286994687e-03,1.277904102817598031e-02
8.780487804878047906e-03,3.333333333333333981e-03,4.847533632286994687e-03,1.277904102817598031e-02
8.780487804878047906e-03,3.333333333333333981e-03,4.847533632286994687e-03,1.277904102817598031e-02
8.780487804878047906e-03,3.333333333333333981e-03,4.847533632286994687e-03,1.277904102817598031e-02
8.780487804878047906e-03,3.333333333333333981e-03,4.847533632286994687e-03,1.277904102817598031e-02
8.780487804878047906e-03,3.333333333333333981e-03,4.847533632286994687e-03,1.277904102817598031e-02
8.780487804878047906e-03,3.333333333333333981e-03,4.847533632286994687e-03,1.277904102817598031e-02
8.780487804878047906e-03,3.333333333333333981e-03,4.847533632286994687e-03,1.277904102817598031e-02
8.780487804878047906e-03,3.333333333333333981e-03,4.847533632286994687e-03,1.277904102817598031e-02
8.780487804878047906e-03,3.333333333333333981e-03,4.847533632286994687e-03,1.277904102817598031e-02
8.780487804878047906e-03,3.333333333333333981e-03,4.847533632286994687e-03,1.277904102817598031e-02
8.780487804878047906e-03,3.333333333333333981e-03,4.847533632286994687e-03,1.277904102817598031e-02
8.780487804878047906e-03,3.333333333333333981e-03,4.847533632286994687e-03,1.277904102817598031e-02
8.780487804878047906e-03,3.333333333333333981e-03,4.847533632286994687e-03,1.277904102817598031e-02
8.780487804878047906e-03,3.333333333333333981e-03,4.847533632286994687e-03,1.277904102817598031e-02
8.780487804878047906e-03,3.333333333333333981e-03,4.847533632286994687e-03,1.277904102817598031e-02
8.780487804878047906e-03,3.333333333333333981e-03,4.847533632286994687e-03,1.277904102817598031e-02
8.780487804878047906e-03,3.333333333333333981e-03,4.847533632286994687e-03,1.277904102817598031e-02
8.780487804878047906e-03,3.333333333333333981e-03,4.847533632286994687e-03,1.277904102817598031e-02
8.780487804878047906e-03,3.333333333333333981e-03,4.847533632286994687e-03,1.277904102817598031e-02
8.780487804878047906e-03,3.333333333333333981e-03,4.847533632286994687e-03,1.277904102817598031e-02
8.780487804878047906e-03,3.333333333333333981e-03,4.847533632286994687e-03,1.277904102817598031e-02
8.780487804878047906e-03,3.333333333333333981e-03,4.847533632286994687e-03,1.277904102817598031e-02
8.780487804878047906e-03,3.333333333333333981e-03,4.847533632286994687e-03,1.277904102817598031e-02
8.780487804878047906e-03,3.333333333333333981e-03,4.847533632286994687e-03,1.277904102817598031e-02
8.780487804878047906e-03,3.333333333333333981e-03,4.847533632286994687e-03,1.277904102817598031e-02
8.780487804878047906e-03,3.333333333333333981e-03,4.847533632286994687e-03,1.277904102817598031e-02
8.780487804878047906e-03,3.333333333333333981e-03,4.847533632286994687e-03,1.277904102817598031e-02
8.780487804878047906e-03,3.333333333333333981e-03,4.847533632286994687e-03,1.277904102817598031e-02
8.780487804878047906e-03,3.333333333333333981e-03,4.847533632286994687e-03,1.277904102817598031e-02
8.780487804878047906e-03,3.333333333333333981e-03,4.847533632286994687e-03,1.277904102817598031e-02
8.780487804878047906e-03,3.333333333333333981e-03,4.847533632286994687e-03,1.277904102817598031e-02
8.780487804878047906e-03,3.333333333333333981e-03,4.847533632286994687e-03,1.277904102817598031e-02
8.780487804878047906e-03,3.333333333333333981e-03,4.847533632286994687e-03,1.277904102817598031e-02
8.780487804878047906e-03,3.333333333333333981e-03,4.847533632286994687e-03,1.277904102817598031e-02
8.780487804878047906e-03,3.333333333333333981e-03,4.847533632286994687e-03,1.277904102817598031e-02
8.780487804878047906e-03,3.333333333333333981e-03,4.847533632286994687e-03,1.277904102817598031e-02
8.780487804878047906e-03,3.333333333333333981e-03,4.847533632286994687e-03,1.277904102817598031e-02
8.780487804878047906e-03,3.333333333333333981e-03,4.847533632286994687e-03,1.277904102817598031e-02
8.780487804878047906e-03,3.333333333333333981e-03,4.847533632286994687e-03,1.277904102817598031e-02
8.780487804878047906e-03,3.333333333333333981e-03,4.847533632286994687e-03,1.277904102817598031e-02
8.780487804878047906e-03,3.333333333333333981e-03,4.847533632286994687e-03,1.277904102817598031e-02
8.780487804878047906e-03,3.333333333333333981e-03,4.847533632286994687e-03,1.277904102817598031e-02
8.780487804878047906e-03,3.333333333333333981e-03,4.847533632286994687e-03,1.277904102817598031e-02
8.780487804878047906e-03,3.333333333333333981e-03,4.847533632286994687e-03,1.277904102817598031e-02
8.780487804878047906e-03,3.333333333333333981e-03,4.847533632286994687e-03,1.277904102817598031e-02
8.780487804878047906e-03,3.333333333333333981e-03,4.847533632286994687e-03,1.277904102817598031e-02
8.780487804878047906e-03,3.333333333333333981e-03,4.847533632286994687e-03,1.277904102817598031e-02
8.780487804878047906e-03,3.333333333333333981e-03,4.847533632286994687e-03,1.277904102817598031e-02
8.780487804878047906e-03,3.333333333333333981e-03,4.847533632286994687e-03,1.277904102817598031e-02
8.780487804878047906e-03,3.333333333333333981e-03,4.847533632286994687e-03,1.277904102817598031e-02
8.780487804878047906e-03,3.333333333333333981e-03,4.847533632286994687e-03,1.277904102817598031e-02
8.780487804878047906e-03,3.333333333333333981e-03,4.847533632286994687e-03,1.277904102817598031e-02
8.780487804878047906e-03,3.333333333333333981e-03,4.847533632286994687e-03,1.277904102817598031e-02
8.780487804878047906e-03,3.333333333333333981e-03,4.847533632286994687e-03,1.277904102817598031e-02
8.780487804878047906e-03,3.333333333333333981e-03,4.847533632286994687e-03,1.277904102817598031e-02
8.780487804878047906e-03,3.333333333333333981e-03,4.847533632286994687e-03,1.277904102817598031e-02
8.780487804878047906e-03,3.333333333333333981e-03,4.847533632286994687e-03,1.277904102817598031e-02
8.780487804878047906e-03,3.333333333333333981e-03,4.847533632286994687e-03,1.277904102817598031e-02
8.780487804878047906e-03,3.333333333333333981e-03,4.847533632286994687e-03,1.277904102817598031e-02
8.780487804878047906e-03,3.333333333333333981e-03,4.847533632286994687e-03,1.277904102817598031e-02
8.780487804878047906e-03,3.333333333333333981e-03,4.847533632286994687e-03,1.277904102817598031e-02
8.780487804878047906e-03,3.333333333333333981e-03,4.847533632286994687e-03,1.277904102817598031e-02
8.780487804878047906e-03,3.333333333333333981e-03,4.847533632286994687e-03,1.277904102817598031e-02
8.780487804878047906e-03,3.333333333333333981e-03,4.847533632286994687e-03,1.277904102817598031e-02
8.780487804878047906e-03,3.333333333333333981e-03,4.847533632286994687e-03,1.277904102817598031e-02
8.780487804878047906e-03,3.333333333333333981e-03,4.847533632286994687e-03,1.277904102817598031e-02
8.780487804878047906e-03,3.333333333333333981e-03,4.847533632286994687e-03,1.277904102817598031e-02
8.780487804878047906e-03,3.333333333333333981e-03,4.847533632286994687e-03,1.277904102817598031e-02
8.780487804878047906e-03,3.333333333333333981e-03,4.847533632286994687e-03,1.277904102817598031e-02
8.780487804878047906e-03,3.333333333333333981e-03,4.847533632286994687e-03,1.277904102817598031e-02
8.780487804878047906e-03,3.333333333333333981e-03,4.847533632286994687e-03,1.277904102817598031e-02
8.780487804878047906e-03,3.333333333333333981e-03,4.847533632286994687e-03,1.277904102817598031e-02
8.780487804878047906e-03,3.333333333333333981e-03,4.847533632286994687e-03,1.277904102817598031e-02
8.780487804878047906e-03,3.333333333333333981e-03,4.847533632286994687e-03,1.277904102817598031e-02
8.780487804878047906e-03,3.333333333333333981e-03,4.847533632286994687e-03,1.277904102817598031e-02
8.780487804878047906e-03,3.333333333333333981e-03,4.847533632286994687e-03,1.277904102817598031e-02
8.780487804878047906e-03,3.333333333333333981e-03,4.847533632286994687e-03,1.277904102817598031e-02
8.780487804878047906e-03,3.333333333333333981e-03,4.847533632286994687e-03,1.277904102817598031e-02
8.780487804878047906e-03,3.333333333333333981e-03,4.847533632286994687e-03,1.277904102817598031e-02
8.780487804878047906e-03,3.333333333333333981e-03,4.847533632286994687e-03,1.277904102817598031e-02
8.780487804878047906e-03,3.333333333333333981e-03,4.847533632286994687e-03,1.277904102817598031e-02
8.780487804878047906e-03,3.333333333333333981e-03,4.847533632286994687e-03,1.277904102817598031e-02
8.780487804878047906e-03,3.333333333333333981e-03,4.847533632286994687e-03,1.277904102817598031e-02
8.780487804878047906e-03,3.333333333333333981e-03,4.847533632286994687e-03,1.277904102817598031e-02
8.780487804878047906e-03,3.333333333333333981e-03,4.847533632286994687e-03,1.277904102817598031e-02
8.780487804878047906e-03,3.333333333333333981e-03,4.847533632286994687e-03,1.277904102817598031e-02
8.780487804878047906e-03,3.333333333333333981e-03,4.847533632286994687e-03,1.277904102817598031e-02
8.780487804878047906e-03,3.333333333333333981e-03,4.847533632286994687e-03,1.277904102817598031e-02
8.780487804878047906e-03,3.333333333333333981e-03,4.847533632286994687e-03,1.277904102817598031e-02
8.780487804878047906e-03,3.333333333333333981e-03,4.847533632286994687e-03,1.277904102817598031e-02
8.780487804878047906e-03,3.333333333333333981e-03,4.847533632286994687e-03,1.277904102817598031e-02
8.780487804878047906e-03,3.333333333333333981e-03,4.847533632286994687e-03,1.277904102817598031e-02
8.780487804878047906e-03,3.333333333333333981e-03,4.847533632286994687e-03,1.277904102817598031e-02
8.780487804878047906e-03,3.333333333333333981e-03,4.847533632286994687e-03,1.277904102817598031e-02
8.780487804878047906e-03,3.333333333333333981e-03,4.847533632286994687e-03,1.277904102817598031e-02
8.780487804878047906e-03,3.333333333333333981e-03,4.847533632286994687e-03,1.277904102817598031e-02
8.780487804878047906e-03,3.333333333333333981e-03,4.847533632286994687e-03,1.277904102817598031e-02
8.780487804878047906e-03,3.333333333333333981e-03,4.847533632286994687e-03,1.277904102817598031e-02
8.780487804878047906e-03,3.333333333333333981e-03,4.847533632286994687e-03,1.277904102817598031e-02
8.780487804878047906e-03,3.333333333333333981e-03,4.847533632286994687e-03,1.277904102817598031e-02
8.780487804878047906e-03,3.333333333333333981e-03,4.847533632286994687e-03,1.277904102817598031e-02
8.780487804878047906e-03,3.333333333333333981e-03,4.847533632286994687e-03,1.277904102817598031e-02
8.780487804878047906e-03,3.333333333333333981e-03,4.847533632286994687e-03,1.277904102817598031e-02
8.780487804878047906e-03,3.333333333333333981e-03,4.847533632286994687e-03,1.277904102817598031e-02
8.780487804878047906e-03,3.333333333333333981e-03,4.847533632286994687e-03,1.277904102817598031e-02
8.780487804878047906e-03,3.333333333333333981e-03,4.847533632286994687e-03,1.277904102817598031e-02
8.780487804878047906e-03,3.333333333333333981e-03,4.847533632286994687e-03,1.277904102817598031e-02
8.780487804878047906e-03,3.333333333333333981e-03,4.847533632286994687e-03,1.277904102817598031e-02
8.780487804878047906e-03,3.333333333333333981e-03,4.847533632286994687e-03,1.277904102817598031e-02
8.780487804878047906e-03,3.333333333333333981e-03,4.847533632286994687e-03,1.277904102817598031e-02
8.780487804878047906e-03,3.333333333333333981e-03,4.847533632286994687e-03,1.277904102817598031e-02
8.780487804878047906e-03,3.333333333333333981e-03,4.847533632286994687e-03,1.277904102817598031e-02
8.780487804878047906e-03,3.333333333333333981e-03,4.847533632286994687e-03,1.277904102817598031e-02
8.780487804878047906e-03,3.333333333333333981e-03,4.847533632286994687e-03,1.277904102817598031e-02
8.780487804878047906e-03,3.333333333333333981e-03,4.847533632286994687e-03,1.277904102817598031e-02
8.780487804878047906e-03,3.333333333333333981e-03,4.847533632286994687e-03,1.277904102817598031e-02
8.780487804878047906e-03,3.333333333333333981e-03,4.847533632286994687e-03,1.277904102817598031e-02
8.780487804878047906e-03,3.333333333333333981e-03,4.847533632286994687e-03,1.277904102817598031e-02
8.780487804878047906e-03,3.333333333333333981e-03,4.847533632286994687e-03,1.277904102817598031e-02
8.780487804878047906e-03,3.333333333333333981e-03,4.847533632286994687e-03,1.277904102817598031e-02
8.780487804878047906e-03,3.333333333333333981e-03,4.847533632286994687e-03,1.277904102817598031e-02
8.780487804878047906e-03,3.333333333333333981e-03,4.847533632286994687e-03,1.277904102817598031e-02
8.780487804878047906e-03,3.333333333333333981e-03,4.847533632286994687e-03,1.277904102817598031e-02
8.780487804878047906e-03,3.333333333333333981e-03,4.847533632286994687e-03,1.277904102817598031e-02
8.780487804878047906e-03,3.333333333333333981e-03,4.847533632286994687e-03,1.277904102817598031e-02
8.780487804878047906e-03,3.333333333333333981e-03,4.847533632286994687e-03,1.277904102817598031e-02
8.780487804878047906e-03,3.333333333333333981e-03,4.847533632286994687e-03,1.277904102817598031e-02
8.780487804878047906e-03,3.333333333333333981e-03,4.847533632286994687e-03,1.277904102817598031e-02
8.780487804878047906e-03,3.333333333333333981e-03,4.847533632286994687e-03,1.277904102817598031e-02
8.780487804878047906e-03,3.333333333333333981e-03,4.847533632286994687e-03,1.277904102817598031e-02
8.780487804878047906e-03,3.333333333333333981e-03,4.847533632286994687e-03,1.277904102817598031e-02
8.780487804878047906e-03,3.333333333333333981e-03,4.847533632286994687e-03,1.277904102817598031e-02
8.780487804878047906e-03,3.333333333333333981e-03,4.847533632286994687e-03,1.277904102817598031e-02
8.780487804878047906e-03,3.333333333333333981e-03,4.847533632286994687e-03,1.277904102817598031e-02
8.780487804878047906e-03,3.333333333333333981e-03,4.847533632286994687e-03,1.277904102817598031e-02
8.780487804878047906e-03,3.333333333333333981e-03,4.847533632286994687e-03,1.277904102817598031e-02
8.780487804878047906e-03,3.333333333333333981e-03,4.847533632286994687e-03,1.277904102817598031e-02
8.780487804878047906e-03,3.333333333333333981e-03,4.847533632286994687e-03,1.277904102817598031e-02
8.780487804878047906e-03,3.333333333333333981e-03,4.847533632286994687e-03,1.277904102817598031e-02
8.780487804878047906e-03,3.333333333333333981e-03,4.847533632286994687e-03,1.277904102817598031e-02
8.780487804878047906e-03,3.333333333333333981e-03,4.847533632286994687e-03,1.277904102817598031e-02
8.780487804878047906e-03,3.333333333333333981e-03,4.847533632286994687e-03,1.277904102817598031e-02
8.780487804878047906e-03,3.333333333333333981e-03,4.847533632286994687e-03,1.277904102817598031e-02
8.780487804878047906e-03,3.333333333333333981e-03,4.847533632286994687e-03,1.277904102817598031e-02
8.780487804878047906e-03,3.333333333333333981e-03,4.847533632286994687e-03,1.277904102817598031e-02
8.780487804878047906e-03,3.333333333333333981e-03,4.847533632286994687e-03,1.277904102817598031e-02
8.780487804878047906e-03,3.333333333333333981e-03,4.847533632286994687e-03,1.277904102817598031e-02
8.780487804878047906e-03,3.333333333333333981e-03,4.847533632286994687e-03,1.277904102817598031e-02
8.780487804878047906e-03,3.333333333333333981e-03,4.847533632286994687e-03,1.277904102817598031e-02
8.780487804878047906e-03,3.333333333333333981e-03,4.847533632286994687e-03,1.277904102817598031e-02
8.780487804878047906e-03,3.333333333333333981e-03,4.847533632286994687e-03,1.277904102817598031e-02
8.780487804878047906e-03,3.333333333333333981e-03,4.847533632286994687e-03,1.277904102817598031e-02
8.780487804878047906e-03,3.333333333333333981e-03,4.847533632286994687e-03,1.277904102817598031e-02
8.780487804878047906e-03,3.333333333333333981e-03,4.847533632286994687e-03,1.277904102817598031e-02
8.780487804878047906e-03,3.333333333333333981e-03,4.847533632286994687e-03,1.277904102817598031e-02
8.780487804878047906e-03,3.333333333333333981e-03,4.847533632286994687e-03,1.277904102817598031e-02
8.780487804878047906e-03,3.333333333333333981e-03,4.847533632286994687e-03,1.277904102817598031e-02
8.780487804878047906e-03,3.333333333333333981e-03,4.847533632286994687e-03,1.277904102817598031e-02
8.780487804878047906e-03,3.333333333333333981e-03,4.847533632286994687e-03,1.277904102817598031e-02
8.780487804878047906e-03,3.333333333333333981e-03,4.847533632286994687e-03,1.277904102817598031e-02
8.780487804878047906e-03,3.333333333333333981e-03,4.847533632286994687e-03,1.277904102817598031e-02
8.780487804878047906e-03,3.333333333333333981e-03,4.847533632286994687e-03,1.277904102817598031e-02
8.780487804878047906e-03,3.333333333333333981e-03,4.847533632286994687e-03,1.277904102817598031e-02
8.780487804878047906e-03,3.333333333333333981e-03,4.847533632286994687e-03,1.277904102817598031e-02
8.780487804878047906e-03,3.333333333333333981e-03,4.847533632286994687e-03,1.277904102817598031e-02
8.780487804878047906e-03,3.333333333333333981e-03,4.847533632286994687e-03,1.277904102817598031e-02
8.780487804878047906e-03,3.333333333333333981e-03,4.847533632286994687e-03,1.277904102817598031e-02
8.780487804878047906e-03,3.333333333333333981e-03,4.847533632286994687e-03,1.277904102817598031e-02
8.780487804878047906e-03,3.333333333333333981e-03,4.847533632286994687e-03,1.277904102817598031e-02
8.780487804878047906e-03,3.333333333333333981e-03,4.847533632286994687e-03,1.277904102817598031e-02
8.780487804878047906e-03,3.333333333333333981e-03,4.847533632286994687e-03,1.277904102817598031e-02
8.780487804878047906e-03,3.333333333333333981e-03,4.847533632286994687e-03,1.277904102817598031e-02
8.780487804878047906e-03,3.333333333333333981e-03,4.847533632286994687e-03,1.277904102817598031e-02
8.780487804878047906e-03,3.333333333333333981e-03,4.847533632286994687e-03,1.277904102817598031e-02
8.780487804878047906e-03,3.333333333333333981e-03,4.847533632286994687e-03,1.277904102817598031e-02
8.780487804878047906e-03,3.333333333333333981e-03,4.847533632286994687e-03,1.277904102817598031e-02
8.780487804878047906e-03,3.333333333333333981e-03,4.847533632286994687e-03,1.277904102817598031e-02
8.780487804878047906e-03,3.333333333333333981e-03,4.847533632286994687e-03,1.277904102817598031e-02
8.780487804878047906e-03,3.333333333333333981e-03,4.847533632286994687e-03,1.277904102817598031e-02
8.780487804878047906e-03,3.333333333333333981e-03,4.847533632286994687e-03,1.277904102817598031e-02
8.780487804878047906e-03,3.333333333333333981e-03,4.847533632286994687e-03,1.277904102817598031e-02
8.780487804878047906e-03,3.333333333333333981e-03,4.847533632286994687e-03,1.277904102817598031e-02
8.780487804878047906e-03,3.333333333333333981e-03,4.847533632286994687e-03,1.277904102817598031e-02
8.780487804878047906e-03,3.333333333333333981e-03,4.847533632286994687e-03,1.277904102817598031e-02
8.780487804878047906e-03,3.333333333333333981e-03,4.847533632286994687e-03,1.277904102817598031e-02
8.780487804878047906e-03,3.333333333333333981e-03,4.847533632286994687e-03,1.277904102817598031e-02
8.780487804878047906e-03,3.333333333333333981e-03,4.847533632286994687e-03,1.277904102817598031e-02
8.780487804878047906e-03,3.333333333333333981e-03,4.847533632286994687e-03,1.277904102817598031e-02
8.780487804878047906e-03,3.333333333333333981e-03,4.847533632286994687e-03,1.277904102817598031e-02
8.780487804878047906e-03,3.333333333333333981e-03,4.847533632286994687e-03,1.277904102817598031e-02
8.780487804878047906e-03,3.333333333333333981e-03,4.847533632286994687e-03,1.277904102817598031e-02
8.780487804878047906e-03,3.333333333333333981e-03,4.847533632286994687e-03,1.277904102817598031e-02
8.780487804878047906e-03,3.333333333333333981e-03,4.847533632286994687e-03,1.277904102817598031e-02
8.780487804878047906e-03,3.333333333333333981e-03,4.847533632286994687e-03,1.277904102817598031e-02
8.780487804878047906e-03,3.333333333333333981e-03,4.847533632286994687e-03,1.277904102817598031e-02
8.780487804878047906e-03,3.333333333333333981e-03,4.847533632286994687e-03,1.277904102817598031e-02
8.780487804878047906e-03,3.333333333333333981e-03,4.847533632286994687e-03,1.277904102817598031e-02
8.780487804878047906e-03,3.333333333333333981e-03,4.847533632286994687e-03,1.277904102817598031e-02
8.780487804878047906e-03,3.333333333333333981e-03,4.847533632286994687e-03,1.277904102817598031e-02
8.780487804878047906e-03,3.333333333333333981e-03,4.847533632286994687e-03,1.277904102817598031e-02
8.780487804878047906e-03,3.333333333333333981e-03,4.847533632286994687e-03,1.277904102817598031e-02
8.780487804878047906e-03,3.333333333333333981e-03,4.847533632286994687e-03,1.277904102817598031e-02
8.780487804878047906e-03,3.333333333333333981e-03,4.847533632286994687e-03,1.277904102817598031e-02
8.780487804878047906e-03,3.333333333333333981e-03,4.847533632286994687e-03,1.277904102817598031e-02
8.780487804878047906e-03,3.333333333333333981e-03,4.847533632286994687e-03,1.277904102817598031e-02
8.780487804878047906e-03,3.333333333333333981e-03,4.847533632286994687e-03,1.277904102817598031e-02
8.780487804878047906e-03,3.333333333333333981e-03,4.847533632286994687e-03,1.277904102817598031e-02
8.780487804878047906e-03,3.333333333333333981e-03,4.847533632286994687e-03,1.277904102817598031e-02
8.780487804878047906e-03,3.333333333333333981e-03,4.847533632286994687e-03,1.277904102817598031e-02
8.780487804878047906e-03,3.333333333333333981e-03,4.847533632286994687e-03,1.277904102817598031e-02
8.780487804878047906e-03,3.333333333333333981e-03,4.847533632286994687e-03,1.277904102817598031e-02
8.780487804878047906e-03,3.333333333333333981e-03,4.847533632286994687e-03,1.277904102817598031e-02
8.780487804878047906e-03,3.333333333333333981e-03,4.847533632286994687e-03,1.277904102817598031e-02
8.780487804878047906e-03,3.333333333333333981e-03,4.847533632286994687e-03,1.277904102817598031e-02
8.780487804878047906e-03,3.333333333333333981e-03,4.847533632286994687e-03,1.277904102817598031e-02
8.780487804878047906e-03,3.333333333333333981e-03,4.847533632286994687e-03,1.277904102817598031e-02
8.780487804878047906e-03,3.333333333333333981e-03,4.847533632286994687e-03,1.277904102817598031e-02
8.780487804878047906e-03,3.333333333333333981e-03,4.847533632286994687e-03,1.277904102817598031e-02
8.780487804878047906e-03,3.333333333333333981e-03,4.847533632286994687e-03,1.277904102817598031e-02
8.780487804878047906e-03,3.333333333333333981e-03,4.847533632286994687e-03,1.277904102817598031e-02
8.780487804878047906e-03,3.333333333333333981e-03,4.847533632286994687e-03,1.277904102817598031e-02
8.780487804878047906e-03,3.333333333333333981e-03,4.847533632286994687e-03,1.277904102817598031e-02
8.780487804878047906e-03,3.333333333333333981e-03,4.847533632286994687e-03,1.277904102817598031e-02
8.780487804878047906e-03,3.333333333333333981e-03,4.847533632286994687e-03,1.277904102817598031e-02
8.780487804878047906e-03,3.333333333333333981e-03,4.847533632286994687e-03,1.277904102817598031e-02
8.780487804878047906e-03,3.333333333333333981e-03,4.847533632286994687e-03,1.277904102817598031e-02
8.780487804878047906e-03,3.333333333333333981e-03,4.847533632286994687e-03,1.277904102817598031e-02
8.780487804878047906e-03,3.333333333333333981e-03,4.847533632286994687e-03,1.277904102817598031e-02
8.780487804878047906e-03,3.333333333333333981e-03,4.847533632286994687e-03,1.277904102817598031e-02
8.780487804878047906e-03,3.333333333333333981e-03,4.847533632286994687e-03,1.277904102817598031e-02
8.780487804878047906e-03,3.333333333333333981e-03,4.847533632286994687e-03,1.277904102817598031e-02
8.780487804878047906e-03,3.333333333333333981e-03,4.847533632286994687e-03,1.277904102817598031e-02
8.780487804878047906e-03,3.333333333333333981e-03,4.847533632286994687e-03,1.277904102817598031e-02
8.780487804878047906e-03,3.333333333333333981e-03,4.847533632286994687e-03,1.277904102817598031e-02
8.780487804878047906e-03,3.333333333333333981e-03,4.847533632286994687e-03,1.277904102817598031e-02
8.780487804878047906e-03,3.333333333333333981e-03,4.847533632286994687e-03,1.277904102817598031e-02
8.780487804878047906e-03,3.333333333333333981e-03,4.847533632286994687e-03,1.277904102817598031e-02
8.780487804878047906e-03,3.333333333333333981e-03,4.847533632286994687e-03,1.277904102817598031e-02
8.780487804878047906e-03,3.333333333333333981e-03,4.847533632286994687e-03,1.277904102817598031e-02
8.780487804878047906e-03,3.333333333333333981e-03,4.847533632286994687e-03,1.277904102817598031e-02
8.780487804878047906e-03,3.333333333333333981e-03,4.847533632286994687e-03,1.277904102817598031e-02
8.780487804878047906e-03,3.333333333333333981e-03,4.847533632286994687e-03,1.277904102817598031e-02
8.780487804878047906e-03,3.333333333333333981e-03,4.847533632286994687e-03,1.277904102817598031e-02
8.780487804878047906e-03,3.333333333333333981e-03,4.847533632286994687e-03,1.277904102817598031e-02
8.780487804878047906e-03,3.333333333333333981e-03,4.847533632286994687e-03,1.277904102817598031e-02
8.780487804878047906e-03,3.333333333333333981e-03,4.847533632286994687e-03,1.277904102817598031e-02
8.780487804878047906e-03,3.333333333333333981e-03,4.847533632286994687e-03,1.277904102817598031e-02
8.780487804878047906e-03,3.333333333333333981e-03,4.847533632286994687e-03,1.277904102817598031e-02
8.780487804878047906e-03,3.333333333333333981e-03,4.847533632286994687e-03,1.277904102817598031e-02
8.780487804878047906e-03,3.333333333333333981e-03,4.847533632286994687e-03,1.277904102817598031e-02
8.780487804878047906e-03,3.333333333333333981e-03,4.847533632286994687e-03,1.277904102817598031e-02
8.780487804878047906e-03,3.333333333333333981e-03,4.847533632286994687e-03,1.277904102817598031e-02
8.780487804878047906e-03,3.333333333333333981e-03,4.847533632286994687e-03,1.277904102817598031e-02
8.780487804878047906e-03,3.333333333333333981e-03,4.847533632286994687e-03,1.277904102817598031e-02
8.780487804878047906e-03,3.333333333333333981e-03,4.847533632286994687e-03,1.277904102817598031e-02
8.780487804878047906e-03,3.333333333333333981e-03,4.847533632286994687e-03,1.277904102817598031e-02
8.780487804878047906e-03,3.333333333333333981e-03,4.847533632286994687e-03,1.277904102817598031e-02
8.780487804878047906e-03,3.333333333333333981e-03,4.847533632286994687e-03,1.277904102817598031e-02
8.780487804878047906e-03,3.333333333333333981e-03,4.847533632286994687e-03,1.277904102817598031e-02
8.780487804878047906e-03,3.333333333333333981e-03,4.847533632286994687e-03,1.277904102817598031e-02
8.780487804878047906e-03,3.333333333333333981e-03,4.847533632286994687e-03,1.277904102817598031e-02
8.780487804878047906e-03,3.333333333333333981e-03,4.847533632286994687e-03,1.277904102817598031e-02
8.780487804878047906e-03,3.333333333333333981e-03,4.847533632286994687e-03,1.277904102817598031e-02
8.780487804878047906e-03,3.333333333333333981e-03,4.847533632286994687e-03,1.277904102817598031e-02
8.780487804878047906e-03,3.333333333333333981e-03,4.847533632286994687e-03,1.277904102817598031e-02
8.780487804878047906e-03,3.333333333333333981e-03,4.847533632286994687e-03,1.277904102817598031e-02
8.780487804878047906e-03,3.333333333333333981e-03,4.847533632286994687e-03,1.277904102817598031e-02
8.780487804878047906e-03,3.333333333333333981e-03,4.847533632286994687e-03,1.277904102817598031e-02
8.780487804878047906e-03,3.333333333333333981e-03,4.847533632286994687e-03,1.277904102817598031e-02
8.780487804878047906e-03,3.333333333333333981e-03,4.847533632286994687e-03,1.277904102817598031e-02
8.780487804878047906e-03,3.333333333333333981e-03,4.847533632286994687e-03,1.277904102817598031e-02
8.780487804878047906e-03,3.333333333333333981e-03,4.847533632286994687e-03,1.277904102817598031e-02
8.780487804878047906e-03,3.333333333333333981e-03,4.847533632286994687e-03,1.277904102817598031e-02
8.780487804878047906e-03,3.333333333333333981e-03,4.847533632286994687e-03,1.277904102817598031e-02
8.780487804878047906e-03,3.333333333333333981e-03,4.847533632286994687e-03,1.277904102817598031e-02
8.780487804878047906e-03,3.333333333333333981e-03,4.847533632286994687e-03,1.277904102817598031e-02
8.780487804878047906e-03,3.333333333333333981e-03,4.847533632286994687e-03,1.277904102817598031e-02
8.780487804878047906e-03,3.333333333333333981e-03,4.847533632286994687e-03,1.277904102817598031e-02
8.780487804878047906e-03,3.333333333333333981e-03,4.847533632286994687e-03,1.277904102817598031e-02
8.780487804878047906e-03,3.333333333333333981e-03,4.847533632286994687e-03,1.277904102817598031e-02
8.780487804878047906e-03,3.333333333333333981e-03,4.847533632286994687e-03,1.277904102817598031e-02
8.780487804878047906e-03,3.333333333333333981e-03,4.847533632286994687e-03,1.277904102817598031e-02
8.780487804878047906e-03,3.333333333333333981e-03,4.847533632286994687e-03,1.277904102817598031e-02
8.780487804878047906e-03,3.333333333333333981e-03,4.847533632286994687e-03,1.277904102817598031e-02
8.780487804878047906e-03,3.333333333333333981e-03,4.847533632286994687e-03,1.277904102817598031e-02
8.780487804878047906e-03,3.333333333333333981e-03,4.847533632286994687e-03,1.277904102817598031e-02
8.780487804878047906e-03,3.333333333333333981e-03,4.847533632286994687e-03,1.277904102817598031e-02
8.780487804878047906e-03,3.333333333333333981e-03,4.847533632286994687e-03,1.277904102817598031e-02
8.780487804878047906e-03,3.333333333333333981e-03,4.847533632286994687e-03,1.277904102817598031e-02
8.780487804878047906e-03,3.333333333333333981e-03,4.847533632286994687e-03,1.277904102817598031e-02
8.780487804878047906e-03,3.333333333333333981e-03,4.847533632286994687e-03,1.277904102817598031e-02
8.780487804878047906e-03,3.333333333333333981e-03,4.847533632286994687e-03,1.277904102817598031e-02
8.780487804878047906e-03,3.333333333333333981e-03,4.847533632286994687e-03,1.277904102817598031e-02
8.780487804878047906e-03,3.333333333333333981e-03,4.847533632286994687e-03,1.277904102817598031e-02
8.780487804878047906e-03,3.333333333333333981e-03,4.847533632286994687e-03,1.277904102817598031e-02
8.780487804878047906e-03,3.333333333333333981e-03,4.847533632286994687e-03,1.277904102817598031e-02
8.780487804878047906e-03,3.333333333333333981e-03,4.847533632286994687e-03,1.277904102817598031e-02
8.780487804878047906e-03,3.333333333333333981e-03,4.847533632286994687e-03,1.277904102817598031e-02
8.780487804878047906e-03,3.333333333333333981e-03,4.847533632286994687e-03,1.277904102817598031e-02
8.780487804878047906e-03,3.333333333333333981e-03,4.847533632286994687e-03,1.277904102817598031e-02
8.780487804878047906e-03,3.333333333333333981e-03,4.847533632286994687e-03,1.277904102817598031e-02
8.780487804878047906e-03,3.333333333333333981e-03,4.847533632286994687e-03,1.277904102817598031e-02
8.780487804878047906e-03,3.333333333333333981e-03,4.847533632286994687e-03,1.277904102817598031e-02
8.780487804878047906e-03,3.333333333333333981e-03,4.847533632286994687e-03,1.277904102817598031e-02
8.780487804878047906e-03,3.333333333333333981e-03,4.847533632286994687e-03,1.277904102817598031e-02
8.780487804878047906e-03,3.333333333333333981e-03,4.847533632286994687e-03,1.277904102817598031e-02
8.780487804878047906e-03,3.333333333333333981e-03,4.847533632286994687e-03,1.277904102817598031e-02
8.780487804878047906e-03,3.333333333333333981e-03,4.847533632286994687e-03,1.277904102817598031e-02
8.780487804878047906e-03,3.333333333333333981e-03,4.847533632286994687e-03,1.277904102817598031e-02
8.780487804878047906e-03,3.333333333333333981e-03,4.847533632286994687e-03,1.277904102817598031e-02
8.780487804878047906e-03,3.333333333333333981e-03,4.847533632286994687e-03,1.277904102817598031e-02
8.780487804878047906e-03,3.333333333333333981e-03,4.847533632286994687e-03,1.277904102817598031e-02
8.780487804878047906e-03,3.333333333333333981e-03,4.847533632286994687e-03,1.277904102817598031e-02
8.780487804878047906e-03,3.333333333333333981e-03,4.847533632286994687e-03,1.277904102817598031e-02
8.780487804878047906e-03,3.333333333333333981e-03,4.847533632286994687e-03,1.277904102817598031e-02
8.780487804878047906e-03,3.333333333333333981e-03,4.847533632286994687e-03,1.277904102817598031e-02
8.780487804878047906e-03,3.333333333333333981e-03,4.847533632286994687e-03,1.277904102817598031e-02
8.780487804878047906e-03,3.333333333333333981e-03,4.847533632286994687e-03,1.277904102817598031e-02
8.780487804878047906e-03,3.333333333333333981e-03,4.847533632286994687e-03,1.277904102817598031e-02
8.780487804878047906e-03,3.333333333333333981e-03,4.847533632286994687e-03,1.277904102817598031e-02
8.780487804878047906e-03,3.333333333333333981e-03,4.847533632286994687e-03,1.277904102817598031e-02
8.780487804878047906e-03,3.333333333333333981e-03,4.847533632286994687e-03,1.277904102817598031e-02
8.780487804878047906e-03,3.333333333333333981e-03,4.847533632286994687e-03,1.277904102817598031e-02
8.780487804878047906e-03,3.333333333333333981e-03,4.847533632286994687e-03,1.277904102817598031e-02
8.780487804878047906e-03,3.333333333333333981e-03,4.847533632286994687e-03,1.277904102817598031e-02
8.780487804878047906e-03,3.333333333333333981e-03,4.847533632286994687e-03,1.277904102817598031e-02
8.780487804878047906e-03,3.333333333333333981e-03,4.847533632286994687e-03,1.277904102817598031e-02
8.780487804878047906e-03,3.333333333333333981e-03,4.847533632286994687e-03,1.277904102817598031e-02
8.780487804878047906e-03,3.333333333333333981e-03,4.847533632286994687e-03,1.277904102817598031e-02
8.780487804878047906e-03,3.333333333333333981e-03,4.847533632286994687e-03,1.277904102817598031e-02
8.780487804878047906e-03,3.333333333333333981e-03,4.847533632286994687e-03,1.277904102817598031e-02
8.780487804878047906e-03,3.333333333333333981e-03,4.847533632286994687e-03,1.277904102817598031e-02
8.780487804878047906e-03,3.333333333333333981e-03,4.847533632286994687e-03,1.277904102817598031e-02
8.780487804878047906e-03,3.333333333333333981e-03,4.847533632286994687e-03,1.277904102817598031e-02
8.780487804878047906e-03,3.333333333333333981e-03,4.847533632286994687e-03,1.277904102817598031e-02
8.780487804878047906e-03,3.333333333333333981e-03,4.847533632286994687e-03,1.277904102817598031e-02
8.780487804878047906e-03,3.333333333333333981e-03,4.847533632286994687e-03,1.277904102817598031e-02
8.780487804878047906e-03,3.333333333333333981e-03,4.847533632286994687e-03,1.277904102817598031e-02
8.780487804878047906e-03,3.333333333333333981e-03,4.847533632286994687e-03,1.277904102817598031e-02
8.780487804878047906e-03,3.333333333333333981e-03,4.847533632286994687e-03,1.277904102817598031e-02
8.780487804878047906e-03,3.333333333333333981e-03,4.847533632286994687e-03,1.277904102817598031e-02
8.780487804878047906e-03,3.333333333333333981e-03,4.847533632286994687e-03,1.277904102817598031e-02
8.780487804878047906e-03,3.333333333333333981e-03,4.847533632286994687e-03,1.277904102817598031e-02
8.780487804878047906e-03,3.333333333333333981e-03,4.847533632286994687e-03,1.277904102817598031e-02
8.780487804878047906e-03,3.333333333333333981e-03,4.847533632286994687e-03,1.277904102817598031e-02
8.780487804878047906e-03,3.333333333333333981e-03,4.847533632286994687e-03,1.277904102817598031e-02
8.780487804878047906e-03,3.333333333333333981e-03,4.847533632286994687e-03,1.277904102817598031e-02
8.780487804878047906e-03,3.333333333333333981e-03,4.847533632286994687e-03,1.277904102817598031e-02
8.780487804878047906e-03,3.333333333333333981e-03,4.847533632286994687e-03,1.277904102817598031e-02
8.780487804878047906e-03,3.333333333333333981e-03,4.847533632286994687e-03,1.277904102817598031e-02
8.780487804878047906e-03,3.333333333333333981e-03,4.847533632286994687e-03,1.277904102817598031e-02
8.780487804878047906e-03,3.333333333333333981e-03,4.847533632286994687e-03,1.277904102817598031e-02
8.780487804878047906e-03,3.333333333333333981e-03,4.847533632286994687e-03,1.277904102817598031e-02
8.780487804878047906e-03,3.333333333333333981e-03,4.847533632286994687e-03,1.277904102817598031e-02
8.780487804878047906e-03,3.333333333333333981e-03,4.847533632286994687e-03,1.277904102817598031e-02
8.780487804878047906e-03,3.333333333333333981e-03,4.847533632286994687e-03,1.277904102817598031e-02
8.780487804878047906e-03,3.333333333333333981e-03,4.847533632286994687e-03,1.277904102817598031e-02
8.780487804878047906e-03,3.333333333333333981e-03,4.847533632286994687e-03,1.277904102817598031e-02
8.780487804878047906e-03,3.333333333333333981e-03,4.847533632286994687e-03,1.277904102817598031e-02
8.780487804878047906e-03,3.333333333333333981e-03,4.847533632286994687e-03,1.277904102817598031e-02
8.780487804878047906e-03,3.333333333333333981e-03,4.847533632286994687e-03,1.277904102817598031e-02
8.780487804878047906e-03,3.333333333333333981e-03,4.847533632286994687e-03,1.277904102817598031e-02
8.780487804878047906e-03,3.333333333333333981e-03,4.847533632286994687e-03,1.277904102817598031e-02
8.780487804878047906e-03,3.333333333333333981e-03,4.847533632286994687e-03,1.277904102817598031e-02
8.780487804878047906e-03,3.333333333333333981e-03,4.847533632286994687e-03,1.277904102817598031e-02
8.780487804878047906e-03,3.333333333333333981e-03,4.847533632286994687e-03,1.277904102817598031e-02
8.780487804878047906e-03,3.333333333333333981e-03,4.847533632286994687e-03,1.277904102817598031e-02
8.780487804878047906e-03,3.333333333333333981e-03,4.847533632286994687e-03,1.277904102817598031e-02
8.780487804878047906e-03,3.333333333333333981e-03,4.847533632286994687e-03,1.277904102817598031e-02
8.780487804878047906e-03,3.333333333333333981e-03,4.847533632286994687e-03,1.277904102817598031e-02
8.780487804878047906e-03,3.333333333333333981e-03,4.847533632286994687e-03,1.277904102817598031e-02
8.780487804878047906e-03,3.333333333333333981e-03,4.847533632286994687e-03,1.277904102817598031e-02
8.780487804878047906e-03,3.333333333333333981e-03,4.847533632286994687e-03,1.277904102817598031e-02
8.780487804878047906e-03,3.333333333333333981e-03,4.847533632286994687e-03,1.277904102817598031e-02
8.780487804878047906e-03,3.333333333333333981e-03,4.847533632286994687e-03,1.277904102817598031e-02
8.780487804878047906e-03,3.333333333333333981e-03,4.847533632286994687e-03,1.277904102817598031e-02
8.780487804878047906e-03,3.333333333333333981e-03,4.847533632286994687e-03,1.277904102817598031e-02
8.780487804878047906e-03,3.333333333333333981e-03,4.847533632286994687e-03,1.277904102817598031e-02
8.780487804878047906e-03,3.333333333333333981e-03,4.847533632286994687e-03,1.277904102817598031e-02
8.780487804878047906e-03,3.333333333333333981e-03,4.847533632286994687e-03,1.277904102817598031e-02
8.780487804878047906e-03,3.333333333333333981e-03,4.847533632286994687e-03,1.277904102817598031e-02
8.780487804878047906e-03,3.333333333333333981e-03,4.847533632286994687e-03,1.277904102817598031e-02
8.780487804878047906e-03,3.333333333333333981e-03,4.847533632286994687e-03,1.277904102817598031e-02
8.780487804878047906e-03,3.333333333333333981e-03,4.847533632286994687e-03,1.277904102817598031e-02
8.780487804878047906e-03,3.333333333333333981e-03,4.847533632286994687e-03,1.277904102817598031e-02
8.780487804878047906e-03,3.333333333333333981e-03,4.847533632286994687e-03,1.277904102817598031e-02
8.780487804878047906e-03,3.333333333333333981e-03,4.847533632286994687e-03,1.277904102817598031e-02
8.780487804878047906e-03,3.333333333333333981e-03,4.847533632286994687e-03,1.277904102817598031e-02
8.780487804878047906e-03,3.333333333333333981e-03,4.847533632286994687e-03,1.277904102817598031e-02
8.780487804878047906e-03,3.333333333333333981e-03,4.847533632286994687e-03,1.277904102817598031e-02
8.780487804878047906e-03,3.333333333333333981e-03,4.847533632286994687e-03,1.277904102817598031e-02
8.780487804878047906e-03,3.333333333333333981e-03,4.847533632286994687e-03,1.277904102817598031e-02
8.780487804878047906e-03,3.333333333333333981e-03,4.847533632286994687e-03,1.277904102817598031e-02
8.780487804878047906e-03,3.333333333333333981e-03,4.847533632286994687e-03,1.277904102817598031e-02
8.780487804878047906e-03,3.333333333333333981e-03,4.847533632286994687e-03,1.277904102817598031e-02
8.780487804878047906e-03,3.333333333333333981e-03,4.847533632286994687e-03,1.277904102817598031e-02
8.780487804878047906e-03,3.333333333333333981e-03,4.847533632286994687e-03,1.277904102817598031e-02
8.780487804878047906e-03,3.333333333333333981e-03,4.847533632286994687e-03,1.277904102817598031e-02
8.780487804878047906e-03,3.333333333333333981e-03,4.847533632286994687e-03,1.277904102817598031e-02
8.780487804878047906e-03,3.333333333333333981e-03,4.847533632286994687e-03,1.277904102817598031e-02
8.780487804878047906e-03,3.333333333333333981e-03,4.847533632286994687e-03,1.277904102817598031e-02
8.780487804878047906e-03,3.333333333333333981e-03,4.847533632286994687e-03,1.277904102817598031e-02
8.780487804878047906e-03,3.333333333333333981e-03,4.847533632286994687e-03,1.277904102817598031e-02
8.780487804878047906e-03,3.333333333333333981e-03,4.847533632286994687e-03,1.277904102817598031e-02
8.780487804878047906e-03,3.333333333333333981e-03,4.847533632286994687e-03,1.277904102817598031e-02
8.780487804878047906e-03,3.333333333333333981e-03,4.847533632286994687e-03,1.277904102817598031e-02
8.780487804878047906e-03,3.333333333333333981e-03,4.847533632286994687e-03,1.277904102817598031e-02
8.780487804878047906e-03,3.333333333333333981e-03,4.847533632286994687e-03,1.277904102817598031e-02
8.780487804878047906e-03,3.333333333333333981e-03,4.847533632286994687e-03,1.277904102817598031e-02
8.780487804878047906e-03,3.333333333333333981e-03,4.847533632286994687e-03,1.277904102817598031e-02
8.780487804878047906e-03,3.333333333333333981e-03,4.847533632286994687e-03,1.277904102817598031e-02
8.780487804878047906e-03,3.333333333333333981e-03,4.847533632286994687e-03,1.277904102817598031e-02
8.780487804878047906e-03,3.333333333333333981e-03,4.847533632286994687e-03,1.277904102817598031e-02
8.780487804878047906e-03,3.333333333333333981e-03,4.847533632286994687e-03,1.277904102817598031e-02
8.780487804878047906e-03,3.333333333333333981e-03,4.847533632286994687e-03,1.277904102817598031e-02
8.780487804878047906e-03,3.333333333333333981e-03,4.847533632286994687e-03,1.277904102817598031e-02
8.780487804878047906e-03,3.333333333333333981e-03,4.847533632286994687e-03,1.277904102817598031e-02
8.780487804878047906e-03,3.333333333333333981e-03,4.847533632286994687e-03,1.277904102817598031e-02
8.780487804878047906e-03,3.333333333333333981e-03,4.847533632286994687e-03,1.277904102817598031e-02
8.780487804878047906e-03,3.333333333333333981e-03,4.847533632286994687e-03,1.277904102817598031e-02
8.780487804878047906e-03,3.333333333333333981e-03,4.847533632286994687e-03,1.277904102817598031e-02
8.780487804878047906e-03,3.333333333333333981e-03,4.847533632286994687e-03,1.277904102817598031e-02
8.780487804878047906e-03,3.333333333333333981e-03,4.847533632286994687e-03,1.277904102817598031e-02
8.780487804878047906e-03,3.333333333333333981e-03,4.847533632286994687e-03,1.277904102817598031e-02
8.780487804878047906e-03,3.333333333333333981e-03,4.847533632286994687e-03,1.277904102817598031e-02
8.780487804878047906e-03,3.333333333333333981e-03,4.847533632286994687e-03,1.277904102817598031e-02
8.780487804878047906e-03,3.333333333333333981e-03,4.847533632286994687e-03,1.277904102817598031e-02
8.780487804878047906e-03,3.333333333333333981e-03,4.847533632286994687e-03,1.277904102817598031e-02
8.780487804878047906e-03,3.333333333333333981e-03,4.847533632286994687e-03,1.277904102817598031e-02
8.780487804878047906e-03,3.333333333333333981e-03,4.847533632286994687e-03,1.277904102817598031e-02
8.780487804878047906e-03,3.333333333333333981e-03,4.847533632286994687e-03,1.277904102817598031e-02
8.780487804878047906e-03,3.333333333333333981e-03,4.847533632286994687e-03,1.277904102817598031e-02
8.780487804878047906e-03,3.333333333333333981e-03,4.847533632286994687e-03,1.277904102817598031e-02
8.780487804878047906e-03,3.333333333333333981e-03,4.847533632286994687e-03,1.277904102817598031e-02
8.780487804878047906e-03,3.333333333333333981e-03,4.847533632286994687e-03,1.277904102817598031e-02
8.780487804878047906e-03,3.333333333333333981e-03,4.847533632286994687e-03,1.277904102817598031e-02
8.780487804878047906e-03,3.333333333333333981e-03,4.847533632286994687e-03,1.277904102817598031e-02
8.780487804878047906e-03,3.333333333333333981e-03,4.847533632286994687e-03,1.277904102817598031e-02
8.780487804878047906e-03,3.333333333333333981e-03,4.847533632286994687e-03,1.277904102817598031e-02
8.780487804878047906e-03,3.333333333333333981e-03,4.847533632286994687e-03,1.277904102817598031e-02
8.780487804878047906e-03,3.333333333333333981e-03,4.847533632286994687e-03,1.277904102817598031e-02
8.780487804878047906e-03,3.333333333333333981e-03,4.847533632286994687e-03,1.277904102817598031e-02
8.780487804878047906e-03,3.333333333333333981e-03,4.847533632286994687e-03,1.277904102817598031e-02
8.780487804878047906e-03,3.333333333333333981e-03,4.847533632286994687e-03,1.277904102817598031e-02
8.780487804878047906e-03,3.333333333333333981e-03,4.847533632286994687e-03,1.277904102817598031e-02
8.780487804878047906e-03,3.333333333333333981e-03,4.847533632286994687e-03,1.277904102817598031e-02
8.780487804878047906e-03,3.333333333333333981e-03,4.847533632286994687e-03,1.277904102817598031e-02
8.780487804878047906e-03,3.333333333333333981e-03,4.847533632286994687e-03,1.277904102817598031e-02
8.780487804878047906e-03,3.333333333333333981e-03,4.847533632286994687e-03,1.277904102817598031e-02
8.780487804878047906e-03,3.333333333333333981e-03,4.847533632286994687e-03,1.277904102817598031e-02
8.780487804878047906e-03,3.333333333333333981e-03,4.847533632286994687e-03,1.277904102817598031e-02
8.780487804878047906e-03,3.333333333333333981e-03,4.847533632286994687e-03,1.277904102817598031e-02
8.780487804878047906e-03,3.333333333333333981e-03,4.847533632286994687e-03,1.277904102817598031e-02
8.780487804878047906e-03,3.333333333333333981e-03,4.847533632286994687e-03,1.277904102817598031e-02
8.780487804878047906e-03,3.333333333333333981e-03,4.847533632286994687e-03,1.277904102817598031e-02
8.780487804878047906e-03,3.333333333333333981e-03,4.847533632286994687e-03,1.277904102817598031e-02
8.780487804878047906e-03,3.333333333333333981e-03,4.847533632286994687e-03,1.277904102817598031e-02
8.780487804878047906e-03,3.333333333333333981e-03,4.847533632286994687e-03,1.277904102817598031e-02
8.780487804878047906e-03,3.333333333333333981e-03,4.847533632286994687e-03,1.277904102817598031e-02
8.780487804878047906e-03,3.333333333333333981e-03,4.847533632286994687e-03,1.277904102817598031e-02
8.780487804878047906e-03,3.333333333333333981e-03,4.847533632286994687e-03,1.277904102817598031e-02
8.780487804878047906e-03,3.333333333333333981e-03,4.847533632286994687e-03,1.277904102817598031e-02
8.780487804878047906e-03,3.333333333333333981e-03,4.847533632286994687e-03,1.277904102817598031e-02
8.780487804878047906e-03,3.333333333333333981e-03,4.847533632286994687e-03,1.277904102817598031e-02
8.780487804878047906e-03,3.333333333333333981e-03,4.847533632286994687e-03,1.277904102817598031e-02
8.780487804878047906e-03,3.333333333333333981e-03,4.847533632286994687e-03,1.277904102817598031e-02
8.780487804878047906e-03,3.333333333333333981e-03,4.847533632286994687e-03,1.277904102817598031e-02
8.780487804878047906e-03,3.333333333333333981e-03,4.847533632286994687e-03,1.277904102817598031e-02
8.780487804878047906e-03,3.333333333333333981e-03,4.847533632286994687e-03,1.277904102817598031e-02
8.780487804878047906e-03,3.333333333333333981e-03,4.847533632286994687e-03,1.277904102817598031e-02
8.780487804878047906e-03,3.333333333333333981e-03,4.847533632286994687e-03,1.277904102817598031e-02
8.780487804878047906e-03,3.333333333333333981e-03,4.847533632286994687e-03,1.277904102817598031e-02
8.780487804878047906e-03,3.333333333333333981e-03,4.847533632286994687e-03,1.277904102817598031e-02
8.780487804878047906e-03,3.333333333333333981e-03,4.847533632286994687e-03,1.277904102817598031e-02
8.780487804878047906e-03,3.333333333333333981e-03,4.847533632286994687e-03,1.277904102817598031e-02
8.780487804878047906e-03,3.333333333333333981e-03,4.847533632286994687e-03,1.277904102817598031e-02
8.780487804878047906e-03,3.333333333333333981e-03,4.847533632286994687e-03,1.277904102817598031e-02
8.780487804878047906e-03,3.333333333333333981e-03,4.847533632286994687e-03,1.277904102817598031e-02
8.780487804878047906e-03,3.333333333333333981e-03,4.847533632286994687e-03,1.277904102817598031e-02
8.780487804878047906e-03,3.333333333333333981e-03,4.847533632286994687e-03,1.277904102817598031e-02
8.780487804878047906e-03,3.333333333333333981e-03,4.847533632286994687e-03,1.277904102817598031e-02
8.780487804878047906e-03,3.333333333333333981e-03,4.847533632286994687e-03,1.277904102817598031e-02
8.780487804878047906e-03,3.333333333333333981e-03,4.847533632286994687e-03,1.277904102817598031e-02
8.780487804878047906e-03,3.333333333333333981e-03,4.847533632286994687e-03,1.277904102817598031e-02
8.780487804878047906e-03,3.333333333333333981e-03,4.847533632286994687e-03,1.277904102817598031e-02
8.780487804878047906e-03,3.333333333333333981e-03,4.847533632286994687e-03,1.277904102817598031e-02
8.780487804878047906e-03,3.333333333333333981e-03,4.847533632286994687e-03,1.277904102817598031e-02
8.780487804878047906e-03,3.333333333333333981e-03,4.847533632286994687e-03,1.277904102817598031e-02
8.780487804878047906e-03,3.333333333333333981e-03,4.847533632286994687e-03,1.277904102817598031e-02
8.780487804878047906e-03,3.333333333333333981e-03,4.847533632286994687e-03,1.277904102817598031e-02
8.780487804878047906e-03,3.333333333333333981e-03,4.847533632286994687e-03,1.277904102817598031e-02
8.780487804878047906e-03,3.333333333333333981e-03,4.847533632286994687e-03,1.277904102817598031e-02
8.780487804878047906e-03,3.333333333333333981e-03,4.847533632286994687e-03,1.277904102817598031e-02
8.780487804878047906e-03,3.333333333333333981e-03,4.847533632286994687e-03,1.277904102817598031e-02
8.780487804878047906e-03,3.333333333333333981e-03,4.847533632286994687e-03,1.277904102817598031e-02
8.780487804878047906e-03,3.333333333333333981e-03,4.847533632286994687e-03,1.277904102817598031e-02
8.780487804878047906e-03,3.333333333333333981e-03,4.847533632286994687e-03,1.277904102817598031e-02
8.780487804878047906e-03,3.333333333333333981e-03,4.847533632286994687e-03,1.277904102817598031e-02
8.780487804878047906e-03,3.333333333333333981e-03,4.847533632286994687e-03,1.277904102817598031e-02
8.780487804878047906e-03,3.333333333333333981e-03,4.847533632286994687e-03,1.277904102817598031e-02
8.780487804878047906e-03,3.333333333333333981e-03,4.847533632286994687e-03,1.277904102817598031e-02
8.780487804878047906e-03,3.333333333333333981e-03,4.847533632286994687e-03,1.277904102817598031e-02
8.780487804878047906e-03,3.333333333333333981e-03,4.847533632286994687e-03,1.277904102817598031e-02
8.780487804878047906e-03,3.333333333333333981e-03,4.847533632286994687e-03,1.277904102817598031e-02
8.780487804878047906e-03,3.333333333333333981e-03,4.847533632286994687e-03,1.277904102817598031e-02
8.780487804878047906e-03,3.333333333333333981e-03,4.847533632286994687e-03,1.277904102817598031e-02
8.780487804878047906e-03,3.333333333333333981e-03,4.847533632286994687e-03,1.277904102817598031e-02
8.780487804878047906e-03,3.333333333333333981e-03,4.847533632286994687e-03,1.277904102817598031e-02
8.780487804878047906e-03,3.333333333333333981e-03,4.847533632286994687e-03,1.277904102817598031e-02
8.780487804878047906e-03,3.333333333333333981e-03,4.847533632286994687e-03,1.277904102817598031e-02
8.780487804878047906e-03,3.333333333333333981e-03,4.847533632286994687e-03,1.277904102817598031e-02
8.780487804878047906e-03,3.333333333333333981e-03,4.847533632286994687e-03,1.277904102817598031e-02
8.780487804878047906e-03,3.333333333333333981e-03,4.847533632286994687e-03,1.277904102817598031e-02
8.780487804878047906e-03,3.333333333333333981e-03,4.847533632286994687e-03,1.277904102817598031e-02
8.780487804878047906e-03,3.333333333333333981e-03,4.847533632286994687e-03,1.277904102817598031e-02
8.780487804878047906e-03,3.333333333333333981e-03,4.847533632286994687e-03,1.277904102817598031e-02
8.780487804878047906e-03,3.333333333333333981e-03,4.847533632286994687e-03,1.277904102817598031e-02
8.780487804878047906e-03,3.333333333333333981e-03,4.847533632286994687e-03,1.277904102817598031e-02
8.780487804878047906e-03,3.333333333333333981e-03,4.847533632286994687e-03,1.277904102817598031e-02
8.780487804878047906e-03,3.333333333333333981e-03,4.847533632286994687e-03,1.277904102817598031e-02
8.780487804878047906e-03,3.333333333333333981e-03,4.847533632286994687e-03,1.277904102817598031e-02
8.780487804878047906e-03,3.333333333333333981e-03,4.847533632286994687e-03,1.277904102817598031e-02
8.780487804878047906e-03,3.333333333333333981e-03,4.847533632286994687e-03,1.277904102817598031e-02
8.780487804878047906e-03,3.333333333333333981e-03,4.847533632286994687e-03,1.277904102817598031e-02
8.780487804878047906e-03,3.333333333333333981e-03,4.847533632286994687e-03,1.277904102817598031e-02
8.780487804878047906e-03,3.333333333333333981e-03,4.847533632286994687e-03,1.277904102817598031e-02
8.780487804878047906e-03,3.333333333333333981e-03,4.847533632286994687e-03,1.277904102817598031e-02
8.780487804878047906e-03,3.333333333333333981e-03,4.847533632286994687e-03,1.277904102817598031e-02
8.780487804878047906e-03,3.333333333333333981e-03,4.847533632286994687e-03,1.277904102817598031e-02
8.780487804878047906e-03,3.333333333333333981e-03,4.847533632286994687e-03,1.277904102817598031e-02
8.780487804878047906e-03,3.333333333333333981e-03,4.847533632286994687e-03,1.277904102817598031e-02
8.780487804878047906e-03,3.333333333333333981e-03,4.847533632286994687e-03,1.277904102817598031e-02
8.780487804878047906e-03,3.333333333333333981e-03,4.847533632286994687e-03,1.277904102817598031e-02
8.780487804878047906e-03,3.333333333333333981e-03,4.847533632286994687e-03,1.277904102817598031e-02
8.780487804878047906e-03,3.333333333333333981e-03,4.847533632286994687e-03,1.277904102817598031e-02
8.780487804878047906e-03,3.333333333333333981e-03,4.847533632286994687e-03,1.277904102817598031e-02
8.780487804878047906e-03,3.333333333333333981e-03,4.847533632286994687e-03,1.277904102817598031e-02
8.780487804878047906e-03,3.333333333333333981e-03,4.847533632286994687e-03,1.277904102817598031e-02
8.780487804878047906e-03,3.333333333333333981e-03,4.847533632286994687e-03,1.277904102817598031e-02
8.780487804878047906e-03,3.333333333333333981e-03,4.847533632286994687e-03,1.277904102817598031e-02
8.780487804878047906e-03,3.333333333333333981e-03,4.847533632286994687e-03,1.277904102817598031e-02
8.780487804878047906e-03,3.333333333333333981e-03,4.847533632286994687e-03,1.277904102817598031e-02
8.780487804878047906e-03,3.333333333333333981e-03,4.847533632286994687e-03,1.277904102817598031e-02
8.780487804878047906e-03,3.333333333333333981e-03,4.847533632286994687e-03,1.277904102817598031e-02
8.780487804878047906e-03,3.333333333333333981e-03,4.847533632286994687e-03,1.277904102817598031e-02
8.780487804878047906e-03,3.333333333333333981e-03,4.847533632286994687e-03,1.277904102817598031e-02
8.780487804878047906e-03,3.333333333333333981e-03,4.847533632286994687e-03,1.277904102817598031e-02
8.780487804878047906e-03,3.333333333333333981e-03,4.847533632286994687e-03,1.277904102817598031e-02
8.780487804878047906e-03,3.333333333333333981e-03,4.847533632286994687e-03,1.277904102817598031e-02
8.780487804878047906e-03,3.333333333333333981e-03,4.847533632286994687e-03,1.277904102817598031e-02
8.780487804878047906e-03,3.333333333333333981e-03,4.847533632286994687e-03,1.277904102817598031e-02
8.780487804878047906e-03,3.333333333333333981e-03,4.847533632286994687e-03,1.277904102817598031e-02
8.780487804878047906e-03,3.333333333333333981e-03,4.847533632286994687e-03,1.277904102817598031e-02
8.780487804878047906e-03,3.333333333333333981e-03,4.847533632286994687e-03,1.277904102817598031e-02
8.780487804878047906e-03,3.333333333333333981e-03,4.847533632286994687e-03,1.277904102817598031e-02
8.780487804878047906e-03,3.333333333333333981e-03,4.847533632286994687e-03,1.277904102817598031e-02
8.780487804878047906e-03,3.333333333333333981e-03,4.847533632286994687e-03,1.277904102817598031e-02
8.780487804878047906e-03,3.333333333333333981e-03,4.847533632286994687e-03,1.277904102817598031e-02
8.780487804878047906e-03,3.333333333333333981e-03,4.847533632286994687e-03,1.277904102817598031e-02
8.780487804878047906e-03,3.333333333333333981e-03,4.847533632286994687e-03,1.277904102817598031e-02
8.780487804878047906e-03,3.333333333333333981e-03,4.847533632286994687e-03,1.277904102817598031e-02
8.780487804878047906e-03,3.333333333333333981e-03,4.847533632286994687e-03,1.277904102817598031e-02
8.780487804878047906e-03,3.333333333333333981e-03,4.847533632286994687e-03,1.277904102817598031e-02
8.780487804878047906e-03,3.333333333333333981e-03,4.847533632286994687e-03,1.277904102817598031e-02
8.780487804878047906e-03,3.333333333333333981e-03,4.847533632286994687e-03,1.277904102817598031e-02
8.780487804878047906e-03,3.333333333333333981e-03,4.847533632286994687e-03,1.277904102817598031e-02
8.780487804878047906e-03,3.333333333333333981e-03,4.847533632286994687e-03,1.277904102817598031e-02
8.780487804878047906e-03,3.333333333333333981e-03,4.847533632286994687e-03,1.277904102817598031e-02
8.780487804878047906e-03,3.333333333333333981e-03,4.847533632286994687e-03,1.277904102817598031e-02
8.780487804878047906e-03,3.333333333333333981e-03,4.847533632286994687e-03,1.277904102817598031e-02
8.780487804878047906e-03,3.333333333333333981e-03,4.847533632286994687e-03,1.277904102817598031e-02
8.780487804878047906e-03,3.333333333333333981e-03,4.847533632286994687e-03,1.277904102817598031e-02
8.780487804878047906e-03,3.333333333333333981e-03,4.847533632286994687e-03,1.277904102817598031e-02
8.780487804878047906e-03,3.333333333333333981e-03,4.847533632286994687e-03,1.277904102817598031e-02
8.780487804878047906e-03,3.333333333333333981e-03,4.847533632286994687e-03,1.277904102817598031e-02
8.780487804878047906e-03,3.333333333333333981e-03,4.847533632286994687e-03,1.277904102817598031e-02
8.780487804878047906e-03,3.333333333333333981e-03,4.847533632286994687e-03,1.277904102817598031e-02
8.780487804878047906e-03,3.333333333333333981e-03,4.847533632286994687e-03,1.277904102817598031e-02
8.780487804878047906e-03,3.333333333333333981e-03,4.847533632286994687e-03,1.277904102817598031e-02
8.780487804878047906e-03,3.333333333333333981e-03,4.847533632286994687e-03,1.277904102817598031e-02
8.780487804878047906e-03,3.333333333333333981e-03,4.847533632286994687e-03,1.277904102817598031e-02
8.780487804878047906e-03,3.333333333333333981e-03,4.847533632286994687e-03,1.277904102817598031e-02
8.780487804878047906e-03,3.333333333333333981e-03,4.847533632286994687e-03,1.277904102817598031e-02
8.780487804878047906e-03,3.333333333333333981e-03,4.847533632286994687e-03,1.277904102817598031e-02
8.780487804878047906e-03,3.333333333333333981e-03,4.847533632286994687e-03,1.277904102817598031e-02
8.780487804878047906e-03,3.333333333333333981e-03,4.847533632286994687e-03,1.277904102817598031e-02
8.780487804878047906e-03,3.333333333333333981e-03,4.847533632286994687e-03,1.277904102817598031e-02
8.780487804878047906e-03,3.333333333333333981e-03,4.847533632286994687e-03,1.277904102817598031e-02
8.780487804878047906e-03,3.333333333333333981e-03,4.847533632286994687e-03,1.277904102817598031e-02
8.780487804878047906e-03,3.333333333333333981e-03,4.847533632286994687e-03,1.277904102817598031e-02
8.780487804878047906e-03,3.333333333333333981e-03,4.847533632286994687e-03,1.277904102817598031e-02
8.780487804878047906e-03,3.333333333333333981e-03,4.847533632286994687e-03,1.277904102817598031e-02
8.780487804878047906e-03,3.333333333333333981e-03,4.847533632286994687e-03,1.277904102817598031e-02
8.780487804878047906e-03,3.333333333333333981e-03,4.847533632286994687e-03,1.277904102817598031e-02
8.780487804878047906e-03,3.333333333333333981e-03,4.847533632286994687e-03,1.277904102817598031e-02
8.780487804878047906e-03,3.333333333333333981e-03,4.847533632286994687e-03,1.277904102817598031e-02
8.780487804878047906e-03,3.333333333333333981e-03,4.847533632286994687e-03,1.277904102817598031e-02
8.780487804878047906e-03,3.333333333333333981e-03,4.847533632286994687e-03,1.277904102817598031e-02
8.780487804878047906e-03,3.333333333333333981e-03,4.847533632286994687e-03,1.277904102817598031e-02
8.780487804878047906e-03,3.333333333333333981e-03,4.847533632286994687e-03,1.277904102817598031e-02
8.780487804878047906e-03,3.333333333333333981e-03,4.847533632286994687e-03,1.277904102817598031e-02
8.780487804878047906e-03,3.333333333333333981e-03,4.847533632286994687e-03,1.277904102817598031e-02
8.780487804878047906e-03,3.333333333333333981e-03,4.847533632286994687e-03,1.277904102817598031e-02
8.780487804878047906e-03,3.333333333333333981e-03,4.847533632286994687e-03,1.277904102817598031e-02
8.780487804878047906e-03,3.333333333333333981e-03,4.847533632286994687e-03,1.277904102817598031e-02
8.780487804878047906e-03,3.333333333333333981e-03,4.847533632286994687e-03,1.277904102817598031e-02
8.780487804878047906e-03,3.333333333333333981e-03,4.847533632286994687e-03,1.277904102817598031e-02
8.780487804878047906e-03,3.333333333333333981e-03,4.847533632286994687e-03,1.277904102817598031e-02
8.780487804878047906e-03,3.333333333333333981e-03,4.847533632286994687e-03,1.277904102817598031e-02
8.780487804878047906e-03,3.333333333333333981e-03,4.847533632286994687e-03,1.277904102817598031e-02
8.780487804878047906e-03,3.333333333333333981e-03,4.847533632286994687e-03,1.277904102817598031e-02
8.780487804878047906e-03,3.333333333333333981e-03,4.847533632286994687e-03,1.277904102817598031e-02
8.780487804878047906e-03,3.333333333333333981e-03,4.847533632286994687e-03,1.277904102817598031e-02
8.780487804878047906e-03,3.333333333333333981e-03,4.847533632286994687e-03,1.277904102817598031e-02
8.780487804878047906e-03,3.333333333333333981e-03,4.847533632286994687e-03,1.277904102817598031e-02
8.780487804878047906e-03,3.333333333333333981e-03,4.847533632286994687e-03,1.277904102817598031e-02
8.780487804878047906e-03,3.333333333333333981e-03,4.847533632286994687e-03,1.277904102817598031e-02
8.780487804878047906e-03,3.333333333333333981e-03,4.847533632286994687e-03,1.277904102817598031e-02
8.780487804878047906e-03,3.333333333333333981e-03,4.847533632286994687e-03,1.277904102817598031e-02
8.780487804878047906e-03,3.333333333333333981e-03,4.847533632286994687e-03,1.277904102817598031e-02
8.780487804878047906e-03,3.333333333333333981e-03,4.847533632286994687e-03,1.277904102817598031e-02
8.780487804878047906e-03,3.333333333333333981e-03,4.847533632286994687e-03,1.277904102817598031e-02
8.780487804878047906e-03,3.333333333333333981e-03,4.847533632286994687e-03,1.277904102817598031e-02
8.780487804878047906e-03,3.333333333333333981e-03,4.847533632286994687e-03,1.277904102817598031e-02
8.780487804878047906e-03,3.333333333333333981e-03,4.847533632286994687e-03,1.277904102817598031e-02
8.780487804878047906e-03,3.333333333333333981e-03,4.847533632286994687e-03,1.277904102817598031e-02
8.780487804878047906e-03,3.333333333333333981e-03,4.847533632286994687e-03,1.277904102817598031e-02
8.780487804878047906e-03,3.333333333333333981e-03,4.847533632286994687e-03,1.277904102817598031e-02
8.780487804878047906e-03,3.333333333333333981e-03,4.847533632286994687e-03,1.277904102817598031e-02
8.780487804878047906e-03,3.333333333333333981e-03,4.847533632286994687e-03,1.277904102817598031e-02
8.780487804878047906e-03,3.333333333333333981e-03,4.847533632286994687e-03,1.277904102817598031e-02
8.780487804878047906e-03,3.333333333333333981e-03,4.847533632286994687e-03,1.277904102817598031e-02
8.780487804878047906e-03,3.333333333333333981e-03,4.847533632286994687e-03,1.277904102817598031e-02
8.780487804878047906e-03,3.333333333333333981e-03,4.847533632286994687e-03,1.277904102817598031e-02
8.780487804878047906e-03,3.333333333333333981e-03,4.847533632286994687e-03,1.277904102817598031e-02
8.780487804878047906e-03,3.333333333333333981e-03,4.847533632286994687e-03,1.277904102817598031e-02
8.780487804878047906e-03,3.333333333333333981e-03,4.847533632286994687e-03,1.277904102817598031e-02
8.780487804878047906e-03,3.333333333333333981e-03,4.847533632286994687e-03,1.277904102817598031e-02
8.780487804878047906e-03,3.333333333333333981e-03,4.847533632286994687e-03,1.277904102817598031e-02
8.780487804878047906e-03,3.333333333333333981e-03,4.847533632286994687e-03,1.277904102817598031e-02
8.780487804878047906e-03,3.333333333333333981e-03,4.847533632286994687e-03,1.277904102817598031e-02
8.780487804878047906e-03,3.333333333333333981e-03,4.847533632286994687e-03,1.277904102817598031e-02
8.780487804878047906e-03,3.333333333333333981e-03,4.847533632286994687e-03,1.277904102817598031e-02
8.780487804878047906e-03,3.333333333333333981e-03,4.847533632286994687e-03,1.277904102817598031e-02
8.780487804878047906e-03,3.333333333333333981e-03,4.847533632286994687e-03,1.277904102817598031e-02
8.780487804878047906e-03,3.333333333333333981e-03,4.847533632286994687e-03,1.277904102817598031e-02
8.780487804878047906e-03,3.333333333333333981e-03,4.847533632286994687e-03,1.277904102817598031e-02
8.780487804878047906e-03,3.333333333333333981e-03,4.847533632286994687e-03,1.277904102817598031e-02
8.780487804878047906e-03,3.333333333333333981e-03,4.847533632286994687e-03,1.277904102817598031e-02
8.780487804878047906e-03,3.333333333333333981e-03,4.847533632286994687e-03,1.277904102817598031e-02
8.780487804878047906e-03,3.333333333333333981e-03,4.847533632286994687e-03,1.277904102817598031e-02
8.780487804878047906e-03,3.333333333333333981e-03,4.847533632286994687e-03,1.277904102817598031e-02
8.780487804878047906e-03,3.333333333333333981e-03,4.847533632286994687e-03,1.277904102817598031e-02
8.780487804878047906e-03,3.333333333333333981e-03,4.847533632286994687e-03,1.277904102817598031e-02
8.780487804878047906e-03,3.333333333333333981e-03,4.847533632286994687e-03,1.277904102817598031e-02
8.780487804878047906e-03,3.333333333333333981e-03,4.847533632286994687e-03,1.277904102817598031e-02
8.780487804878047906e-03,3.333333333333333981e-03,4.847533632286994687e-03,1.277904102817598031e-02
8.780487804878047906e-03,3.333333333333333981e-03,4.847533632286994687e-03,1.277904102817598031e-02
8.780487804878047906e-03,3.333333333333333981e-03,4.847533632286994687e-03,1.277904102817598031e-02
8.780487804878047906e-03,3.333333333333333981e-03,4.847533632286994687e-03,1.277904102817598031e-02
8.780487804878047906e-03,3.333333333333333981e-03,4.847533632286994687e-03,1.277904102817598031e-02
8.780487804878047906e-03,3.333333333333333981e-03,4.847533632286994687e-03,1.277904102817598031e-02
8.780487804878047906e-03,3.333333333333333981e-03,4.847533632286994687e-03,1.277904102817598031e-02
8.780487804878047906e-03,3.333333333333333981e-03,4.847533632286994687e-03,1.277904102817598031e-02
8.780487804878047906e-03,3.333333333333333981e-03,4.847533632286994687e-03,1.277904102817598031e-02
8.780487804878047906e-03,3.333333333333333981e-03,4.847533632286994687e-03,1.277904102817598031e-02
8.780487804878047906e-03,3.333333333333333981e-03,4.847533632286994687e-03,1.277904102817598031e-02
8.780487804878047906e-03,3.333333333333333981e-03,4.847533632286994687e-03,1.277904102817598031e-02
8.780487804878047906e-03,3.333333333333333981e-03,4.847533632286994687e-03,1.277904102817598031e-02
8.780487804878047906e-03,3.333333333333333981e-03,4.847533632286994687e-03,1.277904102817598031e-02
8.780487804878047906e-03,3.333333333333333981e-03,4.847533632286994687e-03,1.277904102817598031e-02
8.780487804878047906e-03,3.333333333333333981e-03,4.847533632286994687e-03,1.277904102817598031e-02
8.780487804878047906e-03,3.333333333333333981e-03,4.847533632286994687e-03,1.277904102817598031e-02
8.780487804878047906e-03,3.333333333333333981e-03,4.847533632286994687e-03,1.277904102817598031e-02
8.780487804878047906e-03,3.333333333333333981e-03,4.847533632286994687e-03,1.277904102817598031e-02
8.780487804878047906e-03,3.333333333333333981e-03,4.847533632286994687e-03,1.277904102817598031e-02
8.780487804878047906e-03,3.333333333333333981e-03,4.847533632286994687e-03,1.277904102817598031e-02
8.780487804878047906e-03,3.333333333333333981e-03,4.847533632286994687e-03,1.277904102817598031e-02
8.780487804878047906e-03,3.333333333333333981e-03,4.847533632286994687e-03,1.277904102817598031e-02
8.780487804878047906e-03,3.333333333333333981e-03,4.847533632286994687e-03,1.277904102817598031e-02
8.780487804878047906e-03,3.333333333333333981e-03,4.847533632286994687e-03,1.277904102817598031e-02
8.780487804878047906e-03,3.333333333333333981e-03,4.847533632286994687e-03,1.277904102817598031e-02
8.780487804878047906e-03,3.333333333333333981e-03,4.847533632286994687e-03,1.277904102817598031e-02
8.780487804878047906e-03,3.333333333333333981e-03,4.847533632286994687e-03,1.277904102817598031e-02
8.780487804878047906e-03,3.333333333333333981e-03,4.847533632286994687e-03,1.277904102817598031e-02
8.780487804878047906e-03,3.333333333333333981e-03,4.847533632286994687e-03,1.277904102817598031e-02
8.780487804878047906e-03,3.333333333333333981e-03,4.847533632286994687e-03,1.277904102817598031e-02
8.780487804878047906e-03,3.333333333333333981e-03,4.847533632286994687e-03,1.277904102817598031e-02
8.780487804878047906e-03,3.333333333333333981e-03,4.847533632286994687e-03,1.277904102817598031e-02
8.780487804878047906e-03,3.333333333333333981e-03,4.847533632286994687e-03,1.277904102817598031e-02
8.780487804878047906e-03,3.333333333333333981e-03,4.847533632286994687e-03,1.277904102817598031e-02
8.780487804878047906e-03,3.333333333333333981e-03,4.847533632286994687e-03,1.277904102817598031e-02
8.780487804878047906e-03,3.333333333333333981e-03,4.847533632286994687e-03,1.277904102817598031e-02
8.780487804878047906e-03,3.333333333333333981e-03,4.847533632286994687e-03,1.277904102817598031e-02
8.780487804878047906e-03,3.333333333333333981e-03,4.847533632286994687e-03,1.277904102817598031e-02
8.780487804878047906e-03,3.333333333333333981e-03,4.847533632286994687e-03,1.277904102817598031e-02
8.780487804878047906e-03,3.333333333333333981e-03,4.847533632286994687e-03,1.277904102817598031e-02
8.780487804878047906e-03,3.333333333333333981e-03,4.847533632286994687e-03,1.277904102817598031e-02
8.780487804878047906e-03,3.333333333333333981e-03,4.847533632286994687e-03,1.277904102817598031e-02
8.780487804878047906e-03,3.333333333333333981e-03,4.847533632286994687e-03,1.277904102817598031e-02
8.780487804878047906e-03,3.333333333333333981e-03,4.847533632286994687e-03,1.277904102817598031e-02
8.780487804878047906e-03,3.333333333333333981e-03,4.847533632286994687e-03,1.277904102817598031e-02
8.780487804878047906e-03,3.333333333333333981e-03,4.847533632286994687e-03,1.277904102817598031e-02
8.780487804878047906e-03,3.333333333333333981e-03,4.847533632286994687e-03,1.277904102817598031e-02
8.780487804878047906e-03,3.333333333333333981e-03,4.847533632286994687e-03,1.277904102817598031e-02
8.780487804878047906e-03,3.333333333333333981e-03,4.847533632286994687e-03,1.277904102817598031e-02
8.780487804878047906e-03,3.333333333333333981e-03,4.847533632286994687e-03,1.277904102817598031e-02
8.780487804878047906e-03,3.333333333333333981e-03,4.847533632286994687e-03,1.277904102817598031e-02
8.780487804878047906e-03,3.333333333333333981e-03,4.847533632286994687e-03,1.277904102817598031e-02
8.780487804878047906e-03,3.333333333333333981e-03,4.847533632286994687e-03,1.277904102817598031e-02
8.780487804878047906e-03,3.333333333333333981e-03,4.847533632286994687e-03,1.277904102817598031e-02
8.780487804878047906e-03,3.333333333333333981e-03,4.847533632286994687e-03,1.277904102817598031e-02
8.780487804878047906e-03,3.333333333333333981e-03,4.847533632286994687e-03,1.277904102817598031e-02
8.780487804878047906e-03,3.333333333333333981e-03,4.847533632286994687e-03,1.277904102817598031e-02
8.780487804878047906e-03,3.333333333333333981e-03,4.847533632286994687e-03,1.277904102817598031e-02
8.780487804878047906e-03,3.333333333333333981e-03,4.847533632286994687e-03,1.277904102817598031e-02
8.780487804878047906e-03,3.333333333333333981e-03,4.847533632286994687e-03,1.277904102817598031e-02
8.780487804878047906e-03,3.333333333333333981e-03,4.847533632286994687e-03,1.277904102817598031e-02
8.780487804878047906e-03,3.333333333333333981e-03,4.847533632286994687e-03,1.277904102817598031e-02
8.780487804878047906e-03,3.333333333333333981e-03,4.847533632286994687e-03,1.277904102817598031e-02
8.780487804878047906e-03,3.333333333333333981e-03,4.847533632286994687e-03,1.277904102817598031e-02
8.780487804878047906e-03,3.333333333333333981e-03,4.847533632286994687e-03,1.277904102817598031e-02
8.780487804878047906e-03,3.333333333333333981e-03,4.847533632286994687e-03,1.277904102817598031e-02
8.780487804878047906e-03,3.333333333333333981e-03,4.847533632286994687e-03,1.277904102817598031e-02
8.780487804878047906e-03,3.333333333333333981e-03,4.847533632286994687e-03,1.277904102817598031e-02
8.780487804878047906e-03,3.333333333333333981e-03,4.847533632286994687e-03,1.277904102817598031e-02
8.780487804878047906e-03,3.333333333333333981e-03,4.847533632286994687e-03,1.277904102817598031e-02
8.780487804878047906e-03,3.333333333333333981e-03,4.847533632286994687e-03,1.277904102817598031e-02
8.780487804878047906e-03,3.333333333333333981e-03,4.847533632286994687e-03,1.277904102817598031e-02
8.780487804878047906e-03,3.333333333333333981e-03,4.847533632286994687e-03,1.277904102817598031e-02
8.780487804878047906e-03,3.333333333333333981e-03,4.847533632286994687e-03,1.277904102817598031e-02
8.780487804878047906e-03,3.333333333333333981e-03,4.847533632286994687e-03,1.277904102817598031e-02
8.780487804878047906e-03,3.333333333333333981e-03,4.847533632286994687e-03,1.277904102817598031e-02
8.780487804878047906e-03,3.333333333333333981e-03,4.847533632286994687e-03,1.277904102817598031e-02
8.780487804878047906e-03,3.333333333333333981e-03,4.847533632286994687e-03,1.277904102817598031e-02
8.780487804878047906e-03,3.333333333333333981e-03,4.847533632286994687e-03,1.277904102817598031e-02
8.780487804878047906e-03,3.333333333333333981e-03,4.847533632286994687e-03,1.277904102817598031e-02
8.780487804878047906e-03,3.333333333333333981e-03,4.847533632286994687e-03,1.277904102817598031e-02
8.780487804878047906e-03,3.333333333333333981e-03,4.847533632286994687e-03,1.277904102817598031e-02
8.780487804878047906e-03,3.333333333333333981e-03,4.847533632286994687e-03,1.277904102817598031e-02
8.780487804878047906e-03,3.333333333333333981e-03,4.847533632286994687e-03,1.277904102817598031e-02
8.780487804878047906e-03,3.333333333333333981e-03,4.847533632286994687e-03,1.277904102817598031e-02
8.780487804878047906e-03,3.333333333333333981e-03,4.847533632286994687e-03,1.277904102817598031e-02
8.780487804878047906e-03,3.333333333333333981e-03,4.847533632286994687e-03,1.277904102817598031e-02
8.780487804878047906e-03,3.333333333333333981e-03,4.847533632286994687e-03,1.277904102817598031e-02
8.780487804878047906e-03,3.333333333333333981e-03,4.847533632286994687e-03,1.277904102817598031e-02
8.780487804878047906e-03,3.333333333333333981e-03,4.847533632286994687e-03,1.277904102817598031e-02
8.780487804878047906e-03,3.333333333333333981e-03,4.847533632286994687e-03,1.277904102817598031e-02
8.780487804878047906e-03,3.333333333333333981e-03,4.847533632286994687e-03,1.277904102817598031e-02
8.780487804878047906e-03,3.333333333333333981e-03,4.847533632286994687e-03,1.277904102817598031e-02
8.780487804878047906e-03,3.333333333333333981e-03,4.847533632286994687e-03,1.277904102817598031e-02
8.780487804878047906e-03,3.333333333333333981e-03,4.847533632286994687e-03,1.277904102817598031e-02
8.780487804878047906e-03,3.333333333333333981e-03,4.847533632286994687e-03,1.277904102817598031e-02
8.780487804878047906e-03,3.333333333333333981e-03,4.847533632286994687e-03,1.277904102817598031e-02
8.780487804878047906e-03,3.333333333333333981e-03,4.847533632286994687e-03,1.277904102817598031e-02
8.780487804878047906e-03,3.333333333333333981e-03,4.847533632286994687e-03,1.277904102817598031e-02
8.780487804878047906e-03,3.333333333333333981e-03,4.847533632286994687e-03,1.277904102817598031e-02
8.780487804878047906e-03,3.333333333333333981e-03,4.847533632286994687e-03,1.277904102817598031e-02
8.780487804878047906e-03,3.333333333333333981e-03,4.847533632286994687e-03,1.277904102817598031e-02
8.780487804878047906e-03,3.333333333333333981e-03,4.847533632286994687e-03,1.277904102817598031e-02
8.780487804878047906e-03,3.333333333333333981e-03,4.847533632286994687e-03,1.277904102817598031e-02
8.780487804878047906e-03,3.333333333333333981e-03,4.847533632286994687e-03,1.277904102817598031e-02
8.780487804878047906e-03,3.333333333333333981e-03,4.847533632286994687e-03,1.277904102817598031e-02
8.780487804878047906e-03,3.333333333333333981e-03,4.847533632286994687e-03,1.277904102817598031e-02
8.780487804878047906e-03,3.333333333333333981e-03,4.847533632286994687e-03,1.277904102817598031e-02
8.780487804878047906e-03,3.333333333333333981e-03,4.847533632286994687e-03,1.277904102817598031e-02
8.780487804878047906e-03,3.333333333333333981e-03,4.847533632286994687e-03,1.277904102817598031e-02
8.780487804878047906e-03,3.333333333333333981e-03,4.847533632286994687e-03,1.277904102817598031e-02
8.780487804878047906e-03,3.333333333333333981e-03,4.847533632286994687e-03,1.277904102817598031e-02
8.780487804878047906e-03,3.333333333333333981e-03,4.847533632286994687e-03,1.277904102817598031e-02
8.780487804878047906e-03,3.333333333333333981e-03,4.847533632286994687e-03,1.277904102817598031e-02
8.780487804878047906e-03,3.333333333333333981e-03,4.847533632286994687e-03,1.277904102817598031e-02
8.780487804878047906e-03,3.333333333333333981e-03,4.847533632286994687e-03,1.277904102817598031e-02
8.780487804878047906e-03,3.333333333333333981e-03,4.847533632286994687e-03,1.277904102817598031e-02
8.780487804878047906e-03,3.333333333333333981e-03,4.847533632286994687e-03,1.277904102817598031e-02
8.780487804878047906e-03,3.333333333333333981e-03,4.847533632286994687e-03,1.277904102817598031e-02
8.780487804878047906e-03,3.333333333333333981e-03,4.847533632286994687e-03,1.277904102817598031e-02
8.780487804878047906e-03,3.333333333333333981e-03,4.847533632286994687e-03,1.277904102817598031e-02
8.780487804878047906e-03,3.333333333333333981e-03,4.847533632286994687e-03,1.277904102817598031e-02
8.780487804878047906e-03,3.333333333333333981e-03,4.847533632286994687e-03,1.277904102817598031e-02
8.780487804878047906e-03,3.333333333333333981e-03,4.847533632286994687e-03,1.277904102817598031e-02
8.780487804878047906e-03,3.333333333333333981e-03,4.847533632286994687e-03,1.277904102817598031e-02
8.780487804878047906e-03,3.333333333333333981e-03,4.847533632286994687e-03,1.277904102817598031e-02
8.780487804878047906e-03,3.333333333333333981e-03,4.847533632286994687e-03,1.277904102817598031e-02
8.780487804878047906e-03,3.333333333333333981e-03,4.847533632286994687e-03,1.277904102817598031e-02
8.780487804878047906e-03,3.333333333333333981e-03,4.847533632286994687e-03,1.277904102817598031e-02
8.780487804878047906e-03,3.333333333333333981e-03,4.847533632286994687e-03,1.277904102817598031e-02
8.780487804878047906e-03,3.333333333333333981e-03,4.847533632286994687e-03,1.277904102817598031e-02
8.780487804878047906e-03,3.333333333333333981e-03,4.847533632286994687e-03,1.277904102817598031e-02
8.780487804878047906e-03,3.333333333333333981e-03,4.847533632286994687e-03,1.277904102817598031e-02
8.780487804878047906e-03,3.333333333333333981e-03,4.847533632286994687e-03,1.277904102817598031e-02
8.780487804878047906e-03,3.333333333333333981e-03,4.847533632286994687e-03,1.277904102817598031e-02
8.780487804878047906e-03,3.333333333333333981e-03,4.847533632286994687e-03,1.277904102817598031e-02
8.780487804878047906e-03,3.333333333333333981e-03,4.847533632286994687e-03,1.277904102817598031e-02
8.780487804878047906e-03,3.333333333333333981e-03,4.847533632286994687e-03,1.277904102817598031e-02
8.780487804878047906e-03,3.333333333333333981e-03,4.847533632286994687e-03,1.277904102817598031e-02
8.780487804878047906e-03,3.333333333333333981e-03,4.847533632286994687e-03,1.277904102817598031e-02
8.780487804878047906e-03,3.333333333333333981e-03,4.847533632286994687e-03,1.277904102817598031e-02
8.780487804878047906e-03,3.333333333333333981e-03,4.847533632286994687e-03,1.277904102817598031e-02
8.780487804878047906e-03,3.333333333333333981e-03,4.847533632286994687e-03,1.277904102817598031e-02
8.780487804878047906e-03,3.333333333333333981e-03,4.847533632286994687e-03,1.277904102817598031e-02
8.780487804878047906e-03,3.333333333333333981e-03,4.847533632286994687e-03,1.277904102817598031e-02
8.780487804878047906e-03,3.333333333333333981e-03,4.847533632286994687e-03,1.277904102817598031e-02
8.780487804878047906e-03,3.333333333333333981e-03,4.847533632286994687e-03,1.277904102817598031e-02
8.780487804878047906e-03,3.333333333333333981e-03,4.847533632286994687e-03,1.277904102817598031e-02
8.780487804878047906e-03,3.333333333333333981e-03,4.847533632286994687e-03,1.277904102817598031e-02
8.780487804878047906e-03,3.333333333333333981e-03,4.847533632286994687e-03,1.277904102817598031e-02
8.780487804878047906e-03,3.333333333333333981e-03,4.847533632286994687e-03,1.277904102817598031e-02
8.780487804878047906e-03,3.333333333333333981e-03,4.847533632286994687e-03,1.277904102817598031e-02
8.780487804878047906e-03,3.333333333333333981e-03,4.847533632286994687e-03,1.277904102817598031e-02
8.780487804878047906e-03,3.333333333333333981e-03,4.847533632286994687e-03,1.277904102817598031e-02
8.780487804878047906e-03,3.333333333333333981e-03,4.847533632286994687e-03,1.277904102817598031e-02
8.780487804878047906e-03,3.333333333333333981e-03,4.847533632286994687e-03,1.277904102817598031e-02
8.780487804878047906e-03,3.333333333333333981e-03,4.847533632286994687e-03,1.277904102817598031e-02
8.780487804878047906e-03,3.333333333333333981e-03,4.847533632286994687e-03,1.277904102817598031e-02
8.780487804878047906e-03,3.333333333333333981e-03,4.847533632286994687e-03,1.277904102817598031e-02
8.780487804878047906e-03,3.333333333333333981e-03,4.847533632286994687e-03,1.277904102817598031e-02
8.780487804878047906e-03,3.333333333333333981e-03,4.847533632286994687e-03,1.277904102817598031e-02
8.780487804878047906e-03,3.333333333333333981e-03,4.847533632286994687e-03,1.277904102817598031e-02
8.780487804878047906e-03,3.333333333333333981e-03,4.847533632286994687e-03,1.277904102817598031e-02
8.780487804878047906e-03,3.333333333333333981e-03,4.847533632286994687e-03,1.277904102817598031e-02
8.780487804878047906e-03,3.333333333333333981e-03,4.847533632286994687e-03,1.277904102817598031e-02
8.780487804878047906e-03,3.333333333333333981e-03,4.847533632286994687e-03,1.277904102817598031e-02
8.780487804878047906e-03,3.333333333333333981e-03,4.847533632286994687e-03,1.277904102817598031e-02
8.780487804878047906e-03,3.333333333333333981e-03,4.847533632286994687e-03,1.277904102817598031e-02
8.780487804878047906e-03,3.333333333333333981e-03,4.847533632286994687e-03,1.277904102817598031e-02
8.780487804878047906e-03,3.333333333333333981e-03,4.847533632286994687e-03,1.277904102817598031e-02
8.780487804878047906e-03,3.333333333333333981e-03,4.847533632286994687e-03,1.277904102817598031e-02
8.780487804878047906e-03,3.333333333333333981e-03,4.847533632286994687e-03,1.277904102817598031e-02
8.780487804878047906e-03,3.333333333333333981e-03,4.847533632286994687e-03,1.277904102817598031e-02
8.780487804878047906e-03,3.333333333333333981e-03,4.847533632286994687e-03,1.277904102817598031e-02
8.780487804878047906e-03,3.333333333333333981e-03,4.847533632286994687e-03,1.277904102817598031e-02
8.780487804878047906e-03,3.333333333333333981e-03,4.847533632286994687e-03,1.277904102817598031e-02
8.780487804878047906e-03,3.333333333333333981e-03,4.847533632286994687e-03,1.277904102817598031e-02
8.780487804878047906e-03,3.333333333333333981e-03,4.847533632286994687e-03,1.277904102817598031e-02
8.780487804878047906e-03,3.333333333333333981e-03,4.847533632286994687e-03,1.277904102817598031e-02
8.780487804878047906e-03,3.333333333333333981e-03,4.847533632286994687e-03,1.277904102817598031e-02
8.780487804878047906e-03,3.333333333333333981e-03,4.847533632286994687e-03,1.277904102817598031e-02
8.780487804878047906e-03,3.333333333333333981e-03,4.847533632286994687e-03,1.277904102817598031e-02
8.780487804878047906e-03,3.333333333333333981e-03,4.847533632286994687e-03,1.277904102817598031e-02
8.780487804878047906e-03,3.333333333333333981e-03,4.847533632286994687e-03,1.277904102817598031e-02
8.780487804878047906e-03,3.333333333333333981e-03,4.847533632286994687e-03,1.277904102817598031e-02
8.780487804878047906e-03,3.333333333333333981e-03,4.847533632286994687e-03,1.277904102817598031e-02
8.780487804878047906e-03,3.333333333333333981e-03,4.847533632286994687e-03,1.277904102817598031e-02
8.780487804878047906e-03,3.333333333333333981e-03,4.847533632286994687e-03,1.277904102817598031e-02
8.780487804878047906e-03,3.333333333333333981e-03,4.847533632286994687e-03,1.277904102817598031e-02
8.780487804878047906e-03,3.333333333333333981e-03,4.847533632286994687e-03,1.277904102817598031e-02
8.780487804878047906e-03,3.333333333333333981e-03,4.847533632286994687e-03,1.277904102817598031e-02
8.780487804878047906e-03,3.333333333333333981e-03,4.847533632286994687e-03,1.277904102817598031e-02
8.780487804878047906e-03,3.333333333333333981e-03,4.847533632286994687e-03,1.277904102817598031e-02
8.780487804878047906e-03,3.333333333333333981e-03,4.847533632286994687e-03,1.277904102817598031e-02
8.780487804878047906e-03,3.333333333333333981e-03,4.847533632286994687e-03,1.277904102817598031e-02
8.780487804878047906e-03,3.333333333333333981e-03,4.847533632286994687e-03,1.277904102817598031e-02
8.780487804878047906e-03,3.333333333333333981e-03,4.847533632286994687e-03,1.277904102817598031e-02
8.780487804878047906e-03,3.333333333333333981e-03,4.847533632286994687e-03,1.277904102817598031e-02
8.780487804878047906e-03,3.333333333333333981e-03,4.847533632286994687e-03,1.277904102817598031e-02
8.780487804878047906e-03,3.333333333333333981e-03,4.847533632286994687e-03,1.277904102817598031e-02
8.780487804878047906e-03,3.333333333333333981e-03,4.847533632286994687e-03,1.277904102817598031e-02
8.780487804878047906e-03,3.333333333333333981e-03,4.847533632286994687e-03,1.277904102817598031e-02
8.780487804878047906e-03,3.333333333333333981e-03,4.847533632286994687e-03,1.277904102817598031e-02
8.780487804878047906e-03,3.333333333333333981e-03,4.847533632286994687e-03,1.277904102817598031e-02
8.780487804878047906e-03,3.333333333333333981e-03,4.847533632286994687e-03,1.277904102817598031e-02
8.780487804878047906e-03,3.333333333333333981e-03,4.847533632286994687e-03,1.277904102817598031e-02
8.780487804878047906e-03,3.333333333333333981e-03,4.847533632286994687e-03,1.277904102817598031e-02
8.780487804878047906e-03,3.333333333333333981e-03,4.847533632286994687e-03,1.277904102817598031e-02
8.780487804878047906e-03,3.333333333333333981e-03,4.847533632286994687e-03,1.277904102817598031e-02
8.780487804878047906e-03,3.333333333333333981e-03,4.847533632286994687e-03,1.277904102817598031e-02
8.780487804878047906e-03,3.333333333333333981e-03,4.847533632286994687e-03,1.277904102817598031e-02
8.780487804878047906e-03,3.333333333333333981e-03,4.847533632286994687e-03,1.277904102817598031e-02
8.780487804878047906e-03,3.333333333333333981e-03,4.847533632286994687e-03,1.277904102817598031e-02
8.780487804878047906e-03,3.333333333333333981e-03,4.847533632286994687e-03,1.277904102817598031e-02
8.780487804878047906e-03,3.333333333333333981e-03,4.847533632286994687e-03,1.277904102817598031e-02
8.780487804878047906e-03,3.333333333333333981e-03,4.847533632286994687e-03,1.277904102817598031e-02
8.780487804878047906e-03,3.333333333333333981e-03,4.847533632286994687e-03,1.277904102817598031e-02
8.780487804878047906e-03,3.333333333333333981e-03,4.847533632286994687e-03,1.277904102817598031e-02
8.780487804878047906e-03,3.333333333333333981e-03,4.847533632286994687e-03,1.277904102817598031e-02
8.780487804878047906e-03,3.333333333333333981e-03,4.847533632286994687e-03,1.277904102817598031e-02
8.780487804878047906e-03,3.333333333333333981e-03,4.847533632286994687e-03,1.277904102817598031e-02
8.780487804878047906e-03,3.333333333333333981e-03,4.847533632286994687e-03,1.277904102817598031e-02
8.780487804878047906e-03,3.333333333333333981e-03,4.847533632286994687e-03,1.277904102817598031e-02
8.780487804878047906e-03,3.333333333333333981e-03,4.847533632286994687e-03,1.277904102817598031e-02
8.780487804878047906e-03,3.333333333333333981e-03,4.847533632286994687e-03,1.277904102817598031e-02
8.780487804878047906e-03,3.333333333333333981e-03,4.847533632286994687e-03,1.277904102817598031e-02
8.780487804878047906e-03,3.333333333333333981e-03,4.847533632286994687e-03,1.277904102817598031e-02
8.780487804878047906e-03,3.333333333333333981e-03,4.847533632286994687e-03,1.277904102817598031e-02
8.780487804878047906e-03,3.333333333333333981e-03,4.847533632286994687e-03,1.277904102817598031e-02
8.780487804878047906e-03,3.333333333333333981e-03,4.847533632286994687e-03,1.277904102817598031e-02
8.780487804878047906e-03,3.333333333333333981e-03,4.847533632286994687e-03,1.277904102817598031e-02
8.780487804878047906e-03,3.333333333333333981e-03,4.847533632286994687e-03,1.277904102817598031e-02
8.780487804878047906e-03,3.333333333333333981e-03,4.847533632286994687e-03,1.277904102817598031e-02
8.780487804878047906e-03,3.333333333333333981e-03,4.847533632286994687e-03,1.277904102817598031e-02
8.780487804878047906e-03,3.333333333333333981e-03,4.847533632286994687e-03,1.277904102817598031e-02
8.780487804878047906e-03,3.333333333333333981e-03,4.847533632286994687e-03,1.277904102817598031e-02
8.780487804878047906e-03,3.333333333333333981e-03,4.847533632286994687e-03,1.277904102817598031e-02
8.780487804878047906e-03,3.333333333333333981e-03,4.847533632286994687e-03,1.277904102817598031e-02
8.780487804878047906e-03,3.333333333333333981e-03,4.847533632286994687e-03,1.277904102817598031e-02
8.780487804878047906e-03,3.333333333333333981e-03,4.847533632286994687e-03,1.277904102817598031e-02
8.780487804878047906e-03,3.333333333333333981e-03,4.847533632286994687e-03,1.277904102817598031e-02
8.780487804878047906e-03,3.333333333333333981e-03,4.847533632286994687e-03,1.277904102817598031e-02
8.780487804878047906e-03,3.333333333333333981e-03,4.847533632286994687e-03,1.277904102817598031e-02
8.780487804878047906e-03,3.333333333333333981e-03,4.847533632286994687e-03,1.277904102817598031e-02
8.780487804878047906e-03,3.333333333333333981e-03,4.847533632286994687e-03,1.277904102817598031e-02
8.780487804878047906e-03,3.333333333333333981e-03,4.847533632286994687e-03,1.277904102817598031e-02
8.780487804878047906e-03,3.333333333333333981e-03,4.847533632286994687e-03,1.277904102817598031e-02
8.780487804878047906e-03,3.333333333333333981e-03,4.847533632286994687e-03,1.277904102817598031e-02
8.780487804878047906e-03,3.333333333333333981e-03,4.847533632286994687e-03,1.277904102817598031e-02
8.780487804878047906e-03,3.333333333333333981e-03,4.847533632286994687e-03,1.277904102817598031e-02
8.780487804878047906e-03,3.333333333333333981e-03,4.847533632286994687e-03,1.277904102817598031e-02
8.780487804878047906e-03,3.333333333333333981e-03,4.847533632286994687e-03,1.277904102817598031e-02
8.780487804878047906e-03,3.333333333333333981e-03,4.847533632286994687e-03,1.277904102817598031e-02
8.780487804878047906e-03,3.333333333333333981e-03,4.847533632286994687e-03,1.277904102817598031e-02
8.780487804878047906e-03,3.333333333333333981e-03,4.847533632286994687e-03,1.277904102817598031e-02
8.780487804878047906e-03,3.333333333333333981e-03,4.847533632286994687e-03,1.277904102817598031e-02
8.780487804878047906e-03,3.333333333333333981e-03,4.847533632286994687e-03,1.277904102817598031e-02
8.780487804878047906e-03,3.333333333333333981e-03,4.847533632286994687e-03,1.277904102817598031e-02
8.780487804878047906e-03,3.333333333333333981e-03,4.847533632286994687e-03,1.277904102817598031e-02
8.780487804878047906e-03,3.333333333333333981e-03,4.847533632286994687e-03,1.277904102817598031e-02
8.780487804878047906e-03,3.333333333333333981e-03,4.847533632286994687e-03,1.277904102817598031e-02
8.780487804878047906e-03,3.333333333333333981e-03,4.847533632286994687e-03,1.277904102817598031e-02
8.780487804878047906e-03,3.333333333333333981e-03,4.847533632286994687e-03,1.277904102817598031e-02
8.780487804878047906e-03,3.333333333333333981e-03,4.847533632286994687e-03,1.277904102817598031e-02
8.780487804878047906e-03,3.333333333333333981e-03,4.847533632286994687e-03,1.277904102817598031e-02
8.780487804878047906e-03,3.333333333333333981e-03,4.847533632286994687e-03,1.277904102817598031e-02
8.780487804878047906e-03,3.333333333333333981e-03,4.847533632286994687e-03,1.277904102817598031e-02
8.780487804878047906e-03,3.333333333333333981e-03,4.847533632286994687e-03,1.277904102817598031e-02
8.780487804878047906e-03,3.333333333333333981e-03,4.847533632286994687e-03,1.277904102817598031e-02
8.780487804878047906e-03,3.333333333333333981e-03,4.847533632286994687e-03,1.277904102817598031e-02
8.780487804878047906e-03,3.333333333333333981e-03,4.847533632286994687e-03,1.277904102817598031e-02
8.780487804878047906e-03,3.333333333333333981e-03,4.847533632286994687e-03,1.277904102817598031e-02
8.780487804878047906e-03,3.333333333333333981e-03,4.847533632286994687e-03,1.277904102817598031e-02
8.780487804878047906e-03,3.333333333333333981e-03,4.847533632286994687e-03,1.277904102817598031e-02
8.780487804878047906e-03,3.333333333333333981e-03,4.847533632286994687e-03,1.277904102817598031e-02
8.780487804878047906e-03,3.333333333333333981e-03,4.847533632286994687e-03,1.277904102817598031e-02
8.780487804878047906e-03,3.333333333333333981e-03,4.847533632286994687e-03,1.277904102817598031e-02
8.780487804878047906e-03,3.333333333333333981e-03,4.847533632286994687e-03,1.277904102817598031e-02
8.780487804878047906e-03,3.333333333333333981e-03,4.847533632286994687e-03,1.277904102817598031e-02
8.780487804878047906e-03,3.333333333333333981e-03,4.847533632286994687e-03,1.277904102817598031e-02
8.780487804878047906e-03,3.333333333333333981e-03,4.847533632286994687e-03,1.277904102817598031e-02
8.780487804878047906e-03,3.333333333333333981e-03,4.847533632286994687e-03,1.277904102817598031e-02
8.780487804878047906e-03,3.333333333333333981e-03,4.847533632286994687e-03,1.277904102817598031e-02
8.780487804878047906e-03,3.333333333333333981e-03,4.847533632286994687e-03,1.277904102817598031e-02
8.780487804878047906e-03,3.333333333333333981e-03,4.847533632286994687e-03,1.277904102817598031e-02
8.780487804878047906e-03,3.333333333333333981e-03,4.847533632286994687e-03,1.277904102817598031e-02
8.780487804878047906e-03,3.333333333333333981e-03,4.847533632286994687e-03,1.277904102817598031e-02
8.780487804878047906e-03,3.333333333333333981e-03,4.847533632286994687e-03,1.277904102817598031e-02
8.780487804878047906e-03,3.333333333333333981e-03,4.847533632286994687e-03,1.277904102817598031e-02
8.780487804878047906e-03,3.333333333333333981e-03,4.847533632286994687e-03,1.277904102817598031e-02
8.780487804878047906e-03,3.333333333333333981e-03,4.847533632286994687e-03,1.277904102817598031e-02
8.780487804878047906e-03,3.333333333333333981e-03,4.847533632286994687e-03,1.277904102817598031e-02
8.780487804878047906e-03,3.333333333333333981e-03,4.847533632286994687e-03,1.277904102817598031e-02
8.780487804878047906e-03,3.333333333333333981e-03,4.847533632286994687e-03,1.277904102817598031e-02
8.780487804878047906e-03,3.333333333333333981e-03,4.847533632286994687e-03,1.277904102817598031e-02
8.780487804878047906e-03,3.333333333333333981e-03,4.847533632286994687e-03,1.277904102817598031e-02
8.780487804878047906e-03,3.333333333333333981e-03,4.847533632286994687e-03,1.277904102817598031e-02
8.780487804878047906e-03,3.333333333333333981e-03,4.847533632286994687e-03,1.277904102817598031e-02
8.780487804878047906e-03,3.333333333333333981e-03,4.847533632286994687e-03,1.277904102817598031e-02
8.780487804878047906e-03,3.333333333333333981e-03,4.847533632286994687e-03,1.277904102817598031e-02
8.780487804878047906e-03,3.333333333333333981e-03,4.847533632286994687e-03,1.277904102817598031e-02
8.780487804878047906e-03,3.333333333333333981e-03,4.847533632286994687e-03,1.277904102817598031e-02
8.780487804878047906e-03,3.333333333333333981e-03,4.847533632286994687e-03,1.277904102817598031e-02
8.780487804878047906e-03,3.333333333333333981e-03,4.847533632286994687e-03,1.277904102817598031e-02
8.780487804878047906e-03,3.333333333333333981e-03,4.847533632286994687e-03,1.277904102817598031e-02
8.780487804878047906e-03,3.333333333333333981e-03,4.847533632286994687e-03,1.277904102817598031e-02
8.780487804878047906e-03,3.333333333333333981e-03,4.847533632286994687e-03,1.277904102817598031e-02
8.780487804878047906e-03,3.333333333333333981e-03,4.847533632286994687e-03,1.277904102817598031e-02
8.780487804878047906e-03,3.333333333333333981e-03,4.847533632286994687e-03,1.277904102817598031e-02
8.780487804878047906e-03,3.333333333333333981e-03,4.847533632286994687e-03,1.277904102817598031e-02
8.780487804878047906e-03,3.333333333333333981e-03,4.847533632286994687e-03,1.277904102817598031e-02
8.780487804878047906e-03,3.333333333333333981e-03,4.847533632286994687e-03,1.277904102817598031e-02
8.780487804878047906e-03,3.333333333333333981e-03,4.847533632286994687e-03,1.277904102817598031e-02
8.780487804878047906e-03,3.333333333333333981e-03,4.847533632286994687e-03,1.277904102817598031e-02
8.780487804878047906e-03,3.333333333333333981e-03,4.847533632286994687e-03,1.277904102817598031e-02
8.780487804878047906e-03,3.333333333333333981e-03,4.847533632286994687e-03,1.277904102817598031e-02
8.780487804878047906e-03,3.333333333333333981e-03,4.847533632286994687e-03,1.277904102817598031e-02
8.780487804878047906e-03,3.333333333333333981e-03,4.847533632286994687e-03,1.277904102817598031e-02
8.780487804878047906e-03,3.333333333333333981e-03,4.847533632286994687e-03,1.277904102817598031e-02
8.780487804878047906e-03,3.333333333333333981e-03,4.847533632286994687e-03,1.277904102817598031e-02
8.780487804878047906e-03,3.333333333333333981e-03,4.847533632286994687e-03,1.277904102817598031e-02
8.780487804878047906e-03,3.333333333333333981e-03,4.847533632286994687e-03,1.277904102817598031e-02
8.780487804878047906e-03,3.333333333333333981e-03,4.847533632286994687e-03,1.277904102817598031e-02
8.780487804878047906e-03,3.333333333333333981e-03,4.847533632286994687e-03,1.277904102817598031e-02
8.780487804878047906e-03,3.333333333333333981e-03,4.847533632286994687e-03,1.277904102817598031e-02
8.780487804878047906e-03,3.333333333333333981e-03,4.847533632286994687e-03,1.277904102817598031e-02
8.780487804878047906e-03,3.333333333333333981e-03,4.847533632286994687e-03,1.277904102817598031e-02
8.780487804878047906e-03,3.333333333333333981e-03,4.847533632286994687e-03,1.277904102817598031e-02
8.780487804878047906e-03,3.333333333333333981e-03,4.847533632286994687e-03,1.277904102817598031e-02
8.780487804878047906e-03,3.333333333333333981e-03,4.847533632286994687e-03,1.277904102817598031e-02
8.780487804878047906e-03,3.333333333333333981e-03,4.847533632286994687e-03,1.277904102817598031e-02
8.780487804878047906e-03,3.333333333333333981e-03,4.847533632286994687e-03,1.277904102817598031e-02
8.780487804878047906e-03,3.333333333333333981e-03,4.847533632286994687e-03,1.277904102817598031e-02
8.780487804878047906e-03,3.333333333333333981e-03,4.847533632286994687e-03,1.277904102817598031e-02
8.780487804878047906e-03,3.333333333333333981e-03,4.847533632286994687e-03,1.277904102817598031e-02
8.780487804878047906e-03,3.333333333333333981e-03,4.847533632286994687e-03,1.277904102817598031e-02
8.780487804878047906e-03,3.333333333333333981e-03,4.847533632286994687e-03,1.277904102817598031e-02
8.780487804878047906e-03,3.333333333333333981e-03,4.847533632286994687e-03,1.277904102817598031e-02
8.780487804878047906e-03,3.333333333333333981e-03,4.847533632286994687e-03,1.277904102817598031e-02
8.780487804878047906e-03,3.333333333333333981e-03,4.847533632286994687e-03,1.277904102817598031e-02
8.780487804878047906e-03,3.333333333333333981e-03,4.847533632286994687e-03,1.277904102817598031e-02
8.780487804878047906e-03,3.333333333333333981e-03,4.847533632286994687e-03,1.277904102817598031e-02
8.780487804878047906e-03,3.333333333333333981e-03,4.847533632286994687e-03,1.277904102817598031e-02
8.780487804878047906e-03,3.333333333333333981e-03,4.847533632286994687e-03,1.277904102817598031e-02
8.780487804878047906e-03,3.333333333333333981e-03,4.847533632286994687e-03,1.277904102817598031e-02
8.780487804878047906e-03,3.333333333333333981e-03,4.847533632286994687e-03,1.277904102817598031e-02
8.780487804878047906e-03,3.333333333333333981e-03,4.847533632286994687e-03,1.277904102817598031e-02
8.780487804878047906e-03,3.333333333333333981e-03,4.847533632286994687e-03,1.277904102817598031e-02
8.780487804878047906e-03,3.333333333333333981e-03,4.847533632286994687e-03,1.277904102817598031e-02
8.780487804878047906e-03,3.333333333333333981e-03,4.847533632286994687e-03,1.277904102817598031e-02
8.780487804878047906e-03,3.333333333333333981e-03,4.847533632286994687e-03,1.277904102817598031e-02
8.780487804878047906e-03,3.333333333333333981e-03,4.847533632286994687e-03,1.277904102817598031e-02
8.780487804878047906e-03,3.333333333333333981e-03,4.847533632286994687e-03,1.277904102817598031e-02
8.780487804878047906e-03,3.333333333333333981e-03,4.847533632286994687e-03,1.277904102817598031e-02
8.780487804878047906e-03,3.333333333333333981e-03,4.847533632286994687e-03,1.277904102817598031e-02
8.780487804878047906e-03,3.333333333333333981e-03,4.847533632286994687e-03,1.277904102817598031e-02
8.780487804878047906e-03,3.333333333333333981e-03,4.847533632286994687e-03,1.277904102817598031e-02
8.780487804878047906e-03,3.333333333333333981e-03,4.847533632286994687e-03,1.277904102817598031e-02
8.780487804878047906e-03,3.333333333333333981e-03,4.847533632286994687e-03,1.277904102817598031e-02
8.780487804878047906e-03,3.333333333333333981e-03,4.847533632286994687e-03,1.277904102817598031e-02
8.780487804878047906e-03,3.333333333333333981e-03,4.847533632286994687e-03,1.277904102817598031e-02
8.780487804878047906e-03,3.333333333333333981e-03,4.847533632286994687e-03,1.277904102817598031e-02
8.780487804878047906e-03,3.333333333333333981e-03,4.847533632286994687e-03,1.277904102817598031e-02
8.780487804878047906e-03,3.333333333333333981e-03,4.847533632286994687e-03,1.277904102817598031e-02
8.780487804878047906e-03,3.333333333333333981e-03,4.847533632286994687e-03,1.277904102817598031e-02
8.780487804878047906e-03,3.333333333333333981e-03,4.847533632286994687e-03,1.277904102817598031e-02
8.780487804878047906e-03,3.333333333333333981e-03,4.847533632286994687e-03,1.277904102817598031e-02
8.780487804878047906e-03,3.333333333333333981e-03,4.847533632286994687e-03,1.277904102817598031e-02
8.780487804878047906e-03,3.333333333333333981e-03,4.847533632286994687e-03,1.277904102817598031e-02
8.780487804878047906e-03,3.333333333333333981e-03,4.847533632286994687e-03,1.277904102817598031e-02
8.780487804878047906e-03,3.333333333333333981e-03,4.847533632286994687e-03,1.277904102817598031e-02
8.780487804878047906e-03,3.333333333333333981e-03,4.847533632286994687e-03,1.277904102817598031e-02
8.780487804878047906e-03,3.333333333333333981e-03,4.847533632286994687e-03,1.277904102817598031e-02
8.780487804878047906e-03,3.333333333333333981e-03,4.847533632286994687e-03,1.277904102817598031e-02
8.780487804878047906e-03,3.333333333333333981e-03,4.847533632286994687e-03,1.277904102817598031e-02
8.780487804878047906e-03,3.333333333333333981e-03,4.847533632286994687e-03,1.277904102817598031e-02
8.780487804878047906e-03,3.333333333333333981e-03,4.847533632286994687e-03,1.277904102817598031e-02
8.780487804878047906e-03,3.333333333333333981e-03,4.847533632286994687e-03,1.277904102817598031e-02
8.780487804878047906e-03,3.333333333333333981e-03,4.847533632286994687e-03,1.277904102817598031e-02
8.780487804878047906e-03,3.333333333333333981e-03,4.847533632286994687e-03,1.277904102817598031e-02
8.780487804878047906e-03,3.333333333333333981e-03,4.847533632286994687e-03,1.277904102817598031e-02
8.780487804878047906e-03,3.333333333333333981e-03,4.847533632286994687e-03,1.277904102817598031e-02
8.780487804878047906e-03,3.333333333333333981e-03,4.847533632286994687e-03,1.277904102817598031e-02
8.780487804878047906e-03,3.333333333333333981e-03,4.847533632286994687e-03,1.277904102817598031e-02
8.780487804878047906e-03,3.333333333333333981e-03,4.847533632286994687e-03,1.277904102817598031e-02
8.780487804878047906e-03,3.333333333333333981e-03,4.847533632286994687e-03,1.277904102817598031e-02
8.780487804878047906e-03,3.333333333333333981e-03,4.847533632286994687e-03,1.277904102817598031e-02
8.780487804878047906e-03,3.333333333333333981e-03,4.847533632286994687e-03,1.277904102817598031e-02
8.780487804878047906e-03,3.333333333333333981e-03,4.847533632286994687e-03,1.277904102817598031e-02
8.780487804878047906e-03,3.333333333333333981e-03,4.847533632286994687e-03,1.277904102817598031e-02
8.780487804878047906e-03,3.333333333333333981e-03,4.847533632286994687e-03,1.277904102817598031e-02
8.780487804878047906e-03,3.333333333333333981e-03,4.847533632286994687e-03,1.277904102817598031e-02
8.780487804878047906e-03,3.333333333333333981e-03,4.847533632286994687e-03,1.277904102817598031e-02
8.780487804878047906e-03,3.333333333333333981e-03,4.847533632286994687e-03,1.277904102817598031e-02
8.780487804878047906e-03,3.333333333333333981e-03,4.847533632286994687e-03,1.277904102817598031e-02
8.780487804878047906e-03,3.333333333333333981e-03,4.847533632286994687e-03,1.277904102817598031e-02
8.780487804878047906e-03,3.333333333333333981e-03,4.847533632286994687e-03,1.277904102817598031e-02
8.780487804878047906e-03,3.333333333333333981e-03,4.847533632286994687e-03,1.277904102817598031e-02
8.780487804878047906e-03,3.333333333333333981e-03,4.847533632286994687e-03,1.277904102817598031e-02
8.780487804878047906e-03,3.333333333333333981e-03,4.847533632286994687e-03,1.277904102817598031e-02
8.780487804878047906e-03,3.333333333333333981e-03,4.847533632286994687e-03,1.277904102817598031e-02
8.780487804878047906e-03,3.333333333333333981e-03,4.847533632286994687e-03,1.277904102817598031e-02
8.780487804878047906e-03,3.333333333333333981e-03,4.847533632286994687e-03,1.277904102817598031e-02
8.780487804878047906e-03,3.333333333333333981e-03,4.847533632286994687e-03,1.277904102817598031e-02
8.780487804878047906e-03,3.333333333333333981e-03,4.847533632286994687e-03,1.277904102817598031e-02
8.780487804878047906e-03,3.333333333333333981e-03,4.847533632286994687e-03,1.277904102817598031e-02
8.780487804878047906e-03,3.333333333333333981e-03,4.847533632286994687e-03,1.277904102817598031e-02
8.780487804878047906e-03,3.333333333333333981e-03,4.847533632286994687e-03,1.277904102817598031e-02
8.780487804878047906e-03,3.333333333333333981e-03,4.847533632286994687e-03,1.277904102817598031e-02
8.780487804878047906e-03,3.333333333333333981e-03,4.847533632286994687e-03,1.277904102817598031e-02
8.780487804878047906e-03,3.333333333333333981e-03,4.847533632286994687e-03,1.277904102817598031e-02
8.780487804878047906e-03,3.333333333333333981e-03,4.847533632286994687e-03,1.277904102817598031e-02
8.780487804878047906e-03,3.333333333333333981e-03,4.847533632286994687e-03,1.277904102817598031e-02
8.780487804878047906e-03,3.333333333333333981e-03,4.847533632286994687e-03,1.277904102817598031e-02
8.780487804878047906e-03,3.333333333333333981e-03,4.847533632286994687e-03,1.277904102817598031e-02
8.780487804878047906e-03,3.333333333333333981e-03,4.847533632286994687e-03,1.277904102817598031e-02
8.780487804878047906e-03,3.333333333333333981e-03,4.847533632286994687e-03,1.277904102817598031e-02
8.780487804878047906e-03,3.333333333333333981e-03,4.847533632286994687e-03,1.277904102817598031e-02
8.780487804878047906e-03,3.333333333333333981e-03,4.847533632286994687e-03,1.277904102817598031e-02
8.780487804878047906e-03,3.333333333333333981e-03,4.847533632286994687e-03,1.277904102817598031e-02
8.780487804878047906e-03,3.333333333333333981e-03,4.847533632286994687e-03,1.277904102817598031e-02
8.780487804878047906e-03,3.333333333333333981e-03,4.847533632286994687e-03,1.277904102817598031e-02
8.780487804878047906e-03,3.333333333333333981e-03,4.847533632286994687e-03,1.277904102817598031e-02
8.780487804878047906e-03,3.333333333333333981e-03,4.847533632286994687e-03,1.277904102817598031e-02
8.780487804878047906e-03,3.333333333333333981e-03,4.847533632286994687e-03,1.277904102817598031e-02
8.780487804878047906e-03,3.333333333333333981e-03,4.847533632286994687e-03,1.277904102817598031e-02
8.780487804878047906e-03,3.333333333333333981e-03,4.847533632286994687e-03,1.277904102817598031e-02
8.780487804878047906e-03,3.333333333333333981e-03,4.847533632286994687e-03,1.277904102817598031e-02
8.780487804878047906e-03,3.333333333333333981e-03,4.847533632286994687e-03,1.277904102817598031e-02
8.780487804878047906e-03,3.333333333333333981e-03,4.847533632286994687e-03,1.277904102817598031e-02
8.780487804878047906e-03,3.333333333333333981e-03,4.847533632286994687e-03,1.277904102817598031e-02
8.780487804878047906e-03,3.333333333333333981e-03,4.847533632286994687e-03,1.277904102817598031e-02
8.780487804878047906e-03,3.333333333333333981e-03,4.847533632286994687e-03,1.277904102817598031e-02
8.780487804878047906e-03,3.333333333333333981e-03,4.847533632286994687e-03,1.277904102817598031e-02
8.780487804878047906e-03,3.333333333333333981e-03,4.847533632286994687e-03,1.277904102817598031e-02
8.780487804878047906e-03,3.333333333333333981e-03,4.847533632286994687e-03,1.277904102817598031e-02
8.780487804878047906e-03,3.333333333333333981e-03,4.847533632286994687e-03,1.277904102817598031e-02
8.780487804878047906e-03,3.333333333333333981e-03,4.847533632286994687e-03,1.277904102817598031e-02
8.780487804878047906e-03,3.333333333333333981e-03,4.847533632286994687e-03,1.277904102817598031e-02
8.780487804878047906e-03,3.333333333333333981e-03,4.847533632286994687e-03,1.277904102817598031e-02
8.780487804878047906e-03,3.333333333333333981e-03,4.847533632286994687e-03,1.277904102817598031e-02
8.780487804878047906e-03,3.333333333333333981e-03,4.847533632286994687e-03,1.277904102817598031e-02
8.780487804878047906e-03,3.333333333333333981e-03,4.847533632286994687e-03,1.277904102817598031e-02
8.780487804878047906e-03,3.333333333333333981e-03,4.847533632286994687e-03,1.277904102817598031e-02
8.780487804878047906e-03,3.333333333333333981e-03,4.847533632286994687e-03,1.277904102817598031e-02
8.780487804878047906e-03,3.333333333333333981e-03,4.847533632286994687e-03,1.277904102817598031e-02
8.780487804878047906e-03,3.333333333333333981e-03,4.847533632286994687e-03,1.277904102817598031e-02
8.780487804878047906e-03,3.333333333333333981e-03,4.847533632286994687e-03,1.277904102817598031e-02
8.780487804878047906e-03,3.333333333333333981e-03,4.847533632286994687e-03,1.277904102817598031e-02
8.780487804878047906e-03,3.333333333333333981e-03,4.847533632286994687e-03,1.277904102817598031e-02
8.780487804878047906e-03,3.333333333333333981e-03,4.847533632286994687e-03,1.277904102817598031e-02
8.780487804878047906e-03,3.333333333333333981e-03,4.847533632286994687e-03,1.277904102817598031e-02
8.780487804878047906e-03,3.333333333333333981e-03,4.847533632286994687e-03,1.277904102817598031e-02
8.780487804878047906e-03,3.333333333333333981e-03,4.847533632286994687e-03,1.277904102817598031e-02
8.780487804878047906e-03,3.333333333333333981e-03,4.847533632286994687e-03,1.277904102817598031e-02
8.780487804878047906e-03,3.333333333333333981e-03,4.847533632286994687e-03,1.277904102817598031e-02
8.780487804878047906e-03,3.333333333333333981e-03,4.847533632286994687e-03,1.277904102817598031e-02
8.780487804878047906e-03,3.333333333333333981e-03,4.847533632286994687e-03,1.277904102817598031e-02
8.780487804878047906e-03,3.333333333333333981e-03,4.847533632286994687e-03,1.277904102817598031e-02
8.780487804878047906e-03,3.333333333333333981e-03,4.847533632286994687e-03,1.277904102817598031e-02
8.780487804878047906e-03,3.333333333333333981e-03,4.847533632286994687e-03,1.277904102817598031e-02
8.780487804878047906e-03,3.333333333333333981e-03,4.847533632286994687e-03,1.277904102817598031e-02
8.780487804878047906e-03,3.333333333333333981e-03,4.847533632286994687e-03,1.277904102817598031e-02
8.780487804878047906e-03,3.333333333333333981e-03,4.847533632286994687e-03,1.277904102817598031e-02
8.780487804878047906e-03,3.333333333333333981e-03,4.847533632286994687e-03,1.277904102817598031e-02
8.780487804878047906e-03,3.333333333333333981e-03,4.847533632286994687e-03,1.277904102817598031e-02
8.780487804878047906e-03,3.333333333333333981e-03,4.847533632286994687e-03,1.277904102817598031e-02
8.780487804878047906e-03,3.333333333333333981e-03,4.847533632286994687e-03,1.277904102817598031e-02
8.780487804878047906e-03,3.333333333333333981e-03,4.847533632286994687e-03,1.277904102817598031e-02
8.780487804878047906e-03,3.333333333333333981e-03,4.847533632286994687e-03,1.277904102817598031e-02
8.780487804878047906e-03,3.333333333333333981e-03,4.847533632286994687e-03,1.277904102817598031e-02
8.780487804878047906e-03,3.333333333333333981e-03,4.847533632286994687e-03,1.277904102817598031e-02
8.780487804878047906e-03,3.333333333333333981e-03,4.847533632286994687e-03,1.277904102817598031e-02
8.780487804878047906e-03,3.333333333333333981e-03,4.847533632286994687e-03,1.277904102817598031e-02
8.780487804878047906e-03,3.333333333333333981e-03,4.847533632286994687e-03,1.277904102817598031e-02
8.780487804878047906e-03,3.333333333333333981e-03,4.847533632286994687e-03,1.277904102817598031e-02
8.780487804878047906e-03,3.333333333333333981e-03,4.847533632286994687e-03,1.277904102817598031e-02
8.780487804878047906e-03,3.333333333333333981e-03,4.847533632286994687e-03,1.277904102817598031e-02
8.780487804878047906e-03,3.333333333333333981e-03,4.847533632286994687e-03,1.277904102817598031e-02
8.780487804878047906e-03,3.333333333333333981e-03,4.847533632286994687e-03,1.277904102817598031e-02
8.780487804878047906e-03,3.333333333333333981e-03,4.847533632286994687e-03,1.277904102817598031e-02
8.780487804878047906e-03,3.333333333333333981e-03,4.847533632286994687e-03,1.277904102817598031e-02
8.780487804878047906e-03,3.333333333333333981e-03,4.847533632286994687e-03,1.277904102817598031e-02
8.780487804878047906e-03,3.333333333333333981e-03,4.847533632286994687e-03,1.277904102817598031e-02
8.780487804878047906e-03,3.333333333333333981e-03,4.847533632286994687e-03,1.277904102817598031e-02
8.780487804878047906e-03,3.333333333333333981e-03,4.847533632286994687e-03,1.277904102817598031e-02
8.780487804878047906e-03,3.333333333333333981e-03,4.847533632286994687e-03,1.277904102817598031e-02
8.780487804878047906e-03,3.333333333333333981e-03,4.847533632286994687e-03,1.277904102817598031e-02
8.780487804878047906e-03,3.333333333333333981e-03,4.847533632286994687e-03,1.277904102817598031e-02
8.780487804878047906e-03,3.333333333333333981e-03,4.847533632286994687e-03,1.277904102817598031e-02
8.780487804878047906e-03,3.333333333333333981e-03,4.847533632286994687e-03,1.277904102817598031e-02
8.780487804878047906e-03,3.333333333333333981e-03,4.847533632286994687e-03,1.277904102817598031e-02
8.780487804878047906e-03,3.333333333333333981e-03,4.847533632286994687e-03,1.277904102817598031e-02
8.780487804878047906e-03,3.333333333333333981e-03,4.847533632286994687e-03,1.277904102817598031e-02
8.780487804878047906e-03,3.333333333333333981e-03,4.847533632286994687e-03,1.277904102817598031e-02
8.780487804878047906e-03,3.333333333333333981e-03,4.847533632286994687e-03,1.277904102817598031e-02
8.780487804878047906e-03,3.333333333333333981e-03,4.847533632286994687e-03,1.277904102817598031e-02
8.780487804878047906e-03,3.333333333333333981e-03,4.847533632286994687e-03,1.277904102817598031e-02
8.780487804878047906e-03,3.333333333333333981e-03,4.847533632286994687e-03,1.277904102817598031e-02
8.780487804878047906e-03,3.333333333333333981e-03,4.847533632286994687e-03,1.277904102817598031e-02
8.780487804878047906e-03,3.333333333333333981e-03,4.847533632286994687e-03,1.277904102817598031e-02
8.780487804878047906e-03,3.333333333333333981e-03,4.847533632286994687e-03,1.277904102817598031e-02
8.780487804878047906e-03,3.333333333333333981e-03,4.847533632286994687e-03,1.277904102817598031e-02
8.780487804878047906e-03,3.333333333333333981e-03,4.847533632286994687e-03,1.277904102817598031e-02
8.780487804878047906e-03,3.333333333333333981e-03,4.847533632286994687e-03,1.277904102817598031e-02
8.780487804878047906e-03,3.333333333333333981e-03,4.847533632286994687e-03,1.277904102817598031e-02
8.780487804878047906e-03,3.333333333333333981e-03,4.847533632286994687e-03,1.277904102817598031e-02
8.780487804878047906e-03,3.333333333333333981e-03,4.847533632286994687e-03,1.277904102817598031e-02
8.780487804878047906e-03,3.333333333333333981e-03,4.847533632286994687e-03,1.277904102817598031e-02
8.780487804878047906e-03,3.333333333333333981e-03,4.847533632286994687e-03,1.277904102817598031e-02
8.780487804878047906e-03,3.333333333333333981e-03,4.847533632286994687e-03,1.277904102817598031e-02
8.780487804878047906e-03,3.333333333333333981e-03,4.847533632286994687e-03,1.277904102817598031e-02
8.780487804878047906e-03,3.333333333333333981e-03,4.847533632286994687e-03,1.277904102817598031e-02
8.780487804878047906e-03,3.333333333333333981e-03,4.847533632286994687e-03,1.277904102817598031e-02
8.780487804878047906e-03,3.333333333333333981e-03,4.847533632286994687e-03,1.277904102817598031e-02
8.780487804878047906e-03,3.333333333333333981e-03,4.847533632286994687e-03,1.277904102817598031e-02
8.780487804878047906e-03,3.333333333333333981e-03,4.847533632286994687e-03,1.277904102817598031e-02
8.780487804878047906e-03,3.333333333333333981e-03,4.847533632286994687e-03,1.277904102817598031e-02
8.780487804878047906e-03,3.333333333333333981e-03,4.847533632286994687e-03,1.277904102817598031e-02
8.780487804878047906e-03,3.333333333333333981e-03,4.847533632286994687e-03,1.277904102817598031e-02
8.780487804878047906e-03,3.333333333333333981e-03,4.847533632286994687e-03,1.277904102817598031e-02
8.780487804878047906e-03,3.333333333333333981e-03,4.847533632286994687e-03,1.277904102817598031e-02
8.780487804878047906e-03,3.333333333333333981e-03,4.847533632286994687e-03,1.277904102817598031e-02
8.780487804878047906e-03,3.333333333333333981e-03,4.847533632286994687e-03,1.277904102817598031e-02
8.780487804878047906e-03,3.333333333333333981e-03,4.847533632286994687e-03,1.277904102817598031e-02
8.780487804878047906e-03,3.333333333333333981e-03,4.847533632286994687e-03,1.277904102817598031e-02
8.780487804878047906e-03,3.333333333333333981e-03,4.847533632286994687e-03,1.277904102817598031e-02
8.780487804878047906e-03,3.333333333333333981e-03,4.847533632286994687e-03,1.277904102817598031e-02
8.780487804878047906e-03,3.333333333333333981e-03,4.847533632286994687e-03,1.277904102817598031e-02
8.780487804878047906e-03,3.333333333333333981e-03,4.847533632286994687e-03,1.277904102817598031e-02
8.780487804878047906e-03,3.333333333333333981e-03,4.847533632286994687e-03,1.277904102817598031e-02
8.780487804878047906e-03,3.333333333333333981e-03,4.847533632286994687e-03,1.277904102817598031e-02
8.780487804878047906e-03,3.333333333333333981e-03,4.847533632286994687e-03,1.277904102817598031e-02
8.780487804878047906e-03,3.333333333333333981e-03,4.847533632286994687e-03,1.277904102817598031e-02
8.780487804878047906e-03,3.333333333333333981e-03,4.847533632286994687e-03,1.277904102817598031e-02
8.780487804878047906e-03,3.333333333333333981e-03,4.847533632286994687e-03,1.277904102817598031e-02
8.780487804878047906e-03,3.333333333333333981e-03,4.847533632286994687e-03,1.277904102817598031e-02
8.780487804878047906e-03,3.333333333333333981e-03,4.847533632286994687e-03,1.277904102817598031e-02
8.780487804878047906e-03,3.333333333333333981e-03,4.847533632286994687e-03,1.277904102817598031e-02
8.780487804878047906e-03,3.333333333333333981e-03,4.847533632286994687e-03,1.277904102817598031e-02
8.780487804878047906e-03,3.333333333333333981e-03,4.847533632286994687e-03,1.277904102817598031e-02
8.780487804878047906e-03,3.333333333333333981e-03,4.847533632286994687e-03,1.277904102817598031e-02
8.780487804878047906e-03,3.333333333333333981e-03,4.847533632286994687e-03,1.277904102817598031e-02
8.780487804878047906e-03,3.333333333333333981e-03,4.847533632286994687e-03,1.277904102817598031e-02
8.780487804878047906e-03,3.333333333333333981e-03,4.847533632286994687e-03,1.277904102817598031e-02
8.780487804878047906e-03,3.333333333333333981e-03,4.847533632286994687e-03,1.277904102817598031e-02
8.780487804878047906e-03,3.333333333333333981e-03,4.847533632286994687e-03,1.277904102817598031e-02
8.780487804878047906e-03,3.333333333333333981e-03,4.847533632286994687e-03,1.277904102817598031e-02
8.780487804878047906e-03,3.333333333333333981e-03,4.847533632286994687e-03,1.277904102817598031e-02
8.780487804878047906e-03,3.333333333333333981e-03,4.847533632286994687e-03,1.277904102817598031e-02
8.780487804878047906e-03,3.333333333333333981e-03,4.847533632286994687e-03,1.277904102817598031e-02
8.780487804878047906e-03,3.333333333333333981e-03,4.847533632286994687e-03,1.277904102817598031e-02
8.780487804878047906e-03,3.333333333333333981e-03,4.847533632286994687e-03,1.277904102817598031e-02
8.780487804878047906e-03,3.333333333333333981e-03,4.847533632286994687e-03,1.277904102817598031e-02
8.780487804878047906e-03,3.333333333333333981e-03,4.847533632286994687e-03,1.277904102817598031e-02
8.780487804878047906e-03,3.333333333333333981e-03,4.847533632286994687e-03,1.277904102817598031e-02
8.780487804878047906e-03,3.333333333333333981e-03,4.847533632286994687e-03,1.277904102817598031e-02
8.780487804878047906e-03,3.333333333333333981e-03,4.847533632286994687e-03,1.277904102817598031e-02
8.780487804878047906e-03,3.333333333333333981e-03,4.847533632286994687e-03,1.277904102817598031e-02
8.780487804878047906e-03,3.333333333333333981e-03,4.847533632286994687e-03,1.277904102817598031e-02
8.780487804878047906e-03,3.333333333333333981e-03,4.847533632286994687e-03,1.277904102817598031e-02
8.780487804878047906e-03,3.333333333333333981e-03,4.847533632286994687e-03,1.277904102817598031e-02
8.780487804878047906e-03,3.333333333333333981e-03,4.847533632286994687e-03,1.277904102817598031e-02
8.780487804878047906e-03,3.333333333333333981e-03,4.847533632286994687e-03,1.277904102817598031e-02
8.780487804878047906e-03,3.333333333333333981e-03,4.847533632286994687e-03,1.277904102817598031e-02
8.780487804878047906e-03,3.333333333333333981e-03,4.847533632286994687e-03,1.277904102817598031e-02
8.780487804878047906e-03,3.333333333333333981e-03,4.847533632286994687e-03,1.277904102817598031e-02
8.780487804878047906e-03,3.333333333333333981e-03,4.847533632286994687e-03,1.277904102817598031e-02
8.780487804878047906e-03,3.333333333333333981e-03,4.847533632286994687e-03,1.277904102817598031e-02
8.780487804878047906e-03,3.333333333333333981e-03,4.847533632286994687e-03,1.277904102817598031e-02
8.780487804878047906e-03,3.333333333333333981e-03,4.847533632286994687e-03,1.277904102817598031e-02
8.780487804878047906e-03,3.333333333333333981e-03,4.847533632286994687e-03,1.277904102817598031e-02
8.780487804878047906e-03,3.333333333333333981e-03,4.847533632286994687e-03,1.277904102817598031e-02
8.780487804878047906e-03,3.333333333333333981e-03,4.847533632286994687e-03,1.277904102817598031e-02
8.780487804878047906e-03,3.333333333333333981e-03,4.847533632286994687e-03,1.277904102817598031e-02
8.780487804878047906e-03,3.333333333333333981e-03,4.847533632286994687e-03,1.277904102817598031e-02
8.780487804878047906e-03,3.333333333333333981e-03,4.847533632286994687e-03,1.277904102817598031e-02
8.780487804878047906e-03,3.333333333333333981e-03,4.847533632286994687e-03,1.277904102817598031e-02
8.780487804878047906e-03,3.333333333333333981e-03,4.847533632286994687e-03,1.277904102817598031e-02
8.780487804878047906e-03,3.333333333333333981e-03,4.847533632286994687e-03,1.277904102817598031e-02
8.780487804878047906e-03,3.333333333333333981e-03,4.847533632286994687e-03,1.277904102817598031e-02
8.780487804878047906e-03,3.333333333333333981e-03,4.847533632286994687e-03,1.277904102817598031e-02
8.780487804878047906e-03,3.333333333333333981e-03,4.847533632286994687e-03,1.277904102817598031e-02
8.780487804878047906e-03,3.333333333333333981e-03,4.847533632286994687e-03,1.277904102817598031e-02
8.780487804878047906e-03,3.333333333333333981e-03,4.847533632286994687e-03,1.277904102817598031e-02
8.780487804878047906e-03,3.333333333333333981e-03,4.847533632286994687e-03,1.277904102817598031e-02
8.780487804878047906e-03,3.333333333333333981e-03,4.847533632286994687e-03,1.277904102817598031e-02
8.780487804878047906e-03,3.333333333333333981e-03,4.847533632286994687e-03,1.277904102817598031e-02
8.780487804878047906e-03,3.333333333333333981e-03,4.847533632286994687e-03,1.277904102817598031e-02
8.780487804878047906e-03,3.333333333333333981e-03,4.847533632286994687e-03,1.277904102817598031e-02
8.780487804878047906e-03,3.333333333333333981e-03,4.847533632286994687e-03,1.277904102817598031e-02
8.780487804878047906e-03,3.333333333333333981e-03,4.847533632286994687e-03,1.277904102817598031e-02
8.780487804878047906e-03,3.333333333333333981e-03,4.847533632286994687e-03,1.277904102817598031e-02
8.780487804878047906e-03,3.333333333333333981e-03,4.847533632286994687e-03,1.277904102817598031e-02
8.780487804878047906e-03,3.333333333333333981e-03,4.847533632286994687e-03,1.277904102817598031e-02
8.780487804878047906e-03,3.333333333333333981e-03,4.847533632286994687e-03,1.277904102817598031e-02
8.780487804878047906e-03,3.333333333333333981e-03,4.847533632286994687e-03,1.277904102817598031e-02
8.780487804878047906e-03,3.333333333333333981e-03,4.847533632286994687e-03,1.277904102817598031e-02
8.780487804878047906e-03,3.333333333333333981e-03,4.847533632286994687e-03,1.277904102817598031e-02
8.780487804878047906e-03,3.333333333333333981e-03,4.847533632286994687e-03,1.277904102817598031e-02
8.780487804878047906e-03,3.333333333333333981e-03,4.847533632286994687e-03,1.277904102817598031e-02
8.780487804878047906e-03,3.333333333333333981e-03,4.847533632286994687e-03,1.277904102817598031e-02
8.780487804878047906e-03,3.333333333333333981e-03,4.847533632286994687e-03,1.277904102817598031e-02
8.780487804878047906e-03,3.333333333333333981e-03,4.847533632286994687e-03,1.277904102817598031e-02
8.780487804878047906e-03,3.333333333333333981e-03,4.847533632286994687e-03,1.277904102817598031e-02
8.780487804878047906e-03,3.333333333333333981e-03,4.847533632286994687e-03,1.277904102817598031e-02
8.780487804878047906e-03,3.333333333333333981e-03,4.847533632286994687e-03,1.277904102817598031e-02
8.780487804878047906e-03,3.333333333333333981e-03,4.847533632286994687e-03,1.277904102817598031e-02
8.780487804878047906e-03,3.333333333333333981e-03,4.847533632286994687e-03,1.277904102817598031e-02
8.780487804878047906e-03,3.333333333333333981e-03,4.847533632286994687e-03,1.277904102817598031e-02
8.780487804878047906e-03,3.333333333333333981e-03,4.847533632286994687e-03,1.277904102817598031e-02
8.780487804878047906e-03,3.333333333333333981e-03,4.847533632286994687e-03,1.277904102817598031e-02
8.780487804878047906e-03,3.333333333333333981e-03,4.847533632286994687e-03,1.277904102817598031e-02
8.780487804878047906e-03,3.333333333333333981e-03,4.847533632286994687e-03,1.277904102817598031e-02
8.780487804878047906e-03,3.333333333333333981e-03,4.847533632286994687e-03,1.277904102817598031e-02
8.780487804878047906e-03,3.333333333333333981e-03,4.847533632286994687e-03,1.277904102817598031e-02
8.780487804878047906e-03,3.333333333333333981e-03,4.847533632286994687e-03,1.277904102817598031e-02
8.780487804878047906e-03,3.333333333333333981e-03,4.847533632286994687e-03,1.277904102817598031e-02
8.780487804878047906e-03,3.333333333333333981e-03,4.847533632286994687e-03,1.277904102817598031e-02
8.780487804878047906e-03,3.333333333333333981e-03,4.847533632286994687e-03,1.277904102817598031e-02
8.780487804878047906e-03,3.333333333333333981e-03,4.847533632286994687e-03,1.277904102817598031e-02
8.780487804878047906e-03,3.333333333333333981e-03,4.847533632286994687e-03,1.277904102817598031e-02
8.780487804878047906e-03,3.333333333333333981e-03,4.847533632286994687e-03,1.277904102817598031e-02
8.780487804878047906e-03,3.333333333333333981e-03,4.847533632286994687e-03,1.277904102817598031e-02
8.780487804878047906e-03,3.333333333333333981e-03,4.847533632286994687e-03,1.277904102817598031e-02
8.780487804878047906e-03,3.333333333333333981e-03,4.847533632286994687e-03,1.277904102817598031e-02
8.780487804878047906e-03,3.333333333333333981e-03,4.847533632286994687e-03,1.277904102817598031e-02
8.780487804878047906e-03,3.333333333333333981e-03,4.847533632286994687e-03,1.277904102817598031e-02
8.780487804878047906e-03,3.333333333333333981e-03,4.847533632286994687e-03,1.277904102817598031e-02
8.780487804878047906e-03,3.333333333333333981e-03,4.847533632286994687e-03,1.277904102817598031e-02
8.780487804878047906e-03,3.333333333333333981e-03,4.847533632286994687e-03,1.277904102817598031e-02
8.780487804878047906e-03,3.333333333333333981e-03,4.847533632286994687e-03,1.277904102817598031e-02
8.780487804878047906e-03,3.333333333333333981e-03,4.847533632286994687e-03,1.277904102817598031e-02
8.780487804878047906e-03,3.333333333333333981e-03,4.847533632286994687e-03,1.277904102817598031e-02
8.780487804878047906e-03,3.333333333333333981e-03,4.847533632286994687e-03,1.277904102817598031e-02
8.780487804878047906e-03,3.333333333333333981e-03,4.847533632286994687e-03,1.277904102817598031e-02
8.780487804878047906e-03,3.333333333333333981e-03,4.847533632286994687e-03,1.277904102817598031e-02
8.780487804878047906e-03,3.333333333333333981e-03,4.847533632286994687e-03,1.277904102817598031e-02
8.780487804878047906e-03,3.333333333333333981e-03,4.847533632286994687e-03,1.277904102817598031e-02
8.780487804878047906e-03,3.333333333333333981e-03,4.847533632286994687e-03,1.277904102817598031e-02
8.780487804878047906e-03,3.333333333333333981e-03,4.847533632286994687e-03,1.277904102817598031e-02
8.780487804878047906e-03,3.333333333333333981e-03,4.847533632286994687e-03,1.277904102817598031e-02
8.780487804878047906e-03,3.333333333333333981e-03,4.847533632286994687e-03,1.277904102817598031e-02
8.780487804878047906e-03,3.333333333333333981e-03,4.847533632286994687e-03,1.277904102817598031e-02
8.780487804878047906e-03,3.333333333333333981e-03,4.847533632286994687e-03,1.277904102817598031e-02
8.780487804878047906e-03,3.333333333333333981e-03,4.847533632286994687e-03,1.277904102817598031e-02
8.780487804878047906e-03,3.333333333333333981e-03,4.847533632286994687e-03,1.277904102817598031e-02
8.780487804878047906e-03,3.333333333333333981e-03,4.847533632286994687e-03,1.277904102817598031e-02
8.780487804878047906e-03,3.333333333333333981e-03,4.847533632286994687e-03,1.277904102817598031e-02
8.780487804878047906e-03,3.333333333333333981e-03,4.847533632286994687e-03,1.277904102817598031e-02
8.780487804878047906e-03,3.333333333333333981e-03,4.847533632286994687e-03,1.277904102817598031e-02
8.780487804878047906e-03,3.333333333333333981e-03,4.847533632286994687e-03,1.277904102817598031e-02
8.780487804878047906e-03,3.333333333333333981e-03,4.847533632286994687e-03,1.277904102817598031e-02
8.780487804878047906e-03,3.333333333333333981e-03,4.847533632286994687e-03,1.277904102817598031e-02
8.780487804878047906e-03,3.333333333333333981e-03,4.847533632286994687e-03,1.277904102817598031e-02
8.780487804878047906e-03,3.333333333333333981e-03,4.847533632286994687e-03,1.277904102817598031e-02
8.780487804878047906e-03,3.333333333333333981e-03,4.847533632286994687e-03,1.277904102817598031e-02
8.780487804878047906e-03,3.333333333333333981e-03,4.847533632286994687e-03,1.277904102817598031e-02
8.780487804878047906e-03,3.333333333333333981e-03,4.847533632286994687e-03,1.277904102817598031e-02
8.780487804878047906e-03,3.333333333333333981e-03,4.847533632286994687e-03,1.277904102817598031e-02
8.780487804878047906e-03,3.333333333333333981e-03,4.847533632286994687e-03,1.277904102817598031e-02
8.780487804878047906e-03,3.333333333333333981e-03,4.847533632286994687e-03,1.277904102817598031e-02
8.780487804878047906e-03,3.333333333333333981e-03,4.847533632286994687e-03,1.277904102817598031e-02
8.780487804878047906e-03,3.333333333333333981e-03,4.847533632286994687e-03,1.277904102817598031e-02
8.780487804878047906e-03,3.333333333333333981e-03,4.847533632286994687e-03,1.277904102817598031e-02
8.780487804878047906e-03,3.333333333333333981e-03,4.847533632286994687e-03,1.277904102817598031e-02
8.780487804878047906e-03,3.333333333333333981e-03,4.847533632286994687e-03,1.277904102817598031e-02
8.780487804878047906e-03,3.333333333333333981e-03,4.847533632286994687e-03,1.277904102817598031e-02
8.780487804878047906e-03,3.333333333333333981e-03,4.847533632286994687e-03,1.277904102817598031e-02
8.780487804878047906e-03,3.333333333333333981e-03,4.847533632286994687e-03,1.277904102817598031e-02
8.780487804878047906e-03,3.333333333333333981e-03,4.847533632286994687e-03,1.277904102817598031e-02
8.780487804878047906e-03,3.333333333333333981e-03,4.847533632286994687e-03,1.277904102817598031e-02
8.780487804878047906e-03,3.333333333333333981e-03,4.847533632286994687e-03,1.277904102817598031e-02
8.780487804878047906e-03,3.333333333333333981e-03,4.847533632286994687e-03,1.277904102817598031e-02
8.780487804878047906e-03,3.333333333333333981e-03,4.847533632286994687e-03,1.277904102817598031e-02
8.780487804878047906e-03,3.333333333333333981e-03,4.847533632286994687e-03,1.277904102817598031e-02
8.780487804878047906e-03,3.333333333333333981e-03,4.847533632286994687e-03,1.277904102817598031e-02
8.780487804878047906e-03,3.333333333333333981e-03,4.847533632286994687e-03,1.277904102817598031e-02
8.780487804878047906e-03,3.333333333333333981e-03,4.847533632286994687e-03,1.277904102817598031e-02
8.780487804878047906e-03,3.333333333333333981e-03,4.847533632286994687e-03,1.277904102817598031e-02
8.780487804878047906e-03,3.333333333333333981e-03,4.847533632286994687e-03,1.277904102817598031e-02
8.780487804878047906e-03,3.333333333333333981e-03,4.847533632286994687e-03,1.277904102817598031e-02
8.780487804878047906e-03,3.333333333333333981e-03,4.847533632286994687e-03,1.277904102817598031e-02
8.780487804878047906e-03,3.333333333333333981e-03,4.847533632286994687e-03,1.277904102817598031e-02
8.780487804878047906e-03,3.333333333333333981e-03,4.847533632286994687e-03,1.277904102817598031e-02
8.780487804878047906e-03,3.333333333333333981e-03,4.847533632286994687e-03,1.277904102817598031e-02
8.780487804878047906e-03,3.333333333333333981e-03,4.847533632286994687e-03,1.277904102817598031e-02
8.780487804878047906e-03,3.333333333333333981e-03,4.847533632286994687e-03,1.277904102817598031e-02
8.780487804878047906e-03,3.333333333333333981e-03,4.847533632286994687e-03,1.277904102817598031e-02
8.780487804878047906e-03,3.333333333333333981e-03,4.847533632286994687e-03,1.277904102817598031e-02
8.780487804878047906e-03,3.333333333333333981e-03,4.847533632286994687e-03,1.277904102817598031e-02
8.780487804878047906e-03,3.333333333333333981e-03,4.847533632286994687e-03,1.277904102817598031e-02
8.780487804878047906e-03,3.333333333333333981e-03,4.847533632286994687e-03,1.277904102817598031e-02
8.780487804878047906e-03,3.333333333333333981e-03,4.847533632286994687e-03,1.277904102817598031e-02
8.780487804878047906e-03,3.333333333333333981e-03,4.847533632286994687e-03,1.277904102817598031e-02
8.780487804878047906e-03,3.333333333333333981e-03,4.847533632286994687e-03,1.277904102817598031e-02
8.780487804878047906e-03,3.333333333333333981e-03,4.847533632286994687e-03,1.277904102817598031e-02
8.780487804878047906e-03,3.333333333333333981e-03,4.847533632286994687e-03,1.277904102817598031e-02
8.780487804878047906e-03,3.333333333333333981e-03,4.847533632286994687e-03,1.277904102817598031e-02
8.780487804878047906e-03,3.333333333333333981e-03,4.847533632286994687e-03,1.277904102817598031e-02
8.780487804878047906e-03,3.333333333333333981e-03,4.847533632286994687e-03,1.277904102817598031e-02
8.780487804878047906e-03,3.333333333333333981e-03,4.847533632286994687e-03,1.277904102817598031e-02
8.780487804878047906e-03,3.333333333333333981e-03,4.847533632286994687e-03,1.277904102817598031e-02
8.780487804878047906e-03,3.333333333333333981e-03,4.847533632286994687e-03,1.277904102817598031e-02
8.780487804878047906e-03,3.333333333333333981e-03,4.847533632286994687e-03,1.277904102817598031e-02
8.780487804878047906e-03,3.333333333333333981e-03,4.847533632286994687e-03,1.277904102817598031e-02
8.780487804878047906e-03,3.333333333333333981e-03,4.847533632286994687e-03,1.277904102817598031e-02
8.780487804878047906e-03,3.333333333333333981e-03,4.847533632286994687e-03,1.277904102817598031e-02
8.780487804878047906e-03,3.333333333333333981e-03,4.847533632286994687e-03,1.277904102817598031e-02
8.780487804878047906e-03,3.333333333333333981e-03,4.847533632286994687e-03,1.277904102817598031e-02
8.780487804878047906e-03,3.333333333333333981e-03,4.847533632286994687e-03,1.277904102817598031e-02
8.780487804878047906e-03,3.333333333333333981e-03,4.847533632286994687e-03,1.277904102817598031e-02
8.780487804878047906e-03,3.333333333333333981e-03,4.847533632286994687e-03,1.277904102817598031e-02
8.780487804878047906e-03,3.333333333333333981e-03,4.847533632286994687e-03,1.277904102817598031e-02
8.780487804878047906e-03,3.333333333333333981e-03,4.847533632286994687e-03,1.277904102817598031e-02
8.780487804878047906e-03,3.333333333333333981e-03,4.847533632286994687e-03,1.277904102817598031e-02
8.780487804878047906e-03,3.333333333333333981e-03,4.847533632286994687e-03,1.277904102817598031e-02
8.780487804878047906e-03,3.333333333333333981e-03,4.847533632286994687e-03,1.277904102817598031e-02
8.780487804878047906e-03,3.333333333333333981e-03,4.847533632286994687e-03,1.277904102817598031e-02
8.780487804878047906e-03,3.333333333333333981e-03,4.847533632286994687e-03,1.277904102817598031e-02
8.780487804878047906e-03,3.333333333333333981e-03,4.847533632286994687e-03,1.277904102817598031e-02
8.780487804878047906e-03,3.333333333333333981e-03,4.847533632286994687e-03,1.277904102817598031e-02
8.780487804878047906e-03,3.333333333333333981e-03,4.847533632286994687e-03,1.277904102817598031e-02
8.780487804878047906e-03,3.333333333333333981e-03,4.847533632286994687e-03,1.277904102817598031e-02
8.780487804878047906e-03,3.333333333333333981e-03,4.847533632286994687e-03,1.277904102817598031e-02
8.780487804878047906e-03,3.333333333333333981e-03,4.847533632286994687e-03,1.277904102817598031e-02
8.780487804878047906e-03,3.333333333333333981e-03,4.847533632286994687e-03,1.277904102817598031e-02
8.780487804878047906e-03,3.333333333333333981e-03,4.847533632286994687e-03,1.277904102817598031e-02
8.780487804878047906e-03,3.333333333333333981e-03,4.847533632286994687e-03,1.277904102817598031e-02
8.780487804878047906e-03,3.333333333333333981e-03,4.847533632286994687e-03,1.277904102817598031e-02
8.780487804878047906e-03,3.333333333333333981e-03,4.847533632286994687e-03,1.277904102817598031e-02
8.780487804878047906e-03,3.333333333333333981e-03,4.847533632286994687e-03,1.277904102817598031e-02
8.780487804878047906e-03,3.333333333333333981e-03,4.847533632286994687e-03,1.277904102817598031e-02
8.780487804878047906e-03,3.333333333333333981e-03,4.847533632286994687e-03,1.277904102817598031e-02
8.780487804878047906e-03,3.333333333333333981e-03,4.847533632286994687e-03,1.277904102817598031e-02
8.780487804878047906e-03,3.333333333333333981e-03,4.847533632286994687e-03,1.277904102817598031e-02
8.780487804878047906e-03,3.333333333333333981e-03,4.847533632286994687e-03,1.277904102817598031e-02
8.780487804878047906e-03,3.333333333333333981e-03,4.847533632286994687e-03,1.277904102817598031e-02
8.780487804878047906e-03,3.333333333333333981e-03,4.847533632286994687e-03,1.277904102817598031e-02
8.780487804878047906e-03,3.333333333333333981e-03,4.847533632286994687e-03,1.277904102817598031e-02
8.780487804878047906e-03,3.333333333333333981e-03,4.847533632286994687e-03,1.277904102817598031e-02
8.780487804878047906e-03,3.333333333333333981e-03,4.847533632286994687e-03,1.277904102817598031e-02
8.780487804878047906e-03,3.333333333333333981e-03,4.847533632286994687e-03,1.277904102817598031e-02
8.780487804878047906e-03,3.333333333333333981e-03,4.847533632286994687e-03,1.277904102817598031e-02
8.780487804878047906e-03,3.333333333333333981e-03,4.847533632286994687e-03,1.277904102817598031e-02
8.780487804878047906e-03,3.333333333333333981e-03,4.847533632286994687e-03,1.277904102817598031e-02
8.780487804878047906e-03,3.333333333333333981e-03,4.847533632286994687e-03,1.277904102817598031e-02
8.780487804878047906e-03,3.333333333333333981e-03,4.847533632286994687e-03,1.277904102817598031e-02
8.780487804878047906e-03,3.333333333333333981e-03,4.847533632286994687e-03,1.277904102817598031e-02
8.780487804878047906e-03,3.333333333333333981e-03,4.847533632286994687e-03,1.277904102817598031e-02
8.780487804878047906e-03,3.333333333333333981e-03,4.847533632286994687e-03,1.277904102817598031e-02
8.780487804878047906e-03,3.333333333333333981e-03,4.847533632286994687e-03,1.277904102817598031e-02
8.780487804878047906e-03,3.333333333333333981e-03,4.847533632286994687e-03,1.277904102817598031e-02
8.780487804878047906e-03,3.333333333333333981e-03,4.847533632286994687e-03,1.277904102817598031e-02
8.780487804878047906e-03,3.333333333333333981e-03,4.847533632286994687e-03,1.277904102817598031e-02
8.780487804878047906e-03,3.333333333333333981e-03,4.847533632286994687e-03,1.277904102817598031e-02
8.780487804878047906e-03,3.333333333333333981e-03,4.847533632286994687e-03,1.277904102817598031e-02
8.780487804878047906e-03,3.333333333333333981e-03,4.847533632286994687e-03,1.277904102817598031e-02
8.780487804878047906e-03,3.333333333333333981e-03,4.847533632286994687e-03,1.277904102817598031e-02
8.780487804878047906e-03,3.333333333333333981e-03,4.847533632286994687e-03,1.277904102817598031e-02
8.780487804878047906e-03,3.333333333333333981e-03,4.847533632286994687e-03,1.277904102817598031e-02
8.780487804878047906e-03,3.333333333333333981e-03,4.847533632286994687e-03,1.277904102817598031e-02
8.780487804878047906e-03,3.333333333333333981e-03,4.847533632286994687e-03,1.277904102817598031e-02
8.780487804878047906e-03,3.333333333333333981e-03,4.847533632286994687e-03,1.277904102817598031e-02
8.780487804878047906e-03,3.333333333333333981e-03,4.847533632286994687e-03,1.277904102817598031e-02
8.780487804878047906e-03,3.333333333333333981e-03,4.847533632286994687e-03,1.277904102817598031e-02
8.780487804878047906e-03,3.333333333333333981e-03,4.847533632286994687e-03,1.277904102817598031e-02
8.780487804878047906e-03,3.333333333333333981e-03,4.847533632286994687e-03,1.277904102817598031e-02
8.780487804878047906e-03,3.333333333333333981e-03,4.847533632286994687e-03,1.277904102817598031e-02
8.780487804878047906e-03,3.333333333333333981e-03,4.847533632286994687e-03,1.277904102817598031e-02
8.780487804878047906e-03,3.333333333333333981e-03,4.847533632286994687e-03,1.277904102817598031e-02
8.780487804878047906e-03,3.333333333333333981e-03,4.847533632286994687e-03,1.277904102817598031e-02
8.780487804878047906e-03,3.333333333333333981e-03,4.847533632286994687e-03,1.277904102817598031e-02
8.780487804878047906e-03,3.333333333333333981e-03,4.847533632286994687e-03,1.277904102817598031e-02
8.780487804878047906e-03,3.333333333333333981e-03,4.847533632286994687e-03,1.277904102817598031e-02
8.780487804878047906e-03,3.333333333333333981e-03,4.847533632286994687e-03,1.277904102817598031e-02
8.780487804878047906e-03,3.333333333333333981e-03,4.847533632286994687e-03,1.277904102817598031e-02
8.780487804878047906e-03,3.333333333333333981e-03,4.847533632286994687e-03,1.277904102817598031e-02
8.780487804878047906e-03,3.333333333333333981e-03,4.847533632286994687e-03,1.277904102817598031e-02
8.780487804878047906e-03,3.333333333333333981e-03,4.847533632286994687e-03,1.277904102817598031e-02
8.780487804878047906e-03,3.333333333333333981e-03,4.847533632286994687e-03,1.277904102817598031e-02
8.780487804878047906e-03,3.333333333333333981e-03,4.847533632286994687e-03,1.277904102817598031e-02
8.780487804878047906e-03,3.333333333333333981e-03,4.847533632286994687e-03,1.277904102817598031e-02
8.780487804878047906e-03,3.333333333333333981e-03,4.847533632286994687e-03,1.277904102817598031e-02
8.780487804878047906e-03,3.333333333333333981e-03,4.847533632286994687e-03,1.277904102817598031e-02
8.780487804878047906e-03,3.333333333333333981e-03,4.847533632286994687e-03,1.277904102817598031e-02
8.780487804878047906e-03,3.333333333333333981e-03,4.847533632286994687e-03,1.277904102817598031e-02
8.780487804878047906e-03,3.333333333333333981e-03,4.847533632286994687e-03,1.277904102817598031e-02
8.780487804878047906e-03,3.333333333333333981e-03,4.847533632286994687e-03,1.277904102817598031e-02
8.780487804878047906e-03,3.333333333333333981e-03,4.847533632286994687e-03,1.277904102817598031e-02
8.780487804878047906e-03,3.333333333333333981e-03,4.847533632286994687e-03,1.277904102817598031e-02
8.780487804878047906e-03,3.333333333333333981e-03,4.847533632286994687e-03,1.277904102817598031e-02
8.780487804878047906e-03,3.333333333333333981e-03,4.847533632286994687e-03,1.277904102817598031e-02
8.780487804878047906e-03,3.333333333333333981e-03,4.847533632286994687e-03,1.277904102817598031e-02
8.780487804878047906e-03,3.333333333333333981e-03,4.847533632286994687e-03,1.277904102817598031e-02
8.780487804878047906e-03,3.333333333333333981e-03,4.847533632286994687e-03,1.277904102817598031e-02
8.780487804878047906e-03,3.333333333333333981e-03,4.847533632286994687e-03,1.277904102817598031e-02
8.780487804878047906e-03,3.333333333333333981e-03,4.847533632286994687e-03,1.277904102817598031e-02
8.780487804878047906e-03,3.333333333333333981e-03,4.847533632286994687e-03,1.277904102817598031e-02
8.780487804878047906e-03,3.333333333333333981e-03,4.847533632286994687e-03,1.277904102817598031e-02
8.780487804878047906e-03,3.333333333333333981e-03,4.847533632286994687e-03,1.277904102817598031e-02
8.780487804878047906e-03,3.333333333333333981e-03,4.847533632286994687e-03,1.277904102817598031e-02
8.780487804878047906e-03,3.333333333333333981e-03,4.847533632286994687e-03,1.277904102817598031e-02
8.780487804878047906e-03,3.333333333333333981e-03,4.847533632286994687e-03,1.277904102817598031e-02
8.780487804878047906e-03,3.333333333333333981e-03,4.847533632286994687e-03,1.277904102817598031e-02
8.780487804878047906e-03,3.333333333333333981e-03,4.847533632286994687e-03,1.277904102817598031e-02
8.780487804878047906e-03,3.333333333333333981e-03,4.847533632286994687e-03,1.277904102817598031e-02
8.780487804878047906e-03,3.333333333333333981e-03,4.847533632286994687e-03,1.277904102817598031e-02
8.780487804878047906e-03,3.333333333333333981e-03,4.847533632286994687e-03,1.277904102817598031e-02
8.780487804878047906e-03,3.333333333333333981e-03,4.847533632286994687e-03,1.277904102817598031e-02
8.780487804878047906e-03,3.333333333333333981e-03,4.847533632286994687e-03,1.277904102817598031e-02
8.780487804878047906e-03,3.333333333333333981e-03,4.847533632286994687e-03,1.277904102817598031e-02
8.780487804878047906e-03,3.333333333333333981e-03,4.847533632286994687e-03,1.277904102817598031e-02
8.780487804878047906e-03,3.333333333333333981e-03,4.847533632286994687e-03,1.277904102817598031e-02
8.780487804878047906e-03,3.333333333333333981e-03,4.847533632286994687e-03,1.277904102817598031e-02
8.780487804878047906e-03,3.333333333333333981e-03,4.847533632286994687e-03,1.277904102817598031e-02
8.780487804878047906e-03,3.333333333333333981e-03,4.847533632286994687e-03,1.277904102817598031e-02
8.780487804878047906e-03,3.333333333333333981e-03,4.847533632286994687e-03,1.277904102817598031e-02
8.780487804878047906e-03,3.333333333333333981e-03,4.847533632286994687e-03,1.277904102817598031e-02
8.780487804878047906e-03,3.333333333333333981e-03,4.847533632286994687e-03,1.277904102817598031e-02
8.780487804878047906e-03,3.333333333333333981e-03,4.847533632286994687e-03,1.277904102817598031e-02
8.780487804878047906e-03,3.333333333333333981e-03,4.847533632286994687e-03,1.277904102817598031e-02
8.780487804878047906e-03,3.333333333333333981e-03,4.847533632286994687e-03,1.277904102817598031e-02
8.780487804878047906e-03,3.333333333333333981e-03,4.847533632286994687e-03,1.277904102817598031e-02
8.780487804878047906e-03,3.333333333333333981e-03,4.847533632286994687e-03,1.277904102817598031e-02
8.780487804878047906e-03,3.333333333333333981e-03,4.847533632286994687e-03,1.277904102817598031e-02
8.780487804878047906e-03,3.333333333333333981e-03,4.847533632286994687e-03,1.277904102817598031e-02
8.780487804878047906e-03,3.333333333333333981e-03,4.847533632286994687e-03,1.277904102817598031e-02
8.780487804878047906e-03,3.333333333333333981e-03,4.847533632286994687e-03,1.277904102817598031e-02
8.780487804878047906e-03,3.333333333333333981e-03,4.847533632286994687e-03,1.277904102817598031e-02
8.780487804878047906e-03,3.333333333333333981e-03,4.847533632286994687e-03,1.277904102817598031e-02
8.780487804878047906e-03,3.333333333333333981e-03,4.847533632286994687e-03,1.277904102817598031e-02
8.780487804878047906e-03,3.333333333333333981e-03,4.847533632286994687e-03,1.277904102817598031e-02
8.780487804878047906e-03,3.333333333333333981e-03,4.847533632286994687e-03,1.277904102817598031e-02
8.780487804878047906e-03,3.333333333333333981e-03,4.847533632286994687e-03,1.277904102817598031e-02
8.780487804878047906e-03,3.333333333333333981e-03,4.847533632286994687e-03,1.277904102817598031e-02
8.780487804878047906e-03,3.333333333333333981e-03,4.847533632286994687e-03,1.277904102817598031e-02
8.780487804878047906e-03,3.333333333333333981e-03,4.847533632286994687e-03,1.277904102817598031e-02
8.780487804878047906e-03,3.333333333333333981e-03,4.847533632286994687e-03,1.277904102817598031e-02
8.780487804878047906e-03,3.333333333333333981e-03,4.847533632286994687e-03,1.277904102817598031e-02
8.780487804878047906e-03,3.333333333333333981e-03,4.847533632286994687e-03,1.277904102817598031e-02
8.780487804878047906e-03,3.333333333333333981e-03,4.847533632286994687e-03,1.277904102817598031e-02
8.780487804878047906e-03,3.333333333333333981e-03,4.847533632286994687e-03,1.277904102817598031e-02
8.780487804878047906e-03,3.333333333333333981e-03,4.847533632286994687e-03,1.277904102817598031e-02
8.780487804878047906e-03,3.333333333333333981e-03,4.847533632286994687e-03,1.277904102817598031e-02
8.780487804878047906e-03,3.333333333333333981e-03,4.847533632286994687e-03,1.277904102817598031e-02
8.780487804878047906e-03,3.333333333333333981e-03,4.847533632286994687e-03,1.277904102817598031e-02
8.780487804878047906e-03,3.333333333333333981e-03,4.847533632286994687e-03,1.277904102817598031e-02
8.780487804878047906e-03,3.333333333333333981e-03,4.847533632286994687e-03,1.277904102817598031e-02
8.780487804878047906e-03,3.333333333333333981e-03,4.847533632286994687e-03,1.277904102817598031e-02
8.780487804878047906e-03,3.333333333333333981e-03,4.847533632286994687e-03,1.277904102817598031e-02
8.780487804878047906e-03,3.333333333333333981e-03,4.847533632286994687e-03,1.277904102817598031e-02
8.780487804878047906e-03,3.333333333333333981e-03,4.847533632286994687e-03,1.277904102817598031e-02
8.780487804878047906e-03,3.333333333333333981e-03,4.847533632286994687e-03,1.277904102817598031e-02
8.780487804878047906e-03,3.333333333333333981e-03,4.847533632286994687e-03,1.277904102817598031e-02
8.780487804878047906e-03,3.333333333333333981e-03,4.847533632286994687e-03,1.277904102817598031e-02
8.780487804878047906e-03,3.333333333333333981e-03,4.847533632286994687e-03,1.277904102817598031e-02
8.780487804878047906e-03,3.333333333333333981e-03,4.847533632286994687e-03,1.277904102817598031e-02
8.780487804878047906e-03,3.333333333333333981e-03,4.847533632286994687e-03,1.277904102817598031e-02
8.780487804878047906e-03,3.333333333333333981e-03,4.847533632286994687e-03,1.277904102817598031e-02
8.780487804878047906e-03,3.333333333333333981e-03,4.847533632286994687e-03,1.277904102817598031e-02
8.780487804878047906e-03,3.333333333333333981e-03,4.847533632286994687e-03,1.277904102817598031e-02
8.780487804878047906e-03,3.333333333333333981e-03,4.847533632286994687e-03,1.277904102817598031e-02
8.780487804878047906e-03,3.333333333333333981e-03,4.847533632286994687e-03,1.277904102817598031e-02
8.780487804878047906e-03,3.333333333333333981e-03,4.847533632286994687e-03,1.277904102817598031e-02
8.780487804878047906e-03,3.333333333333333981e-03,4.847533632286994687e-03,1.277904102817598031e-02
8.780487804878047906e-03,3.333333333333333981e-03,4.847533632286994687e-03,1.277904102817598031e-02
8.780487804878047906e-03,3.333333333333333981e-03,4.847533632286994687e-03,1.277904102817598031e-02
8.780487804878047906e-03,3.333333333333333981e-03,4.847533632286994687e-03,1.277904102817598031e-02
8.780487804878047906e-03,3.333333333333333981e-03,4.847533632286994687e-03,1.277904102817598031e-02
8.780487804878047906e-03,3.333333333333333981e-03,4.847533632286994687e-03,1.277904102817598031e-02
8.780487804878047906e-03,3.333333333333333981e-03,4.847533632286994687e-03,1.277904102817598031e-02
8.780487804878047906e-03,3.333333333333333981e-03,4.847533632286994687e-03,1.277904102817598031e-02
8.780487804878047906e-03,3.333333333333333981e-03,4.847533632286994687e-03,1.277904102817598031e-02
8.780487804878047906e-03,3.333333333333333981e-03,4.847533632286994687e-03,1.277904102817598031e-02
8.780487804878047906e-03,3.333333333333333981e-03,4.847533632286994687e-03,1.277904102817598031e-02
8.780487804878047906e-03,3.333333333333333981e-03,4.847533632286994687e-03,1.277904102817598031e-02
8.780487804878047906e-03,3.333333333333333981e-03,4.847533632286994687e-03,1.277904102817598031e-02
8.780487804878047906e-03,3.333333333333333981e-03,4.847533632286994687e-03,1.277904102817598031e-02
8.780487804878047906e-03,3.333333333333333981e-03,4.847533632286994687e-03,1.277904102817598031e-02
8.780487804878047906e-03,3.333333333333333981e-03,4.847533632286994687e-03,1.277904102817598031e-02
8.780487804878047906e-03,3.333333333333333981e-03,4.847533632286994687e-03,1.277904102817598031e-02
8.780487804878047906e-03,3.333333333333333981e-03,4.847533632286994687e-03,1.277904102817598031e-02
8.780487804878047906e-03,3.333333333333333981e-03,4.847533632286994687e-03,1.277904102817598031e-02
8.780487804878047906e-03,3.333333333333333981e-03,4.847533632286994687e-03,1.277904102817598031e-02
8.780487804878047906e-03,3.333333333333333981e-03,4.847533632286994687e-03,1.277904102817598031e-02
8.780487804878047906e-03,3.333333333333333981e-03,4.847533632286994687e-03,1.277904102817598031e-02
8.780487804878047906e-03,3.333333333333333981e-03,4.847533632286994687e-03,1.277904102817598031e-02
8.780487804878047906e-03,3.333333333333333981e-03,4.847533632286994687e-03,1.277904102817598031e-02
8.780487804878047906e-03,3.333333333333333981e-03,4.847533632286994687e-03,1.277904102817598031e-02
8.780487804878047906e-03,3.333333333333333981e-03,4.847533632286994687e-03,1.277904102817598031e-02
8.780487804878047906e-03,3.333333333333333981e-03,4.847533632286994687e-03,1.277904102817598031e-02
8.780487804878047906e-03,3.333333333333333981e-03,4.847533632286994687e-03,1.277904102817598031e-02
8.780487804878047906e-03,3.333333333333333981e-03,4.847533632286994687e-03,1.277904102817598031e-02
8.780487804878047906e-03,3.333333333333333981e-03,4.847533632286994687e-03,1.277904102817598031e-02
8.780487804878047906e-03,3.333333333333333981e-03,4.847533632286994687e-03,1.277904102817598031e-02
8.780487804878047906e-03,3.333333333333333981e-03,4.847533632286994687e-03,1.277904102817598031e-02
8.780487804878047906e-03,3.333333333333333981e-03,4.847533632286994687e-03,1.277904102817598031e-02
8.780487804878047906e-03,3.333333333333333981e-03,4.847533632286994687e-03,1.277904102817598031e-02
8.780487804878047906e-03,3.333333333333333981e-03,4.847533632286994687e-03,1.277904102817598031e-02
8.780487804878047906e-03,3.333333333333333981e-03,4.847533632286994687e-03,1.277904102817598031e-02
8.780487804878047906e-03,3.333333333333333981e-03,4.847533632286994687e-03,1.277904102817598031e-02
8.780487804878047906e-03,3.333333333333333981e-03,4.847533632286994687e-03,1.277904102817598031e-02
8.780487804878047906e-03,3.333333333333333981e-03,4.847533632286994687e-03,1.277904102817598031e-02
8.780487804878047906e-03,3.333333333333333981e-03,4.847533632286994687e-03,1.277904102817598031e-02
8.780487804878047906e-03,3.333333333333333981e-03,4.847533632286994687e-03,1.277904102817598031e-02
8.780487804878047906e-03,3.333333333333333981e-03,4.847533632286994687e-03,1.277904102817598031e-02
8.780487804878047906e-03,3.333333333333333981e-03,4.847533632286994687e-03,1.277904102817598031e-02
8.780487804878047906e-03,3.333333333333333981e-03,4.847533632286994687e-03,1.277904102817598031e-02
8.780487804878047906e-03,3.333333333333333981e-03,4.847533632286994687e-03,1.277904102817598031e-02
8.780487804878047906e-03,3.333333333333333981e-03,4.847533632286994687e-03,1.277904102817598031e-02
8.780487804878047906e-03,3.333333333333333981e-03,4.847533632286994687e-03,1.277904102817598031e-02
8.780487804878047906e-03,3.333333333333333981e-03,4.847533632286994687e-03,1.277904102817598031e-02
8.780487804878047906e-03,3.333333333333333981e-03,4.847533632286994687e-03,1.277904102817598031e-02
8.780487804878047906e-03,3.333333333333333981e-03,4.847533632286994687e-03,1.277904102817598031e-02
8.780487804878047906e-03,3.333333333333333981e-03,4.847533632286994687e-03,1.277904102817598031e-02
8.780487804878047906e-03,3.333333333333333981e-03,4.847533632286994687e-03,1.277904102817598031e-02
8.780487804878047906e-03,3.333333333333333981e-03,4.847533632286994687e-03,1.277904102817598031e-02
8.780487804878047906e-03,3.333333333333333981e-03,4.847533632286994687e-03,1.277904102817598031e-02
8.780487804878047906e-03,3.333333333333333981e-03,4.847533632286994687e-03,1.277904102817598031e-02
8.780487804878047906e-03,3.333333333333333981e-03,4.847533632286994687e-03,1.277904102817598031e-02
8.780487804878047906e-03,3.333333333333333981e-03,4.847533632286994687e-03,1.277904102817598031e-02
8.780487804878047906e-03,3.333333333333333981e-03,4.847533632286994687e-03,1.277904102817598031e-02
8.780487804878047906e-03,3.333333333333333981e-03,4.847533632286994687e-03,1.277904102817598031e-02
8.780487804878047906e-03,3.333333333333333981e-03,4.847533632286994687e-03,1.277904102817598031e-02
8.780487804878047906e-03,3.333333333333333981e-03,4.847533632286994687e-03,1.277904102817598031e-02
8.780487804878047906e-03,3.333333333333333981e-03,4.847533632286994687e-03,1.277904102817598031e-02
8.780487804878047906e-03,3.333333333333333981e-03,4.847533632286994687e-03,1.277904102817598031e-02
8.780487804878047906e-03,3.333333333333333981e-03,4.847533632286994687e-03,1.277904102817598031e-02
8.780487804878047906e-03,3.333333333333333981e-03,4.847533632286994687e-03,1.277904102817598031e-02
8.780487804878047906e-03,3.333333333333333981e-03,4.847533632286994687e-03,1.277904102817598031e-02
8.780487804878047906e-03,3.333333333333333981e-03,4.847533632286994687e-03,1.277904102817598031e-02
8.780487804878047906e-03,3.333333333333333981e-03,4.847533632286994687e-03,1.277904102817598031e-02
8.780487804878047906e-03,3.333333333333333981e-03,4.847533632286994687e-03,1.277904102817598031e-02
8.780487804878047906e-03,3.333333333333333981e-03,4.847533632286994687e-03,1.277904102817598031e-02
8.780487804878047906e-03,3.333333333333333981e-03,4.847533632286994687e-03,1.277904102817598031e-02
8.780487804878047906e-03,3.333333333333333981e-03,4.847533632286994687e-03,1.277904102817598031e-02
8.780487804878047906e-03,3.333333333333333981e-03,4.847533632286994687e-03,1.277904102817598031e-02
8.780487804878047906e-03,3.333333333333333981e-03,4.847533632286994687e-03,1.277904102817598031e-02
8.780487804878047906e-03,3.333333333333333981e-03,4.847533632286994687e-03,1.277904102817598031e-02
8.780487804878047906e-03,3.333333333333333981e-03,4.847533632286994687e-03,1.277904102817598031e-02
8.780487804878047906e-03,3.333333333333333981e-03,4.847533632286994687e-03,1.277904102817598031e-02
8.780487804878047906e-03,3.333333333333333981e-03,4.847533632286994687e-03,1.277904102817598031e-02
8.780487804878047906e-03,3.333333333333333981e-03,4.847533632286994687e-03,1.277904102817598031e-02
8.780487804878047906e-03,3.333333333333333981e-03,4.847533632286994687e-03,1.277904102817598031e-02
8.780487804878047906e-03,3.333333333333333981e-03,4.847533632286994687e-03,1.277904102817598031e-02
8.780487804878047906e-03,3.333333333333333981e-03,4.847533632286994687e-03,1.277904102817598031e-02
8.780487804878047906e-03,3.333333333333333981e-03,4.847533632286994687e-03,1.277904102817598031e-02
8.780487804878047906e-03,3.333333333333333981e-03,4.847533632286994687e-03,1.277904102817598031e-02
8.780487804878047906e-03,3.333333333333333981e-03,4.847533632286994687e-03,1.277904102817598031e-02
8.780487804878047906e-03,3.333333333333333981e-03,4.847533632286994687e-03,1.277904102817598031e-02
8.780487804878047906e-03,3.333333333333333981e-03,4.847533632286994687e-03,1.277904102817598031e-02
8.780487804878047906e-03,3.333333333333333981e-03,4.847533632286994687e-03,1.277904102817598031e-02
8.780487804878047906e-03,3.333333333333333981e-03,4.847533632286994687e-03,1.277904102817598031e-02
8.780487804878047906e-03,3.333333333333333981e-03,4.847533632286994687e-03,1.277904102817598031e-02
8.780487804878047906e-03,3.333333333333333981e-03,4.847533632286994687e-03,1.277904102817598031e-02
8.780487804878047906e-03,3.333333333333333981e-03,4.847533632286994687e-03,1.277904102817598031e-02
8.780487804878047906e-03,3.333333333333333981e-03,4.847533632286994687e-03,1.277904102817598031e-02
8.780487804878047906e-03,3.333333333333333981e-03,4.847533632286994687e-03,1.277904102817598031e-02
8.780487804878047906e-03,3.333333333333333981e-03,4.847533632286994687e-03,1.277904102817598031e-02
8.780487804878047906e-03,3.333333333333333981e-03,4.847533632286994687e-03,1.277904102817598031e-02
8.780487804878047906e-03,3.333333333333333981e-03,4.847533632286994687e-03,1.277904102817598031e-02
8.780487804878047906e-03,3.333333333333333981e-03,4.847533632286994687e-03,1.277904102817598031e-02
8.780487804878047906e-03,3.333333333333333981e-03,4.847533632286994687e-03,1.277904102817598031e-02
8.780487804878047906e-03,3.333333333333333981e-03,4.847533632286994687e-03,1.277904102817598031e-02
8.780487804878047906e-03,3.333333333333333981e-03,4.847533632286994687e-03,1.277904102817598031e-02
8.780487804878047906e-03,3.333333333333333981e-03,4.847533632286994687e-03,1.277904102817598031e-02
8.780487804878047906e-03,3.333333333333333981e-03,4.847533632286994687e-03,1.277904102817598031e-02
8.780487804878047906e-03,3.333333333333333981e-03,4.847533632286994687e-03,1.277904102817598031e-02
8.780487804878047906e-03,3.333333333333333981e-03,4.847533632286994687e-03,1.277904102817598031e-02
8.780487804878047906e-03,3.333333333333333981e-03,4.847533632286994687e-03,1.277904102817598031e-02
8.780487804878047906e-03,3.333333333333333981e-03,4.847533632286994687e-03,1.277904102817598031e-02
8.780487804878047906e-03,3.333333333333333981e-03,4.847533632286994687e-03,1.277904102817598031e-02
8.780487804878047906e-03,3.333333333333333981e-03,4.847533632286994687e-03,1.277904102817598031e-02
8.780487804878047906e-03,3.333333333333333981e-03,4.847533632286994687e-03,1.277904102817598031e-02
8.780487804878047906e-03,3.333333333333333981e-03,4.847533632286994687e-03,1.277904102817598031e-02
8.780487804878047906e-03,3.333333333333333981e-03,4.847533632286994687e-03,1.277904102817598031e-02
8.780487804878047906e-03,3.333333333333333981e-03,4.847533632286994687e-03,1.277904102817598031e-02
8.780487804878047906e-03,3.333333333333333981e-03,4.847533632286994687e-03,1.277904102817598031e-02
8.780487804878047906e-03,3.333333333333333981e-03,4.847533632286994687e-03,1.277904102817598031e-02
8.780487804878047906e-03,3.333333333333333981e-03,4.847533632286994687e-03,1.277904102817598031e-02
8.780487804878047906e-03,3.333333333333333981e-03,4.847533632286994687e-03,1.277904102817598031e-02
8.780487804878047906e-03,3.333333333333333981e-03,4.847533632286994687e-03,1.277904102817598031e-02
8.780487804878047906e-03,3.333333333333333981e-03,4.847533632286994687e-03,1.277904102817598031e-02
8.780487804878047906e-03,3.333333333333333981e-03,4.847533632286994687e-03,1.277904102817598031e-02
8.780487804878047906e-03,3.333333333333333981e-03,4.847533632286994687e-03,1.277904102817598031e-02
8.780487804878047906e-03,3.333333333333333981e-03,4.847533632286994687e-03,1.277904102817598031e-02
8.780487804878047906e-03,3.333333333333333981e-03,4.847533632286994687e-03,1.277904102817598031e-02
8.780487804878047906e-03,3.333333333333333981e-03,4.847533632286994687e-03,1.277904102817598031e-02
8.780487804878047906e-03,3.333333333333333981e-03,4.847533632286994687e-03,1.277904102817598031e-02
8.780487804878047906e-03,3.333333333333333981e-03,4.847533632286994687e-03,1.277904102817598031e-02
8.780487804878047906e-03,3.333333333333333981e-03,4.847533632286994687e-03,1.277904102817598031e-02
8.780487804878047906e-03,3.333333333333333981e-03,4.847533632286994687e-03,1.277904102817598031e-02
8.780487804878047906e-03,3.333333333333333981e-03,4.847533632286994687e-03,1.277904102817598031e-02
8.780487804878047906e-03,3.333333333333333981e-03,4.847533632286994687e-03,1.277904102817598031e-02
8.780487804878047906e-03,3.333333333333333981e-03,4.847533632286994687e-03,1.277904102817598031e-02
8.780487804878047906e-03,3.333333333333333981e-03,4.847533632286994687e-03,1.277904102817598031e-02
8.780487804878047906e-03,3.333333333333333981e-03,4.847533632286994687e-03,1.277904102817598031e-02
8.780487804878047906e-03,3.333333333333333981e-03,4.847533632286994687e-03,1.277904102817598031e-02
8.780487804878047906e-03,3.333333333333333981e-03,4.847533632286994687e-03,1.277904102817598031e-02
8.780487804878047906e-03,3.333333333333333981e-03,4.847533632286994687e-03,1.277904102817598031e-02
8.780487804878047906e-03,3.333333333333333981e-03,4.847533632286994687e-03,1.277904102817598031e-02
8.780487804878047906e-03,3.333333333333333981e-03,4.847533632286994687e-03,1.277904102817598031e-02
8.780487804878047906e-03,3.333333333333333981e-03,4.847533632286994687e-03,1.277904102817598031e-02
8.780487804878047906e-03,3.333333333333333981e-03,4.847533632286994687e-03,1.277904102817598031e-02
8.780487804878047906e-03,3.333333333333333981e-03,4.847533632286994687e-03,1.277904102817598031e-02
8.780487804878047906e-03,3.333333333333333981e-03,4.847533632286994687e-03,1.277904102817598031e-02
8.780487804878047906e-03,3.333333333333333981e-03,4.847533632286994687e-03,1.277904102817598031e-02
8.780487804878047906e-03,3.333333333333333981e-03,4.847533632286994687e-03,1.277904102817598031e-02
8.780487804878047906e-03,3.333333333333333981e-03,4.847533632286994687e-03,1.277904102817598031e-02
8.780487804878047906e-03,3.333333333333333981e-03,4.847533632286994687e-03,1.277904102817598031e-02
8.780487804878047906e-03,3.333333333333333981e-03,4.847533632286994687e-03,1.277904102817598031e-02
8.780487804878047906e-03,3.333333333333333981e-03,4.847533632286994687e-03,1.277904102817598031e-02
8.780487804878047906e-03,3.333333333333333981e-03,4.847533632286994687e-03,1.277904102817598031e-02
8.780487804878047906e-03,3.333333333333333981e-03,4.847533632286994687e-03,1.277904102817598031e-02
8.780487804878047906e-03,3.333333333333333981e-03,4.847533632286994687e-03,1.277904102817598031e-02
8.780487804878047906e-03,3.333333333333333981e-03,4.847533632286994687e-03,1.277904102817598031e-02
8.780487804878047906e-03,3.333333333333333981e-03,4.847533632286994687e-03,1.277904102817598031e-02
8.780487804878047906e-03,3.333333333333333981e-03,4.847533632286994687e-03,1.277904102817598031e-02
8.780487804878047906e-03,3.333333333333333981e-03,4.847533632286994687e-03,1.277904102817598031e-02
8.780487804878047906e-03,3.333333333333333981e-03,4.847533632286994687e-03,1.277904102817598031e-02
8.780487804878047906e-03,3.333333333333333981e-03,4.847533632286994687e-03,1.277904102817598031e-02
8.780487804878047906e-03,3.333333333333333981e-03,4.847533632286994687e-03,1.277904102817598031e-02
8.780487804878047906e-03,3.333333333333333981e-03,4.847533632286994687e-03,1.277904102817598031e-02
8.780487804878047906e-03,3.333333333333333981e-03,4.847533632286994687e-03,1.277904102817598031e-02
8.780487804878047906e-03,3.333333333333333981e-03,4.847533632286994687e-03,1.277904102817598031e-02
8.780487804878047906e-03,3.333333333333333981e-03,4.847533632286994687e-03,1.277904102817598031e-02
8.780487804878047906e-03,3.333333333333333981e-03,4.847533632286994687e-03,1.277904102817598031e-02
8.780487804878047906e-03,3.333333333333333981e-03,4.847533632286994687e-03,1.277904102817598031e-02
8.780487804878047906e-03,3.333333333333333981e-03,4.847533632286994687e-03,1.277904102817598031e-02
8.780487804878047906e-03,3.333333333333333981e-03,4.847533632286994687e-03,1.277904102817598031e-02
8.780487804878047906e-03,3.333333333333333981e-03,4.847533632286994687e-03,1.277904102817598031e-02
8.780487804878047906e-03,3.333333333333333981e-03,4.847533632286994687e-03,1.277904102817598031e-02
8.780487804878047906e-03,3.333333333333333981e-03,4.847533632286994687e-03,1.277904102817598031e-02
8.780487804878047906e-03,3.333333333333333981e-03,4.847533632286994687e-03,1.277904102817598031e-02
8.780487804878047906e-03,3.333333333333333981e-03,4.847533632286994687e-03,1.277904102817598031e-02
8.780487804878047906e-03,3.333333333333333981e-03,4.847533632286994687e-03,1.277904102817598031e-02
8.780487804878047906e-03,3.333333333333333981e-03,4.847533632286994687e-03,1.277904102817598031e-02
8.780487804878047906e-03,3.333333333333333981e-03,4.847533632286994687e-03,1.277904102817598031e-02
8.780487804878047906e-03,3.333333333333333981e-03,4.847533632286994687e-03,1.277904102817598031e-02
8.780487804878047906e-03,3.333333333333333981e-03,4.847533632286994687e-03,1.277904102817598031e-02
8.780487804878047906e-03,3.333333333333333981e-03,4.847533632286994687e-03,1.277904102817598031e-02
8.780487804878047906e-03,3.333333333333333981e-03,4.847533632286994687e-03,1.277904102817598031e-02
8.780487804878047906e-03,3.333333333333333981e-03,4.847533632286994687e-03,1.277904102817598031e-02
8.780487804878047906e-03,3.333333333333333981e-03,4.847533632286994687e-03,1.277904102817598031e-02
8.780487804878047906e-03,3.333333333333333981e-03,4.847533632286994687e-03,1.277904102817598031e-02
8.780487804878047906e-03,3.333333333333333981e-03,4.847533632286994687e-03,1.277904102817598031e-02
8.780487804878047906e-03,3.333333333333333981e-03,4.847533632286994687e-03,1.277904102817598031e-02
8.780487804878047906e-03,3.333333333333333981e-03,4.847533632286994687e-03,1.277904102817598031e-02
8.780487804878047906e-03,3.333333333333333981e-03,4.847533632286994687e-03,1.277904102817598031e-02
8.780487804878047906e-03,3.333333333333333981e-03,4.847533632286994687e-03,1.277904102817598031e-02
8.780487804878047906e-03,3.333333333333333981e-03,4.847533632286994687e-03,1.277904102817598031e-02
8.780487804878047906e-03,3.333333333333333981e-03,4.847533632286994687e-03,1.277904102817598031e-02
8.780487804878047906e-03,3.333333333333333981e-03,4.847533632286994687e-03,1.277904102817598031e-02
8.780487804878047906e-03,3.333333333333333981e-03,4.847533632286994687e-03,1.277904102817598031e-02
8.780487804878047906e-03,3.333333333333333981e-03,4.847533632286994687e-03,1.277904102817598031e-02
8.780487804878047906e-03,3.333333333333333981e-03,4.847533632286994687e-03,1.277904102817598031e-02
8.780487804878047906e-03,3.333333333333333981e-03,4.847533632286994687e-03,1.277904102817598031e-02
8.780487804878047906e-03,3.333333333333333981e-03,4.847533632286994687e-03,1.277904102817598031e-02
8.780487804878047906e-03,3.333333333333333981e-03,4.847533632286994687e-03,1.277904102817598031e-02
8.780487804878047906e-03,3.333333333333333981e-03,4.847533632286994687e-03,1.277904102817598031e-02
8.780487804878047906e-03,3.333333333333333981e-03,4.847533632286994687e-03,1.277904102817598031e-02
8.780487804878047906e-03,3.333333333333333981e-03,4.847533632286994687e-03,1.277904102817598031e-02
8.780487804878047906e-03,3.333333333333333981e-03,4.847533632286994687e-03,1.277904102817598031e-02
8.780487804878047906e-03,3.333333333333333981e-03,4.847533632286994687e-03,1.277904102817598031e-02
8.780487804878047906e-03,3.333333333333333981e-03,4.847533632286994687e-03,1.277904102817598031e-02
8.780487804878047906e-03,3.333333333333333981e-03,4.847533632286994687e-03,1.277904102817598031e-02
8.780487804878047906e-03,3.333333333333333981e-03,4.847533632286994687e-03,1.277904102817598031e-02
8.780487804878047906e-03,3.333333333333333981e-03,4.847533632286994687e-03,1.277904102817598031e-02
8.780487804878047906e-03,3.333333333333333981e-03,4.847533632286994687e-03,1.277904102817598031e-02
8.780487804878047906e-03,3.333333333333333981e-03,4.847533632286994687e-03,1.277904102817598031e-02
8.780487804878047906e-03,3.333333333333333981e-03,4.847533632286994687e-03,1.277904102817598031e-02
8.780487804878047906e-03,3.333333333333333981e-03,4.847533632286994687e-03,1.277904102817598031e-02
8.780487804878047906e-03,3.333333333333333981e-03,4.847533632286994687e-03,1.277904102817598031e-02
8.780487804878047906e-03,3.333333333333333981e-03,4.847533632286994687e-03,1.277904102817598031e-02
8.780487804878047906e-03,3.333333333333333981e-03,4.847533632286994687e-03,1.277904102817598031e-02
8.780487804878047906e-03,3.333333333333333981e-03,4.847533632286994687e-03,1.277904102817598031e-02
8.780487804878047906e-03,3.333333333333333981e-03,4.847533632286994687e-03,1.277904102817598031e-02
8.780487804878047906e-03,3.333333333333333981e-03,4.847533632286994687e-03,1.277904102817598031e-02
8.780487804878047906e-03,3.333333333333333981e-03,4.847533632286994687e-03,1.277904102817598031e-02
8.780487804878047906e-03,3.333333333333333981e-03,4.847533632286994687e-03,1.277904102817598031e-02
8.780487804878047906e-03,3.333333333333333981e-03,4.847533632286994687e-03,1.277904102817598031e-02
8.780487804878047906e-03,3.333333333333333981e-03,4.847533632286994687e-03,1.277904102817598031e-02
8.780487804878047906e-03,3.333333333333333981e-03,4.847533632286994687e-03,1.277904102817598031e-02
8.780487804878047906e-03,3.333333333333333981e-03,4.847533632286994687e-03,1.277904102817598031e-02
8.780487804878047906e-03,3.333333333333333981e-03,4.847533632286994687e-03,1.277904102817598031e-02
8.780487804878047906e-03,3.333333333333333981e-03,4.847533632286994687e-03,1.277904102817598031e-02
8.780487804878047906e-03,3.333333333333333981e-03,4.847533632286994687e-03,1.277904102817598031e-02
8.780487804878047906e-03,3.333333333333333981e-03,4.847533632286994687e-03,1.277904102817598031e-02
8.780487804878047906e-03,3.333333333333333981e-03,4.847533632286994687e-03,1.277904102817598031e-02
8.780487804878047906e-03,3.333333333333333981e-03,4.847533632286994687e-03,1.277904102817598031e-02
8.780487804878047906e-03,3.333333333333333981e-03,4.847533632286994687e-03,1.277904102817598031e-02
8.780487804878047906e-03,3.333333333333333981e-03,4.847533632286994687e-03,1.277904102817598031e-02
8.780487804878047906e-03,3.333333333333333981e-03,4.847533632286994687e-03,1.277904102817598031e-02
8.780487804878047906e-03,3.333333333333333981e-03,4.847533632286994687e-03,1.277904102817598031e-02
8.780487804878047906e-03,3.333333333333333981e-03,4.847533632286994687e-03,1.277904102817598031e-02
8.780487804878047906e-03,3.333333333333333981e-03,4.847533632286994687e-03,1.277904102817598031e-02
8.780487804878047906e-03,3.333333333333333981e-03,4.847533632286994687e-03,1.277904102817598031e-02
8.780487804878047906e-03,3.333333333333333981e-03,4.847533632286994687e-03,1.277904102817598031e-02
8.780487804878047906e-03,3.333333333333333981e-03,4.847533632286994687e-03,1.277904102817598031e-02
8.780487804878047906e-03,3.333333333333333981e-03,4.847533632286994687e-03,1.277904102817598031e-02
8.780487804878047906e-03,3.333333333333333981e-03,4.847533632286994687e-03,1.277904102817598031e-02
8.780487804878047906e-03,3.333333333333333981e-03,4.847533632286994687e-03,1.277904102817598031e-02
8.780487804878047906e-03,3.333333333333333981e-03,4.847533632286994687e-03,1.277904102817598031e-02
8.780487804878047906e-03,3.333333333333333981e-03,4.847533632286994687e-03,1.277904102817598031e-02
8.780487804878047906e-03,3.333333333333333981e-03,4.847533632286994687e-03,1.277904102817598031e-02
8.780487804878047906e-03,3.333333333333333981e-03,4.847533632286994687e-03,1.277904102817598031e-02
8.780487804878047906e-03,3.333333333333333981e-03,4.847533632286994687e-03,1.277904102817598031e-02
8.780487804878047906e-03,3.333333333333333981e-03,4.847533632286994687e-03,1.277904102817598031e-02
8.780487804878047906e-03,3.333333333333333981e-03,4.847533632286994687e-03,1.277904102817598031e-02
8.780487804878047906e-03,3.333333333333333981e-03,4.847533632286994687e-03,1.277904102817598031e-02
8.780487804878047906e-03,3.333333333333333981e-03,4.847533632286994687e-03,1.277904102817598031e-02
8.780487804878047906e-03,3.333333333333333981e-03,4.847533632286994687e-03,1.277904102817598031e-02
8.780487804878047906e-03,3.333333333333333981e-03,4.847533632286994687e-03,1.277904102817598031e-02
8.780487804878047906e-03,3.333333333333333981e-03,4.847533632286994687e-03,1.277904102817598031e-02
8.780487804878047906e-03,3.333333333333333981e-03,4.847533632286994687e-03,1.277904102817598031e-02
8.780487804878047906e-03,3.333333333333333981e-03,4.847533632286994687e-03,1.277904102817598031e-02
8.780487804878047906e-03,3.333333333333333981e-03,4.847533632286994687e-03,1.277904102817598031e-02
8.780487804878047906e-03,3.333333333333333981e-03,4.847533632286994687e-03,1.277904102817598031e-02
8.780487804878047906e-03,3.333333333333333981e-03,4.847533632286994687e-03,1.277904102817598031e-02
8.780487804878047906e-03,3.333333333333333981e-03,4.847533632286994687e-03,1.277904102817598031e-02
8.780487804878047906e-03,3.333333333333333981e-03,4.847533632286994687e-03,1.277904102817598031e-02
8.780487804878047906e-03,3.333333333333333981e-03,4.847533632286994687e-03,1.277904102817598031e-02
8.780487804878047906e-03,3.333333333333333981e-03,4.847533632286994687e-03,1.277904102817598031e-02
8.780487804878047906e-03,3.333333333333333981e-03,4.847533632286994687e-03,1.277904102817598031e-02
8.780487804878047906e-03,3.333333333333333981e-03,4.847533632286994687e-03,1.277904102817598031e-02
8.780487804878047906e-03,3.333333333333333981e-03,4.847533632286994687e-03,1.277904102817598031e-02
8.780487804878047906e-03,3.333333333333333981e-03,4.847533632286994687e-03,1.277904102817598031e-02
8.780487804878047906e-03,3.333333333333333981e-03,4.847533632286994687e-03,1.277904102817598031e-02
8.780487804878047906e-03,3.333333333333333981e-03,4.847533632286994687e-03,1.277904102817598031e-02
8.780487804878047906e-03,3.333333333333333981e-03,4.847533632286994687e-03,1.277904102817598031e-02
8.780487804878047906e-03,3.333333333333333981e-03,4.847533632286994687e-03,1.277904102817598031e-02
8.780487804878047906e-03,3.333333333333333981e-03,4.847533632286994687e-03,1.277904102817598031e-02
8.780487804878047906e-03,3.333333333333333981e-03,4.847533632286994687e-03,1.277904102817598031e-02
8.780487804878047906e-03,3.333333333333333981e-03,4.847533632286994687e-03,1.277904102817598031e-02
8.780487804878047906e-03,3.333333333333333981e-03,4.847533632286994687e-03,1.277904102817598031e-02
8.780487804878047906e-03,3.333333333333333981e-03,4.847533632286994687e-03,1.277904102817598031e-02
8.780487804878047906e-03,3.333333333333333981e-03,4.847533632286994687e-03,1.277904102817598031e-02
8.780487804878047906e-03,3.333333333333333981e-03,4.847533632286994687e-03,1.277904102817598031e-02
8.780487804878047906e-03,3.333333333333333981e-03,4.847533632286994687e-03,1.277904102817598031e-02
8.780487804878047906e-03,3.333333333333333981e-03,4.847533632286994687e-03,1.277904102817598031e-02
8.780487804878047906e-03,3.333333333333333981e-03,4.847533632286994687e-03,1.277904102817598031e-02
8.780487804878047906e-03,3.333333333333333981e-03,4.847533632286994687e-03,1.277904102817598031e-02
8.780487804878047906e-03,3.333333333333333981e-03,4.847533632286994687e-03,1.277904102817598031e-02
8.780487804878047906e-03,3.333333333333333981e-03,4.847533632286994687e-03,1.277904102817598031e-02
8.780487804878047906e-03,3.333333333333333981e-03,4.847533632286994687e-03,1.277904102817598031e-02
8.780487804878047906e-03,3.333333333333333981e-03,4.847533632286994687e-03,1.277904102817598031e-02
8.780487804878047906e-03,3.333333333333333981e-03,4.847533632286994687e-03,1.277904102817598031e-02
8.780487804878047906e-03,3.333333333333333981e-03,4.847533632286994687e-03,1.277904102817598031e-02
8.780487804878047906e-03,3.333333333333333981e-03,4.847533632286994687e-03,1.277904102817598031e-02
8.780487804878047906e-03,3.333333333333333981e-03,4.847533632286994687e-03,1.277904102817598031e-02
8.780487804878047906e-03,3.333333333333333981e-03,4.847533632286994687e-03,1.277904102817598031e-02
8.780487804878047906e-03,3.333333333333333981e-03,4.847533632286994687e-03,1.277904102817598031e-02
8.780487804878047906e-03,3.333333333333333981e-03,4.847533632286994687e-03,1.277904102817598031e-02
8.780487804878047906e-03,3.333333333333333981e-03,4.847533632286994687e-03,1.277904102817598031e-02
8.780487804878047906e-03,3.333333333333333981e-03,4.847533632286994687e-03,1.277904102817598031e-02
8.780487804878047906e-03,3.333333333333333981e-03,4.847533632286994687e-03,1.277904102817598031e-02
8.780487804878047906e-03,3.333333333333333981e-03,4.847533632286994687e-03,1.277904102817598031e-02
8.780487804878047906e-03,3.333333333333333981e-03,4.847533632286994687e-03,1.277904102817598031e-02
8.780487804878047906e-03,3.333333333333333981e-03,4.847533632286994687e-03,1.277904102817598031e-02
8.780487804878047906e-03,3.333333333333333981e-03,4.847533632286994687e-03,1.277904102817598031e-02
8.780487804878047906e-03,3.333333333333333981e-03,4.847533632286994687e-03,1.277904102817598031e-02
8.780487804878047906e-03,3.333333333333333981e-03,4.847533632286994687e-03,1.277904102817598031e-02
8.780487804878047906e-03,3.333333333333333981e-03,4.847533632286994687e-03,1.277904102817598031e-02
8.780487804878047906e-03,3.333333333333333981e-03,4.847533632286994687e-03,1.277904102817598031e-02
8.780487804878047906e-03,3.333333333333333981e-03,4.847533632286994687e-03,1.277904102817598031e-02
8.780487804878047906e-03,3.333333333333333981e-03,4.847533632286994687e-03,1.277904102817598031e-02
8.780487804878047906e-03,3.333333333333333981e-03,4.847533632286994687e-03,1.277904102817598031e-02
8.780487804878047906e-03,3.333333333333333981e-03,4.847533632286994687e-03,1.277904102817598031e-02
8.780487804878047906e-03,3.333333333333333981e-03,4.847533632286994687e-03,1.277904102817598031e-02
8.780487804878047906e-03,3.333333333333333981e-03,4.847533632286994687e-03,1.277904102817598031e-02
8.780487804878047906e-03,3.333333333333333981e-03,4.847533632286994687e-03,1.277904102817598031e-02
8.780487804878047906e-03,3.333333333333333981e-03,4.847533632286994687e-03,1.277904102817598031e-02
8.780487804878047906e-03,3.333333333333333981e-03,4.847533632286994687e-03,1.277904102817598031e-02
8.780487804878047906e-03,3.333333333333333981e-03,4.847533632286994687e-03,1.277904102817598031e-02
8.780487804878047906e-03,3.333333333333333981e-03,4.847533632286994687e-03,1.277904102817598031e-02
8.780487804878047906e-03,3.333333333333333981e-03,4.847533632286994687e-03,1.277904102817598031e-02
8.780487804878047906e-03,3.333333333333333981e-03,4.847533632286994687e-03,1.277904102817598031e-02
8.780487804878047906e-03,3.333333333333333981e-03,4.847533632286994687e-03,1.277904102817598031e-02
8.780487804878047906e-03,3.333333333333333981e-03,4.847533632286994687e-03,1.277904102817598031e-02
8.780487804878047906e-03,3.333333333333333981e-03,4.847533632286994687e-03,1.277904102817598031e-02
8.780487804878047906e-03,3.333333333333333981e-03,4.847533632286994687e-03,1.277904102817598031e-02
8.780487804878047906e-03,3.333333333333333981e-03,4.847533632286994687e-03,1.277904102817598031e-02
8.780487804878047906e-03,3.333333333333333981e-03,4.847533632286994687e-03,1.277904102817598031e-02
8.780487804878047906e-03,3.333333333333333981e-03,4.847533632286994687e-03,1.277904102817598031e-02
8.780487804878047906e-03,3.333333333333333981e-03,4.847533632286994687e-03,1.277904102817598031e-02
8.780487804878047906e-03,3.333333333333333981e-03,4.847533632286994687e-03,1.277904102817598031e-02
8.780487804878047906e-03,3.333333333333333981e-03,4.847533632286994687e-03,1.277904102817598031e-02
8.780487804878047906e-03,3.333333333333333981e-03,4.847533632286994687e-03,1.277904102817598031e-02
8.780487804878047906e-03,3.333333333333333981e-03,4.847533632286994687e-03,1.277904102817598031e-02
8.780487804878047906e-03,3.333333333333333981e-03,4.847533632286994687e-03,1.277904102817598031e-02
8.780487804878047906e-03,3.333333333333333981e-03,4.847533632286994687e-03,1.277904102817598031e-02
8.780487804878047906e-03,3.333333333333333981e-03,4.847533632286994687e-03,1.277904102817598031e-02
8.780487804878047906e-03,3.333333333333333981e-03,4.847533632286994687e-03,1.277904102817598031e-02
8.780487804878047906e-03,3.333333333333333981e-03,4.847533632286994687e-03,1.277904102817598031e-02
8.780487804878047906e-03,3.333333333333333981e-03,4.847533632286994687e-03,1.277904102817598031e-02
8.780487804878047906e-03,3.333333333333333981e-03,4.847533632286994687e-03,1.277904102817598031e-02
8.780487804878047906e-03,3.333333333333333981e-03,4.847533632286994687e-03,1.277904102817598031e-02
8.780487804878047906e-03,3.333333333333333981e-03,4.847533632286994687e-03,1.277904102817598031e-02
8.780487804878047906e-03,3.333333333333333981e-03,4.847533632286994687e-03,1.277904102817598031e-02
8.780487804878047906e-03,3.333333333333333981e-03,4.847533632286994687e-03,1.277904102817598031e-02
8.780487804878047906e-03,3.333333333333333981e-03,4.847533632286994687e-03,1.277904102817598031e-02
8.780487804878047906e-03,3.333333333333333981e-03,4.847533632286994687e-03,1.277904102817598031e-02
8.780487804878047906e-03,3.333333333333333981e-03,4.847533632286994687e-03,1.277904102817598031e-02
8.780487804878047906e-03,3.333333333333333981e-03,4.847533632286994687e-03,1.277904102817598031e-02
8.780487804878047906e-03,3.333333333333333981e-03,4.847533632286994687e-03,1.277904102817598031e-02
8.780487804878047906e-03,3.333333333333333981e-03,4.847533632286994687e-03,1.277904102817598031e-02
8.780487804878047906e-03,3.333333333333333981e-03,4.847533632286994687e-03,1.277904102817598031e-02
8.780487804878047906e-03,3.333333333333333981e-03,4.847533632286994687e-03,1.277904102817598031e-02
8.780487804878047906e-03,3.333333333333333981e-03,4.847533632286994687e-03,1.277904102817598031e-02
8.780487804878047906e-03,3.333333333333333981e-03,4.847533632286994687e-03,1.277904102817598031e-02
8.780487804878047906e-03,3.333333333333333981e-03,4.847533632286994687e-03,1.277904102817598031e-02
8.780487804878047906e-03,3.333333333333333981e-03,4.847533632286994687e-03,1.277904102817598031e-02
8.780487804878047906e-03,3.333333333333333981e-03,4.847533632286994687e-03,1.277904102817598031e-02
8.780487804878047906e-03,3.333333333333333981e-03,4.847533632286994687e-03,1.277904102817598031e-02
8.780487804878047906e-03,3.333333333333333981e-03,4.847533632286994687e-03,1.277904102817598031e-02
8.780487804878047906e-03,3.333333333333333981e-03,4.847533632286994687e-03,1.277904102817598031e-02
8.780487804878047906e-03,3.333333333333333981e-03,4.847533632286994687e-03,1.277904102817598031e-02
8.780487804878047906e-03,3.333333333333333981e-03,4.847533632286994687e-03,1.277904102817598031e-02
8.780487804878047906e-03,3.333333333333333981e-03,4.847533632286994687e-03,1.277904102817598031e-02
8.780487804878047906e-03,3.333333333333333981e-03,4.847533632286994687e-03,1.277904102817598031e-02
8.780487804878047906e-03,3.333333333333333981e-03,4.847533632286994687e-03,1.277904102817598031e-02
8.780487804878047906e-03,3.333333333333333981e-03,4.847533632286994687e-03,1.277904102817598031e-02
8.780487804878047906e-03,3.333333333333333981e-03,4.847533632286994687e-03,1.277904102817598031e-02
8.780487804878047906e-03,3.333333333333333981e-03,4.847533632286994687e-03,1.277904102817598031e-02
8.780487804878047906e-03,3.333333333333333981e-03,4.847533632286994687e-03,1.277904102817598031e-02
8.780487804878047906e-03,3.333333333333333981e-03,4.847533632286994687e-03,1.277904102817598031e-02
8.780487804878047906e-03,3.333333333333333981e-03,4.847533632286994687e-03,1.277904102817598031e-02
8.780487804878047906e-03,3.333333333333333981e-03,4.847533632286994687e-03,1.277904102817598031e-02
8.780487804878047906e-03,3.333333333333333981e-03,4.847533632286994687e-03,1.277904102817598031e-02
8.780487804878047906e-03,3.333333333333333981e-03,4.847533632286994687e-03,1.277904102817598031e-02
8.780487804878047906e-03,3.333333333333333981e-03,4.847533632286994687e-03,1.277904102817598031e-02
8.780487804878047906e-03,3.333333333333333981e-03,4.847533632286994687e-03,1.277904102817598031e-02
8.780487804878047906e-03,3.333333333333333981e-03,4.847533632286994687e-03,1.277904102817598031e-02
8.780487804878047906e-03,3.333333333333333981e-03,4.847533632286994687e-03,1.277904102817598031e-02
8.780487804878047906e-03,3.333333333333333981e-03,4.847533632286994687e-03,1.277904102817598031e-02
8.780487804878047906e-03,3.333333333333333981e-03,4.847533632286994687e-03,1.277904102817598031e-02
8.780487804878047906e-03,3.333333333333333981e-03,4.847533632286994687e-03,1.277904102817598031e-02
8.780487804878047906e-03,3.333333333333333981e-03,4.847533632286994687e-03,1.277904102817598031e-02
8.780487804878047906e-03,3.333333333333333981e-03,4.847533632286994687e-03,1.277904102817598031e-02
8.780487804878047906e-03,3.333333333333333981e-03,4.847533632286994687e-03,1.277904102817598031e-02
8.780487804878047906e-03,3.333333333333333981e-03,4.847533632286994687e-03,1.277904102817598031e-02
8.780487804878047906e-03,3.333333333333333981e-03,4.847533632286994687e-03,1.277904102817598031e-02
8.780487804878047906e-03,3.333333333333333981e-03,4.847533632286994687e-03,1.277904102817598031e-02
8.780487804878047906e-03,3.333333333333333981e-03,4.847533632286994687e-03,1.277904102817598031e-02
8.780487804878047906e-03,3.333333333333333981e-03,4.847533632286994687e-03,1.277904102817598031e-02
8.780487804878047906e-03,3.333333333333333981e-03,4.847533632286994687e-03,1.277904102817598031e-02
8.780487804878047906e-03,3.333333333333333981e-03,4.847533632286994687e-03,1.277904102817598031e-02
8.780487804878047906e-03,3.333333333333333981e-03,4.847533632286994687e-03,1.277904102817598031e-02
8.780487804878047906e-03,3.333333333333333981e-03,4.847533632286994687e-03,1.277904102817598031e-02
8.780487804878047906e-03,3.333333333333333981e-03,4.847533632286994687e-03,1.277904102817598031e-02
8.780487804878047906e-03,3.333333333333333981e-03,4.847533632286994687e-03,1.277904102817598031e-02
8.780487804878047906e-03,3.333333333333333981e-03,4.847533632286994687e-03,1.277904102817598031e-02
8.780487804878047906e-03,3.333333333333333981e-03,4.847533632286994687e-03,1.277904102817598031e-02
8.780487804878047906e-03,3.333333333333333981e-03,4.847533632286994687e-03,1.277904102817598031e-02
8.780487804878047906e-03,3.333333333333333981e-03,4.847533632286994687e-03,1.277904102817598031e-02
8.780487804878047906e-03,3.333333333333333981e-03,4.847533632286994687e-03,1.277904102817598031e-02
8.780487804878047906e-03,3.333333333333333981e-03,4.847533632286994687e-03,1.277904102817598031e-02
8.780487804878047906e-03,3.333333333333333981e-03,4.847533632286994687e-03,1.277904102817598031e-02
8.780487804878047906e-03,3.333333333333333981e-03,4.847533632286994687e-03,1.277904102817598031e-02
8.780487804878047906e-03,3.333333333333333981e-03,4.847533632286994687e-03,1.277904102817598031e-02
8.780487804878047906e-03,3.333333333333333981e-03,4.847533632286994687e-03,1.277904102817598031e-02
8.780487804878047906e-03,3.333333333333333981e-03,4.847533632286994687e-03,1.277904102817598031e-02
8.780487804878047906e-03,3.333333333333333981e-03,4.847533632286994687e-03,1.277904102817598031e-02
8.780487804878047906e-03,3.333333333333333981e-03,4.847533632286994687e-03,1.277904102817598031e-02
8.780487804878047906e-03,3.333333333333333981e-03,4.847533632286994687e-03,1.277904102817598031e-02
8.780487804878047906e-03,3.333333333333333981e-03,4.847533632286994687e-03,1.277904102817598031e-02
8.780487804878047906e-03,3.333333333333333981e-03,4.847533632286994687e-03,1.277904102817598031e-02
8.780487804878047906e-03,3.333333333333333981e-03,4.847533632286994687e-03,1.277904102817598031e-02
8.780487804878047906e-03,3.333333333333333981e-03,4.847533632286994687e-03,1.277904102817598031e-02
8.780487804878047906e-03,3.333333333333333981e-03,4.847533632286994687e-03,1.277904102817598031e-02
8.780487804878047906e-03,3.333333333333333981e-03,4.847533632286994687e-03,1.277904102817598031e-02
8.780487804878047906e-03,3.333333333333333981e-03,4.847533632286994687e-03,1.277904102817598031e-02
8.780487804878047906e-03,3.333333333333333981e-03,4.847533632286994687e-03,1.277904102817598031e-02
8.780487804878047906e-03,3.333333333333333981e-03,4.847533632286994687e-03,1.277904102817598031e-02
8.780487804878047906e-03,3.333333333333333981e-03,4.847533632286994687e-03,1.277904102817598031e-02
8.780487804878047906e-03,3.333333333333333981e-03,4.847533632286994687e-03,1.277904102817598031e-02
8.780487804878047906e-03,3.333333333333333981e-03,4.847533632286994687e-03,1.277904102817598031e-02
8.780487804878047906e-03,3.333333333333333981e-03,4.847533632286994687e-03,1.277904102817598031e-02
8.780487804878047906e-03,3.333333333333333981e-03,4.847533632286994687e-03,1.277904102817598031e-02
8.780487804878047906e-03,3.333333333333333981e-03,4.847533632286994687e-03,1.277904102817598031e-02
8.780487804878047906e-03,3.333333333333333981e-03,4.847533632286994687e-03,1.277904102817598031e-02
8.780487804878047906e-03,3.333333333333333981e-03,4.847533632286994687e-03,1.277904102817598031e-02
8.780487804878047906e-03,3.333333333333333981e-03,4.847533632286994687e-03,1.277904102817598031e-02
8.780487804878047906e-03,3.333333333333333981e-03,4.847533632286994687e-03,1.277904102817598031e-02
8.780487804878047906e-03,3.333333333333333981e-03,4.847533632286994687e-03,1.277904102817598031e-02
8.780487804878047906e-03,3.333333333333333981e-03,4.847533632286994687e-03,1.277904102817598031e-02
8.780487804878047906e-03,3.333333333333333981e-03,4.847533632286994687e-03,1.277904102817598031e-02
8.780487804878047906e-03,3.333333333333333981e-03,4.847533632286994687e-03,1.277904102817598031e-02
8.780487804878047906e-03,3.333333333333333981e-03,4.847533632286994687e-03,1.277904102817598031e-02
8.780487804878047906e-03,3.333333333333333981e-03,4.847533632286994687e-03,1.277904102817598031e-02
8.780487804878047906e-03,3.333333333333333981e-03,4.847533632286994687e-03,1.277904102817598031e-02
8.780487804878047906e-03,3.333333333333333981e-03,4.847533632286994687e-03,1.277904102817598031e-02
8.780487804878047906e-03,3.333333333333333981e-03,4.847533632286994687e-03,1.277904102817598031e-02
8.780487804878047906e-03,3.333333333333333981e-03,4.847533632286994687e-03,1.277904102817598031e-02
8.780487804878047906e-03,3.333333333333333981e-03,4.847533632286994687e-03,1.277904102817598031e-02
8.780487804878047906e-03,3.333333333333333981e-03,4.847533632286994687e-03,1.277904102817598031e-02
8.780487804878047906e-03,3.333333333333333981e-03,4.847533632286994687e-03,1.277904102817598031e-02
8.780487804878047906e-03,3.333333333333333981e-03,4.847533632286994687e-03,1.277904102817598031e-02
8.780487804878047906e-03,3.333333333333333981e-03,4.847533632286994687e-03,1.277904102817598031e-02
8.780487804878047906e-03,3.333333333333333981e-03,4.847533632286994687e-03,1.277904102817598031e-02
8.780487804878047906e-03,3.333333333333333981e-03,4.847533632286994687e-03,1.277904102817598031e-02
8.780487804878047906e-03,3.333333333333333981e-03,4.847533632286994687e-03,1.277904102817598031e-02
8.780487804878047906e-03,3.333333333333333981e-03,4.847533632286994687e-03,1.277904102817598031e-02
8.780487804878047906e-03,3.333333333333333981e-03,4.847533632286994687e-03,1.277904102817598031e-02
8.780487804878047906e-03,3.333333333333333981e-03,4.847533632286994687e-03,1.277904102817598031e-02
8.780487804878047906e-03,3.333333333333333981e-03,4.847533632286994687e-03,1.277904102817598031e-02
8.780487804878047906e-03,3.333333333333333981e-03,4.847533632286994687e-03,1.277904102817598031e-02
8.780487804878047906e-03,3.333333333333333981e-03,4.847533632286994687e-03,1.277904102817598031e-02
8.780487804878047906e-03,3.333333333333333981e-03,4.847533632286994687e-03,1.277904102817598031e-02
8.780487804878047906e-03,3.333333333333333981e-03,4.847533632286994687e-03,1.277904102817598031e-02
8.780487804878047906e-03,3.333333333333333981e-03,4.847533632286994687e-03,1.277904102817598031e-02
8.780487804878047906e-03,3.333333333333333981e-03,4.847533632286994687e-03,1.277904102817598031e-02
8.780487804878047906e-03,3.333333333333333981e-03,4.847533632286994687e-03,1.277904102817598031e-02
8.780487804878047906e-03,3.333333333333333981e-03,4.847533632286994687e-03,1.277904102817598031e-02
8.780487804878047906e-03,3.333333333333333981e-03,4.847533632286994687e-03,1.277904102817598031e-02
8.780487804878047906e-03,3.333333333333333981e-03,4.847533632286994687e-03,1.277904102817598031e-02
8.780487804878047906e-03,3.333333333333333981e-03,4.847533632286994687e-03,1.277904102817598031e-02
8.780487804878047906e-03,3.333333333333333981e-03,4.847533632286994687e-03,1.277904102817598031e-02
8.780487804878047906e-03,3.333333333333333981e-03,4.847533632286994687e-03,1.277904102817598031e-02
8.780487804878047906e-03,3.333333333333333981e-03,4.847533632286994687e-03,1.277904102817598031e-02
8.780487804878047906e-03,3.333333333333333981e-03,4.847533632286994687e-03,1.277904102817598031e-02
8.780487804878047906e-03,3.333333333333333981e-03,4.847533632286994687e-03,1.277904102817598031e-02
8.780487804878047906e-03,3.333333333333333981e-03,4.847533632286994687e-03,1.277904102817598031e-02
8.780487804878047906e-03,3.333333333333333981e-03,4.847533632286994687e-03,1.277904102817598031e-02
8.780487804878047906e-03,3.333333333333333981e-03,4.847533632286994687e-03,1.277904102817598031e-02
8.780487804878047906e-03,3.333333333333333981e-03,4.847533632286994687e-03,1.277904102817598031e-02
8.780487804878047906e-03,3.333333333333333981e-03,4.847533632286994687e-03,1.277904102817598031e-02
8.780487804878047906e-03,3.333333333333333981e-03,4.847533632286994687e-03,1.277904102817598031e-02
8.780487804878047906e-03,3.333333333333333981e-03,4.847533632286994687e-03,1.277904102817598031e-02
8.780487804878047906e-03,3.333333333333333981e-03,4.847533632286994687e-03,1.277904102817598031e-02
8.780487804878047906e-03,3.333333333333333981e-03,4.847533632286994687e-03,1.277904102817598031e-02
8.780487804878047906e-03,3.333333333333333981e-03,4.847533632286994687e-03,1.277904102817598031e-02
8.780487804878047906e-03,3.333333333333333981e-03,4.847533632286994687e-03,1.277904102817598031e-02
8.780487804878047906e-03,3.333333333333333981e-03,4.847533632286994687e-03,1.277904102817598031e-02
8.780487804878047906e-03,3.333333333333333981e-03,4.847533632286994687e-03,1.277904102817598031e-02
8.780487804878047906e-03,3.333333333333333981e-03,4.847533632286994687e-03,1.277904102817598031e-02
8.780487804878047906e-03,3.333333333333333981e-03,4.847533632286994687e-03,1.277904102817598031e-02
8.780487804878047906e-03,3.333333333333333981e-03,4.847533632286994687e-03,1.277904102817598031e-02
8.780487804878047906e-03,3.333333333333333981e-03,4.847533632286994687e-03,1.277904102817598031e-02
8.780487804878047906e-03,3.333333333333333981e-03,4.847533632286994687e-03,1.277904102817598031e-02
8.780487804878047906e-03,3.333333333333333981e-03,4.847533632286994687e-03,1.277904102817598031e-02
8.780487804878047906e-03,3.333333333333333981e-03,4.847533632286994687e-03,1.277904102817598031e-02
8.780487804878047906e-03,3.333333333333333981e-03,4.847533632286994687e-03,1.277904102817598031e-02
8.780487804878047906e-03,3.333333333333333981e-03,4.847533632286994687e-03,1.277904102817598031e-02
8.780487804878047906e-03,3.333333333333333981e-03,4.847533632286994687e-03,1.277904102817598031e-02
8.780487804878047906e-03,3.333333333333333981e-03,4.847533632286994687e-03,1.277904102817598031e-02
8.780487804878047906e-03,3.333333333333333981e-03,4.847533632286994687e-03,1.277904102817598031e-02
8.780487804878047906e-03,3.333333333333333981e-03,4.847533632286994687e-03,1.277904102817598031e-02
8.780487804878047906e-03,3.333333333333333981e-03,4.847533632286994687e-03,1.277904102817598031e-02
8.780487804878047906e-03,3.333333333333333981e-03,4.847533632286994687e-03,1.277904102817598031e-02
8.780487804878047906e-03,3.333333333333333981e-03,4.847533632286994687e-03,1.277904102817598031e-02
8.780487804878047906e-03,3.333333333333333981e-03,4.847533632286994687e-03,1.277904102817598031e-02
8.780487804878047906e-03,3.333333333333333981e-03,4.847533632286994687e-03,1.277904102817598031e-02
8.780487804878047906e-03,3.333333333333333981e-03,4.847533632286994687e-03,1.277904102817598031e-02
8.780487804878047906e-03,3.333333333333333981e-03,4.847533632286994687e-03,1.277904102817598031e-02
8.780487804878047906e-03,3.333333333333333981e-03,4.847533632286994687e-03,1.277904102817598031e-02
8.780487804878047906e-03,3.333333333333333981e-03,4.847533632286994687e-03,1.277904102817598031e-02
8.780487804878047906e-03,3.333333333333333981e-03,4.847533632286994687e-03,1.277904102817598031e-02
8.780487804878047906e-03,3.333333333333333981e-03,4.847533632286994687e-03,1.277904102817598031e-02
8.780487804878047906e-03,3.333333333333333981e-03,4.847533632286994687e-03,1.277904102817598031e-02
8.780487804878047906e-03,3.333333333333333981e-03,4.847533632286994687e-03,1.277904102817598031e-02
8.780487804878047906e-03,3.333333333333333981e-03,4.847533632286994687e-03,1.277904102817598031e-02
8.780487804878047906e-03,3.333333333333333981e-03,4.847533632286994687e-03,1.277904102817598031e-02
8.780487804878047906e-03,3.333333333333333981e-03,4.847533632286994687e-03,1.277904102817598031e-02
8.780487804878047906e-03,3.333333333333333981e-03,4.847533632286994687e-03,1.277904102817598031e-02
8.780487804878047906e-03,3.333333333333333981e-03,4.847533632286994687e-03,1.277904102817598031e-02
8.780487804878047906e-03,3.333333333333333981e-03,4.847533632286994687e-03,1.277904102817598031e-02
8.780487804878047906e-03,3.333333333333333981e-03,4.847533632286994687e-03,1.277904102817598031e-02
8.780487804878047906e-03,3.333333333333333981e-03,4.847533632286994687e-03,1.277904102817598031e-02
8.780487804878047906e-03,3.333333333333333981e-03,4.847533632286994687e-03,1.277904102817598031e-02
8.780487804878047906e-03,3.333333333333333981e-03,4.847533632286994687e-03,1.277904102817598031e-02
8.780487804878047906e-03,3.333333333333333981e-03,4.847533632286994687e-03,1.277904102817598031e-02
8.780487804878047906e-03,3.333333333333333981e-03,4.847533632286994687e-03,1.277904102817598031e-02
8.780487804878047906e-03,3.333333333333333981e-03,4.847533632286994687e-03,1.277904102817598031e-02
8.780487804878047906e-03,3.333333333333333981e-03,4.847533632286994687e-03,1.277904102817598031e-02
8.780487804878047906e-03,3.333333333333333981e-03,4.847533632286994687e-03,1.277904102817598031e-02
8.780487804878047906e-03,3.333333333333333981e-03,4.847533632286994687e-03,1.277904102817598031e-02
8.780487804878047906e-03,3.333333333333333981e-03,4.847533632286994687e-03,1.277904102817598031e-02
8.780487804878047906e-03,3.333333333333333981e-03,4.847533632286994687e-03,1.277904102817598031e-02
8.780487804878047906e-03,3.333333333333333981e-03,4.847533632286994687e-03,1.277904102817598031e-02
8.780487804878047906e-03,3.333333333333333981e-03,4.847533632286994687e-03,1.277904102817598031e-02
8.780487804878047906e-03,3.333333333333333981e-03,4.847533632286994687e-03,1.277904102817598031e-02
8.780487804878047906e-03,3.333333333333333981e-03,4.847533632286994687e-03,1.277904102817598031e-02
8.780487804878047906e-03,3.333333333333333981e-03,4.847533632286994687e-03,1.277904102817598031e-02
8.780487804878047906e-03,3.333333333333333981e-03,4.847533632286994687e-03,1.277904102817598031e-02
8.780487804878047906e-03,3.333333333333333981e-03,4.847533632286994687e-03,1.277904102817598031e-02
8.780487804878047906e-03,3.333333333333333981e-03,4.847533632286994687e-03,1.277904102817598031e-02
8.780487804878047906e-03,3.333333333333333981e-03,4.847533632286994687e-03,1.277904102817598031e-02
8.780487804878047906e-03,3.333333333333333981e-03,4.847533632286994687e-03,1.277904102817598031e-02
8.780487804878047906e-03,3.333333333333333981e-03,4.847533632286994687e-03,1.277904102817598031e-02
8.780487804878047906e-03,3.333333333333333981e-03,4.847533632286994687e-03,1.277904102817598031e-02
8.780487804878047906e-03,3.333333333333333981e-03,4.847533632286994687e-03,1.277904102817598031e-02
8.780487804878047906e-03,3.333333333333333981e-03,4.847533632286994687e-03,1.277904102817598031e-02
8.780487804878047906e-03,3.333333333333333981e-03,4.847533632286994687e-03,1.277904102817598031e-02
8.780487804878047906e-03,3.333333333333333981e-03,4.847533632286994687e-03,1.277904102817598031e-02
8.780487804878047906e-03,3.333333333333333981e-03,4.847533632286994687e-03,1.277904102817598031e-02
8.780487804878047906e-03,3.333333333333333981e-03,4.847533632286994687e-03,1.277904102817598031e-02
8.780487804878047906e-03,3.333333333333333981e-03,4.847533632286994687e-03,1.277904102817598031e-02
8.780487804878047906e-03,3.333333333333333981e-03,4.847533632286994687e-03,1.277904102817598031e-02
8.780487804878047906e-03,3.333333333333333981e-03,4.847533632286994687e-03,1.277904102817598031e-02
8.780487804878047906e-03,3.333333333333333981e-03,4.847533632286994687e-03,1.277904102817598031e-02
8.780487804878047906e-03,3.333333333333333981e-03,4.847533632286994687e-03,1.277904102817598031e-02
8.780487804878047906e-03,3.333333333333333981e-03,4.847533632286994687e-03,1.277904102817598031e-02
8.780487804878047906e-03,3.333333333333333981e-03,4.847533632286994687e-03,1.277904102817598031e-02
8.780487804878047906e-03,3.333333333333333981e-03,4.847533632286994687e-03,1.277904102817598031e-02
8.780487804878047906e-03,3.333333333333333981e-03,4.847533632286994687e-03,1.277904102817598031e-02
8.780487804878047906e-03,3.333333333333333981e-03,4.847533632286994687e-03,1.277904102817598031e-02
8.780487804878047906e-03,3.333333333333333981e-03,4.847533632286994687e-03,1.277904102817598031e-02
8.780487804878047906e-03,3.333333333333333981e-03,4.847533632286994687e-03,1.277904102817598031e-02
8.780487804878047906e-03,3.333333333333333981e-03,4.847533632286994687e-03,1.277904102817598031e-02
8.780487804878047906e-03,3.333333333333333981e-03,4.847533632286994687e-03,1.277904102817598031e-02
8.780487804878047906e-03,3.333333333333333981e-03,4.847533632286994687e-03,1.277904102817598031e-02
8.780487804878047906e-03,3.333333333333333981e-03,4.847533632286994687e-03,1.277904102817598031e-02
8.780487804878047906e-03,3.333333333333333981e-03,4.847533632286994687e-03,1.277904102817598031e-02
8.780487804878047906e-03,3.333333333333333981e-03,4.847533632286994687e-03,1.277904102817598031e-02
8.780487804878047906e-03,3.333333333333333981e-03,4.847533632286994687e-03,1.277904102817598031e-02
8.780487804878047906e-03,3.333333333333333981e-03,4.847533632286994687e-03,1.277904102817598031e-02
8.780487804878047906e-03,3.333333333333333981e-03,4.847533632286994687e-03,1.277904102817598031e-02
8.780487804878047906e-03,3.333333333333333981e-03,4.847533632286994687e-03,1.277904102817598031e-02
8.780487804878047906e-03,3.333333333333333981e-03,4.847533632286994687e-03,1.277904102817598031e-02
8.780487804878047906e-03,3.333333333333333981e-03,4.847533632286994687e-03,1.277904102817598031e-02
8.780487804878047906e-03,3.333333333333333981e-03,4.847533632286994687e-03,1.277904102817598031e-02
8.780487804878047906e-03,3.333333333333333981e-03,4.847533632286994687e-03,1.277904102817598031e-02
8.780487804878047906e-03,3.333333333333333981e-03,4.847533632286994687e-03,1.277904102817598031e-02
8.780487804878047906e-03,3.333333333333333981e-03,4.847533632286994687e-03,1.277904102817598031e-02
8.780487804878047906e-03,3.333333333333333981e-03,4.847533632286994687e-03,1.277904102817598031e-02
8.780487804878047906e-03,3.333333333333333981e-03,4.847533632286994687e-03,1.277904102817598031e-02
8.780487804878047906e-03,3.333333333333333981e-03,4.847533632286994687e-03,1.277904102817598031e-02
8.780487804878047906e-03,3.333333333333333981e-03,4.847533632286994687e-03,1.277904102817598031e-02
8.780487804878047906e-03,3.333333333333333981e-03,4.847533632286994687e-03,1.277904102817598031e-02
8.780487804878047906e-03,3.333333333333333981e-03,4.847533632286994687e-03,1.277904102817598031e-02
8.780487804878047906e-03,3.333333333333333981e-03,4.847533632286994687e-03,1.277904102817598031e-02
8.780487804878047906e-03,3.333333333333333981e-03,4.847533632286994687e-03,1.277904102817598031e-02
8.780487804878047906e-03,3.333333333333333981e-03,4.847533632286994687e-03,1.277904102817598031e-02
8.780487804878047906e-03,3.333333333333333981e-03,4.847533632286994687e-03,1.277904102817598031e-02
8.780487804878047906e-03,3.333333333333333981e-03,4.847533632286994687e-03,1.277904102817598031e-02
8.780487804878047906e-03,3.333333333333333981e-03,4.847533632286994687e-03,1.277904102817598031e-02
8.780487804878047906e-03,3.333333333333333981e-03,4.847533632286994687e-03,1.277904102817598031e-02
8.780487804878047906e-03,3.333333333333333981e-03,4.847533632286994687e-03,1.277904102817598031e-02
8.780487804878047906e-03,3.333333333333333981e-03,4.847533632286994687e-03,1.277904102817598031e-02
8.780487804878047906e-03,3.333333333333333981e-03,4.847533632286994687e-03,1.277904102817598031e-02
8.780487804878047906e-03,3.333333333333333981e-03,4.847533632286994687e-03,1.277904102817598031e-02
8.780487804878047906e-03,3.333333333333333981e-03,4.847533632286994687e-03,1.277904102817598031e-02
8.780487804878047906e-03,3.333333333333333981e-03,4.847533632286994687e-03,1.277904102817598031e-02
8.780487804878047906e-03,3.333333333333333981e-03,4.847533632286994687e-03,1.277904102817598031e-02
8.780487804878047906e-03,3.333333333333333981e-03,4.847533632286994687e-03,1.277904102817598031e-02
8.780487804878047906e-03,3.333333333333333981e-03,4.847533632286994687e-03,1.277904102817598031e-02
8.780487804878047906e-03,3.333333333333333981e-03,4.847533632286994687e-03,1.277904102817598031e-02
8.780487804878047906e-03,3.333333333333333981e-03,4.847533632286994687e-03,1.277904102817598031e-02
8.780487804878047906e-03,3.333333333333333981e-03,4.847533632286994687e-03,1.277904102817598031e-02
8.780487804878047906e-03,3.333333333333333981e-03,4.847533632286994687e-03,1.277904102817598031e-02
8.780487804878047906e-03,3.333333333333333981e-03,4.847533632286994687e-03,1.277904102817598031e-02
8.780487804878047906e-03,3.333333333333333981e-03,4.847533632286994687e-03,1.277904102817598031e-02
8.780487804878047906e-03,3.333333333333333981e-03,4.847533632286994687e-03,1.277904102817598031e-02
8.780487804878047906e-03,3.333333333333333981e-03,4.847533632286994687e-03,1.277904102817598031e-02
8.780487804878047906e-03,3.333333333333333981e-03,4.847533632286994687e-03,1.277904102817598031e-02
8.780487804878047906e-03,3.333333333333333981e-03,4.847533632286994687e-03,1.277904102817598031e-02
8.780487804878047906e-03,3.333333333333333981e-03,4.847533632286994687e-03,1.277904102817598031e-02
8.780487804878047906e-03,3.333333333333333981e-03,4.847533632286994687e-03,1.277904102817598031e-02
8.780487804878047906e-03,3.333333333333333981e-03,4.847533632286994687e-03,1.277904102817598031e-02
8.780487804878047906e-03,3.333333333333333981e-03,4.847533632286994687e-03,1.277904102817598031e-02
8.780487804878047906e-03,3.333333333333333981e-03,4.847533632286994687e-03,1.277904102817598031e-02
8.780487804878047906e-03,3.333333333333333981e-03,4.847533632286994687e-03,1.277904102817598031e-02
8.780487804878047906e-03,3.333333333333333981e-03,4.847533632286994687e-03,1.277904102817598031e-02
8.780487804878047906e-03,3.333333333333333981e-03,4.847533632286994687e-03,1.277904102817598031e-02
8.780487804878047906e-03,3.333333333333333981e-03,4.847533632286994687e-03,1.277904102817598031e-02
8.780487804878047906e-03,3.333333333333333981e-03,4.847533632286994687e-03,1.277904102817598031e-02
8.780487804878047906e-03,3.333333333333333981e-03,4.847533632286994687e-03,1.277904102817598031e-02
8.780487804878047906e-03,3.333333333333333981e-03,4.847533632286994687e-03,1.277904102817598031e-02
8.780487804878047906e-03,3.333333333333333981e-03,4.847533632286994687e-03,1.277904102817598031e-02
8.780487804878047906e-03,3.333333333333333981e-03,4.847533632286994687e-03,1.277904102817598031e-02
8.780487804878047906e-03,3.333333333333333981e-03,4.847533632286994687e-03,1.277904102817598031e-02
8.780487804878047906e-03,3.333333333333333981e-03,4.847533632286994687e-03,1.277904102817598031e-02
8.780487804878047906e-03,3.333333333333333981e-03,4.847533632286994687e-03,1.277904102817598031e-02
8.780487804878047906e-03,3.333333333333333981e-03,4.847533632286994687e-03,1.277904102817598031e-02
8.780487804878047906e-03,3.333333333333333981e-03,4.847533632286994687e-03,1.277904102817598031e-02
8.780487804878047906e-03,3.333333333333333981e-03,4.847533632286994687e-03,1.277904102817598031e-02
8.780487804878047906e-03,3.333333333333333981e-03,4.847533632286994687e-03,1.277904102817598031e-02
8.780487804878047906e-03,3.333333333333333981e-03,4.847533632286994687e-03,1.277904102817598031e-02
8.780487804878047906e-03,3.333333333333333981e-03,4.847533632286994687e-03,1.277904102817598031e-02
8.780487804878047906e-03,3.333333333333333981e-03,4.847533632286994687e-03,1.277904102817598031e-02
8.780487804878047906e-03,3.333333333333333981e-03,4.847533632286994687e-03,1.277904102817598031e-02
8.780487804878047906e-03,3.333333333333333981e-03,4.847533632286994687e-03,1.277904102817598031e-02
8.780487804878047906e-03,3.333333333333333981e-03,4.847533632286994687e-03,1.277904102817598031e-02
8.780487804878047906e-03,3.333333333333333981e-03,4.847533632286994687e-03,1.277904102817598031e-02
8.780487804878047906e-03,3.333333333333333981e-03,4.847533632286994687e-03,1.277904102817598031e-02
8.780487804878047906e-03,3.333333333333333981e-03,4.847533632286994687e-03,1.277904102817598031e-02
8.780487804878047906e-03,3.333333333333333981e-03,4.847533632286994687e-03,1.277904102817598031e-02
8.780487804878047906e-03,3.333333333333333981e-03,4.847533632286994687e-03,1.277904102817598031e-02
8.780487804878047906e-03,3.333333333333333981e-03,4.847533632286994687e-03,1.277904102817598031e-02
8.780487804878047906e-03,3.333333333333333981e-03,4.847533632286994687e-03,1.277904102817598031e-02
8.780487804878047906e-03,3.333333333333333981e-03,4.847533632286994687e-03,1.277904102817598031e-02
8.780487804878047906e-03,3.333333333333333981e-03,4.847533632286994687e-03,1.277904102817598031e-02
8.780487804878047906e-03,3.333333333333333981e-03,4.847533632286994687e-03,1.277904102817598031e-02
8.780487804878047906e-03,3.333333333333333981e-03,4.847533632286994687e-03,1.277904102817598031e-02
8.780487804878047906e-03,3.333333333333333981e-03,4.847533632286994687e-03,1.277904102817598031e-02
8.780487804878047906e-03,3.333333333333333981e-03,4.847533632286994687e-03,1.277904102817598031e-02
8.780487804878047906e-03,3.333333333333333981e-03,4.847533632286994687e-03,1.277904102817598031e-02
8.780487804878047906e-03,3.333333333333333981e-03,4.847533632286994687e-03,1.277904102817598031e-02
8.780487804878047906e-03,3.333333333333333981e-03,4.847533632286994687e-03,1.277904102817598031e-02
8.780487804878047906e-03,3.333333333333333981e-03,4.847533632286994687e-03,1.277904102817598031e-02
8.780487804878047906e-03,3.333333333333333981e-03,4.847533632286994687e-03,1.277904102817598031e-02
8.780487804878047906e-03,3.333333333333333981e-03,4.847533632286994687e-03,1.277904102817598031e-02
8.780487804878047906e-03,3.333333333333333981e-03,4.847533632286994687e-03,1.277904102817598031e-02
8.780487804878047906e-03,3.333333333333333981e-03,4.847533632286994687e-03,1.277904102817598031e-02
8.780487804878047906e-03,3.333333333333333981e-03,4.847533632286994687e-03,1.277904102817598031e-02
8.780487804878047906e-03,3.333333333333333981e-03,4.847533632286994687e-03,1.277904102817598031e-02
8.780487804878047906e-03,3.333333333333333981e-03,4.847533632286994687e-03,1.277904102817598031e-02
8.780487804878047906e-03,3.333333333333333981e-03,4.847533632286994687e-03,1.277904102817598031e-02
8.780487804878047906e-03,3.333333333333333981e-03,4.847533632286994687e-03,1.277904102817598031e-02
8.780487804878047906e-03,3.333333333333333981e-03,4.847533632286994687e-03,1.277904102817598031e-02
8.780487804878047906e-03,3.333333333333333981e-03,4.847533632286994687e-03,1.277904102817598031e-02
8.780487804878047906e-03,3.333333333333333981e-03,4.847533632286994687e-03,1.277904102817598031e-02
8.780487804878047906e-03,3.333333333333333981e-03,4.847533632286994687e-03,1.277904102817598031e-02
8.780487804878047906e-03,3.333333333333333981e-03,4.847533632286994687e-03,1.277904102817598031e-02
8.780487804878047906e-03,3.333333333333333981e-03,4.847533632286994687e-03,1.277904102817598031e-02
8.780487804878047906e-03,3.333333333333333981e-03,4.847533632286994687e-03,1.277904102817598031e-02
8.780487804878047906e-03,3.333333333333333981e-03,4.847533632286994687e-03,1.277904102817598031e-02
8.780487804878047906e-03,3.333333333333333981e-03,4.847533632286994687e-03,1.277904102817598031e-02
8.780487804878047906e-03,3.333333333333333981e-03,4.847533632286994687e-03,1.277904102817598031e-02
8.780487804878047906e-03,3.333333333333333981e-03,4.847533632286994687e-03,1.277904102817598031e-02
8.780487804878047906e-03,3.333333333333333981e-03,4.847533632286994687e-03,1.277904102817598031e-02
8.780487804878047906e-03,3.333333333333333981e-03,4.847533632286994687e-03,1.277904102817598031e-02
8.780487804878047906e-03,3.333333333333333981e-03,4.847533632286994687e-03,1.277904102817598031e-02
8.780487804878047906e-03,3.333333333333333981e-03,4.847533632286994687e-03,1.277904102817598031e-02
8.780487804878047906e-03,3.333333333333333981e-03,4.847533632286994687e-03,1.277904102817598031e-02
8.780487804878047906e-03,3.333333333333333981e-03,4.847533632286994687e-03,1.277904102817598031e-02
8.780487804878047906e-03,3.333333333333333981e-03,4.847533632286994687e-03,1.277904102817598031e-02
8.780487804878047906e-03,3.333333333333333981e-03,4.847533632286994687e-03,1.277904102817598031e-02
8.780487804878047906e-03,3.333333333333333981e-03,4.847533632286994687e-03,1.277904102817598031e-02
8.780487804878047906e-03,3.333333333333333981e-03,4.847533632286994687e-03,1.277904102817598031e-02
8.780487804878047906e-03,3.333333333333333981e-03,4.847533632286994687e-03,1.277904102817598031e-02
8.780487804878047906e-03,3.333333333333333981e-03,4.847533632286994687e-03,1.277904102817598031e-02
8.780487804878047906e-03,3.333333333333333981e-03,4.847533632286994687e-03,1.277904102817598031e-02
8.780487804878047906e-03,3.333333333333333981e-03,4.847533632286994687e-03,1.277904102817598031e-02
8.780487804878047906e-03,3.333333333333333981e-03,4.847533632286994687e-03,1.277904102817598031e-02
8.780487804878047906e-03,3.333333333333333981e-03,4.847533632286994687e-03,1.277904102817598031e-02
8.780487804878047906e-03,3.333333333333333981e-03,4.847533632286994687e-03,1.277904102817598031e-02
8.780487804878047906e-03,3.333333333333333981e-03,4.847533632286994687e-03,1.277904102817598031e-02
8.780487804878047906e-03,3.333333333333333981e-03,4.847533632286994687e-03,1.277904102817598031e-02
8.780487804878047906e-03,3.333333333333333981e-03,4.847533632286994687e-03,1.277904102817598031e-02
8.780487804878047906e-03,3.333333333333333981e-03,4.847533632286994687e-03,1.277904102817598031e-02
8.780487804878047906e-03,3.333333333333333981e-03,4.847533632286994687e-03,1.277904102817598031e-02
8.780487804878047906e-03,3.333333333333333981e-03,4.847533632286994687e-03,1.277904102817598031e-02
8.780487804878047906e-03,3.333333333333333981e-03,4.847533632286994687e-03,1.277904102817598031e-02
8.780487804878047906e-03,3.333333333333333981e-03,4.847533632286994687e-03,1.277904102817598031e-02
8.780487804878047906e-03,3.333333333333333981e-03,4.847533632286994687e-03,1.277904102817598031e-02
8.780487804878047906e-03,3.333333333333333981e-03,4.847533632286994687e-03,1.277904102817598031e-02
8.780487804878047906e-03,3.333333333333333981e-03,4.847533632286994687e-03,1.277904102817598031e-02
8.780487804878047906e-03,3.333333333333333981e-03,4.847533632286994687e-03,1.277904102817598031e-02
8.780487804878047906e-03,3.333333333333333981e-03,4.847533632286994687e-03,1.277904102817598031e-02
8.780487804878047906e-03,3.333333333333333981e-03,4.847533632286994687e-03,1.277904102817598031e-02
8.780487804878047906e-03,3.333333333333333981e-03,4.847533632286994687e-03,1.277904102817598031e-02
8.780487804878047906e-03,3.333333333333333981e-03,4.847533632286994687e-03,1.277904102817598031e-02
8.780487804878047906e-03,3.333333333333333981e-03,4.847533632286994687e-03,1.277904102817598031e-02
8.780487804878047906e-03,3.333333333333333981e-03,4.847533632286994687e-03,1.277904102817598031e-02
8.780487804878047906e-03,3.333333333333333981e-03,4.847533632286994687e-03,1.277904102817598031e-02
8.780487804878047906e-03,3.333333333333333981e-03,4.847533632286994687e-03,1.277904102817598031e-02
8.780487804878047906e-03,3.333333333333333981e-03,4.847533632286994687e-03,1.277904102817598031e-02
8.780487804878047906e-03,3.333333333333333981e-03,4.847533632286994687e-03,1.277904102817598031e-02
8.780487804878047906e-03,3.333333333333333981e-03,4.847533632286994687e-03,1.277904102817598031e-02
8.780487804878047906e-03,3.333333333333333981e-03,4.847533632286994687e-03,1.277904102817598031e-02
8.780487804878047906e-03,3.333333333333333981e-03,4.847533632286994687e-03,1.277904102817598031e-02
8.780487804878047906e-03,3.333333333333333981e-03,4.847533632286994687e-03,1.277904102817598031e-02
8.780487804878047906e-03,3.333333333333333981e-03,4.847533632286994687e-03,1.277904102817598031e-02
8.780487804878047906e-03,3.333333333333333981e-03,4.847533632286994687e-03,1.277904102817598031e-02
8.780487804878047906e-03,3.333333333333333981e-03,4.847533632286994687e-03,1.277904102817598031e-02
8.780487804878047906e-03,3.333333333333333981e-03,4.847533632286994687e-03,1.277904102817598031e-02
8.780487804878047906e-03,3.333333333333333981e-03,4.847533632286994687e-03,1.277904102817598031e-02
8.780487804878047906e-03,3.333333333333333981e-03,4.847533632286994687e-03,1.277904102817598031e-02
8.780487804878047906e-03,3.333333333333333981e-03,4.847533632286994687e-03,1.277904102817598031e-02
8.780487804878047906e-03,3.333333333333333981e-03,4.847533632286994687e-03,1.277904102817598031e-02
8.780487804878047906e-03,3.333333333333333981e-03,4.847533632286994687e-03,1.277904102817598031e-02
8.780487804878047906e-03,3.333333333333333981e-03,4.847533632286994687e-03,1.277904102817598031e-02
8.780487804878047906e-03,3.333333333333333981e-03,4.847533632286994687e-03,1.277904102817598031e-02
8.780487804878047906e-03,3.333333333333333981e-03,4.847533632286994687e-03,1.277904102817598031e-02
8.780487804878047906e-03,3.333333333333333981e-03,4.847533632286994687e-03,1.277904102817598031e-02
8.780487804878047906e-03,3.333333333333333981e-03,4.847533632286994687e-03,1.277904102817598031e-02
8.780487804878047906e-03,3.333333333333333981e-03,4.847533632286994687e-03,1.277904102817598031e-02
8.780487804878047906e-03,3.333333333333333981e-03,4.847533632286994687e-03,1.277904102817598031e-02
8.780487804878047906e-03,3.333333333333333981e-03,4.847533632286994687e-03,1.277904102817598031e-02
8.780487804878047906e-03,3.333333333333333981e-03,4.847533632286994687e-03,1.277904102817598031e-02
8.780487804878047906e-03,3.333333333333333981e-03,4.847533632286994687e-03,1.277904102817598031e-02
8.780487804878047906e-03,3.333333333333333981e-03,4.847533632286994687e-03,1.277904102817598031e-02
8.780487804878047906e-03,3.333333333333333981e-03,4.847533632286994687e-03,1.277904102817598031e-02
8.780487804878047906e-03,3.333333333333333981e-03,4.847533632286994687e-03,1.277904102817598031e-02
8.780487804878047906e-03,3.333333333333333981e-03,4.847533632286994687e-03,1.277904102817598031e-02
8.780487804878047906e-03,3.333333333333333981e-03,4.847533632286994687e-03,1.277904102817598031e-02
8.780487804878047906e-03,3.333333333333333981e-03,4.847533632286994687e-03,1.277904102817598031e-02
8.780487804878047906e-03,3.333333333333333981e-03,4.847533632286994687e-03,1.277904102817598031e-02
8.780487804878047906e-03,3.333333333333333981e-03,4.847533632286994687e-03,1.277904102817598031e-02
8.780487804878047906e-03,3.333333333333333981e-03,4.847533632286994687e-03,1.277904102817598031e-02
8.780487804878047906e-03,3.333333333333333981e-03,4.847533632286994687e-03,1.277904102817598031e-02
8.780487804878047906e-03,3.333333333333333981e-03,4.847533632286994687e-03,1.277904102817598031e-02
8.780487804878047906e-03,3.333333333333333981e-03,4.847533632286994687e-03,1.277904102817598031e-02
8.780487804878047906e-03,3.333333333333333981e-03,4.847533632286994687e-03,1.277904102817598031e-02
8.780487804878047906e-03,3.333333333333333981e-03,4.847533632286994687e-03,1.277904102817598031e-02
8.780487804878047906e-03,3.333333333333333981e-03,4.847533632286994687e-03,1.277904102817598031e-02
8.780487804878047906e-03,3.333333333333333981e-03,4.847533632286994687e-03,1.277904102817598031e-02
8.780487804878047906e-03,3.333333333333333981e-03,4.847533632286994687e-03,1.277904102817598031e-02
8.780487804878047906e-03,3.333333333333333981e-03,4.847533632286994687e-03,1.277904102817598031e-02
8.780487804878047906e-03,3.333333333333333981e-03,4.847533632286994687e-03,1.277904102817598031e-02
8.780487804878047906e-03,3.333333333333333981e-03,4.847533632286994687e-03,1.277904102817598031e-02
8.780487804878047906e-03,3.333333333333333981e-03,4.847533632286994687e-03,1.277904102817598031e-02
8.780487804878047906e-03,3.333333333333333981e-03,4.847533632286994687e-03,1.277904102817598031e-02
8.780487804878047906e-03,3.333333333333333981e-03,4.847533632286994687e-03,1.277904102817598031e-02
8.780487804878047906e-03,3.333333333333333981e-03,4.847533632286994687e-03,1.277904102817598031e-02
8.780487804878047906e-03,3.333333333333333981e-03,4.847533632286994687e-03,1.277904102817598031e-02
8.780487804878047906e-03,3.333333333333333981e-03,4.847533632286994687e-03,1.277904102817598031e-02
8.780487804878047906e-03,3.333333333333333981e-03,4.847533632286994687e-03,1.277904102817598031e-02
8.780487804878047906e-03,3.333333333333333981e-03,4.847533632286994687e-03,1.277904102817598031e-02
8.780487804878047906e-03,3.333333333333333981e-03,4.847533632286994687e-03,1.277904102817598031e-02
8.780487804878047906e-03,3.333333333333333981e-03,4.847533632286994687e-03,1.277904102817598031e-02
8.780487804878047906e-03,3.333333333333333981e-03,4.847533632286994687e-03,1.277904102817598031e-02
8.780487804878047906e-03,3.333333333333333981e-03,4.847533632286994687e-03,1.277904102817598031e-02
8.780487804878047906e-03,3.333333333333333981e-03,4.847533632286994687e-03,1.277904102817598031e-02
8.780487804878047906e-03,3.333333333333333981e-03,4.847533632286994687e-03,1.277904102817598031e-02
8.780487804878047906e-03,3.333333333333333981e-03,4.847533632286994687e-03,1.277904102817598031e-02
8.780487804878047906e-03,3.333333333333333981e-03,4.847533632286994687e-03,1.277904102817598031e-02
8.780487804878047906e-03,3.333333333333333981e-03,4.847533632286994687e-03,1.277904102817598031e-02
8.780487804878047906e-03,3.333333333333333981e-03,4.847533632286994687e-03,1.277904102817598031e-02
8.780487804878047906e-03,3.333333333333333981e-03,4.847533632286994687e-03,1.277904102817598031e-02
8.780487804878047906e-03,3.333333333333333981e-03,4.847533632286994687e-03,1.277904102817598031e-02
8.780487804878047906e-03,3.333333333333333981e-03,4.847533632286994687e-03,1.277904102817598031e-02
8.780487804878047906e-03,3.333333333333333981e-03,4.847533632286994687e-03,1.277904102817598031e-02
8.780487804878047906e-03,3.333333333333333981e-03,4.847533632286994687e-03,1.277904102817598031e-02
8.780487804878047906e-03,3.333333333333333981e-03,4.847533632286994687e-03,1.277904102817598031e-02
8.780487804878047906e-03,3.333333333333333981e-03,4.847533632286994687e-03,1.277904102817598031e-02
8.780487804878047906e-03,3.333333333333333981e-03,4.847533632286994687e-03,1.277904102817598031e-02
8.780487804878047906e-03,3.333333333333333981e-03,4.847533632286994687e-03,1.277904102817598031e-02
8.780487804878047906e-03,3.333333333333333981e-03,4.847533632286994687e-03,1.277904102817598031e-02
8.780487804878047906e-03,3.333333333333333981e-03,4.847533632286994687e-03,1.277904102817598031e-02
8.780487804878047906e-03,3.333333333333333981e-03,4.847533632286994687e-03,1.277904102817598031e-02
8.780487804878047906e-03,3.333333333333333981e-03,4.847533632286994687e-03,1.277904102817598031e-02
8.780487804878047906e-03,3.333333333333333981e-03,4.847533632286994687e-03,1.277904102817598031e-02
8.780487804878047906e-03,3.333333333333333981e-03,4.847533632286994687e-03,1.277904102817598031e-02
8.780487804878047906e-03,3.333333333333333981e-03,4.847533632286994687e-03,1.277904102817598031e-02
8.780487804878047906e-03,3.333333333333333981e-03,4.847533632286994687e-03,1.277904102817598031e-02
8.780487804878047906e-03,3.333333333333333981e-03,4.847533632286994687e-03,1.277904102817598031e-02
8.780487804878047906e-03,3.333333333333333981e-03,4.847533632286994687e-03,1.277904102817598031e-02
8.780487804878047906e-03,3.333333333333333981e-03,4.847533632286994687e-03,1.277904102817598031e-02
8.780487804878047906e-03,3.333333333333333981e-03,4.847533632286994687e-03,1.277904102817598031e-02
8.780487804878047906e-03,3.333333333333333981e-03,4.847533632286994687e-03,1.277904102817598031e-02
8.780487804878047906e-03,3.333333333333333981e-03,4.847533632286994687e-03,1.277904102817598031e-02
8.780487804878047906e-03,3.333333333333333981e-03,4.847533632286994687e-03,1.277904102817598031e-02
8.780487804878047906e-03,3.333333333333333981e-03,4.847533632286994687e-03,1.277904102817598031e-02
8.780487804878047906e-03,3.333333333333333981e-03,4.847533632286994687e-03,1.277904102817598031e-02
8.780487804878047906e-03,3.333333333333333981e-03,4.847533632286994687e-03,1.277904102817598031e-02
8.780487804878047906e-03,3.333333333333333981e-03,4.847533632286994687e-03,1.277904102817598031e-02
8.780487804878047906e-03,3.333333333333333981e-03,4.847533632286994687e-03,1.277904102817598031e-02
8.780487804878047906e-03,3.333333333333333981e-03,4.847533632286994687e-03,1.277904102817598031e-02
8.780487804878047906e-03,3.333333333333333981e-03,4.847533632286994687e-03,1.277904102817598031e-02
8.780487804878047906e-03,3.333333333333333981e-03,4.847533632286994687e-03,1.277904102817598031e-02
8.780487804878047906e-03,3.333333333333333981e-03,4.847533632286994687e-03,1.277904102817598031e-02
8.780487804878047906e-03,3.333333333333333981e-03,4.847533632286994687e-03,1.277904102817598031e-02
8.780487804878047906e-03,3.333333333333333981e-03,4.847533632286994687e-03,1.277904102817598031e-02
8.780487804878047906e-03,3.333333333333333981e-03,4.847533632286994687e-03,1.277904102817598031e-02
8.780487804878047906e-03,3.333333333333333981e-03,4.847533632286994687e-03,1.277904102817598031e-02
8.780487804878047906e-03,3.333333333333333981e-03,4.847533632286994687e-03,1.277904102817598031e-02
8.780487804878047906e-03,3.333333333333333981e-03,4.847533632286994687e-03,1.277904102817598031e-02
8.780487804878047906e-03,3.333333333333333981e-03,4.847533632286994687e-03,1.277904102817598031e-02
8.780487804878047906e-03,3.333333333333333981e-03,4.847533632286994687e-03,1.277904102817598031e-02
8.780487804878047906e-03,3.333333333333333981e-03,4.847533632286994687e-03,1.277904102817598031e-02
8.780487804878047906e-03,3.333333333333333981e-03,4.847533632286994687e-03,1.277904102817598031e-02
8.780487804878047906e-03,3.333333333333333981e-03,4.847533632286994687e-03,1.277904102817598031e-02
8.780487804878047906e-03,3.333333333333333981e-03,4.847533632286994687e-03,1.277904102817598031e-02
8.780487804878047906e-03,3.333333333333333981e-03,4.847533632286994687e-03,1.277904102817598031e-02
8.780487804878047906e-03,3.333333333333333981e-03,4.847533632286994687e-03,1.277904102817598031e-02
8.780487804878047906e-03,3.333333333333333981e-03,4.847533632286994687e-03,1.277904102817598031e-02
8.780487804878047906e-03,3.333333333333333981e-03,4.847533632286994687e-03,1.277904102817598031e-02
8.780487804878047906e-03,3.333333333333333981e-03,4.847533632286994687e-03,1.277904102817598031e-02
8.780487804878047906e-03,3.333333333333333981e-03,4.847533632286994687e-03,1.277904102817598031e-02
8.780487804878047906e-03,3.333333333333333981e-03,4.847533632286994687e-03,1.277904102817598031e-02
8.780487804878047906e-03,3.333333333333333981e-03,4.847533632286994687e-03,1.277904102817598031e-02
8.780487804878047906e-03,3.333333333333333981e-03,4.847533632286994687e-03,1.277904102817598031e-02
8.780487804878047906e-03,3.333333333333333981e-03,4.847533632286994687e-03,1.277904102817598031e-02
8.780487804878047906e-03,3.333333333333333981e-03,4.847533632286994687e-03,1.277904102817598031e-02
8.780487804878047906e-03,3.333333333333333981e-03,4.847533632286994687e-03,1.277904102817598031e-02
8.780487804878047906e-03,3.333333333333333981e-03,4.847533632286994687e-03,1.277904102817598031e-02
8.780487804878047906e-03,3.333333333333333981e-03,4.847533632286994687e-03,1.277904102817598031e-02
8.780487804878047906e-03,3.333333333333333981e-03,4.847533632286994687e-03,1.277904102817598031e-02
8.780487804878047906e-03,3.333333333333333981e-03,4.847533632286994687e-03,1.277904102817598031e-02
8.780487804878047906e-03,3.333333333333333981e-03,4.847533632286994687e-03,1.277904102817598031e-02
8.780487804878047906e-03,3.333333333333333981e-03,4.847533632286994687e-03,1.277904102817598031e-02
8.780487804878047906e-03,3.333333333333333981e-03,4.847533632286994687e-03,1.277904102817598031e-02
8.780487804878047906e-03,3.333333333333333981e-03,4.847533632286994687e-03,1.277904102817598031e-02
8.780487804878047906e-03,3.333333333333333981e-03,4.847533632286994687e-03,1.277904102817598031e-02
8.780487804878047906e-03,3.333333333333333981e-03,4.847533632286994687e-03,1.277904102817598031e-02
8.780487804878047906e-03,3.333333333333333981e-03,4.847533632286994687e-03,1.277904102817598031e-02
8.780487804878047906e-03,3.333333333333333981e-03,4.847533632286994687e-03,1.277904102817598031e-02
8.780487804878047906e-03,3.333333333333333981e-03,4.847533632286994687e-03,1.277904102817598031e-02
8.780487804878047906e-03,3.333333333333333981e-03,4.847533632286994687e-03,1.277904102817598031e-02
8.780487804878047906e-03,3.333333333333333981e-03,4.847533632286994687e-03,1.277904102817598031e-02
8.780487804878047906e-03,3.333333333333333981e-03,4.847533632286994687e-03,1.277904102817598031e-02
8.780487804878047906e-03,3.333333333333333981e-03,4.847533632286994687e-03,1.277904102817598031e-02
8.780487804878047906e-03,3.333333333333333981e-03,4.847533632286994687e-03,1.277904102817598031e-02
8.780487804878047906e-03,3.333333333333333981e-03,4.847533632286994687e-03,1.277904102817598031e-02
8.780487804878047906e-03,3.333333333333333981e-03,4.847533632286994687e-03,1.277904102817598031e-02
8.780487804878047906e-03,3.333333333333333981e-03,4.847533632286994687e-03,1.277904102817598031e-02
8.780487804878047906e-03,3.333333333333333981e-03,4.847533632286994687e-03,1.277904102817598031e-02
8.780487804878047906e-03,3.333333333333333981e-03,4.847533632286994687e-03,1.277904102817598031e-02
8.780487804878047906e-03,3.333333333333333981e-03,4.847533632286994687e-03,1.277904102817598031e-02
8.780487804878047906e-03,3.333333333333333981e-03,4.847533632286994687e-03,1.277904102817598031e-02
8.780487804878047906e-03,3.333333333333333981e-03,4.847533632286994687e-03,1.277904102817598031e-02
8.780487804878047906e-03,3.333333333333333981e-03,4.847533632286994687e-03,1.277904102817598031e-02
8.780487804878047906e-03,3.333333333333333981e-03,4.847533632286994687e-03,1.277904102817598031e-02
8.780487804878047906e-03,3.333333333333333981e-03,4.847533632286994687e-03,1.277904102817598031e-02
8.780487804878047906e-03,3.333333333333333981e-03,4.847533632286994687e-03,1.277904102817598031e-02
8.780487804878047906e-03,3.333333333333333981e-03,4.847533632286994687e-03,1.277904102817598031e-02
8.780487804878047906e-03,3.333333333333333981e-03,4.847533632286994687e-03,1.277904102817598031e-02
8.780487804878047906e-03,3.333333333333333981e-03,4.847533632286994687e-03,1.277904102817598031e-02
8.780487804878047906e-03,3.333333333333333981e-03,4.847533632286994687e-03,1.277904102817598031e-02
8.780487804878047906e-03,3.333333333333333981e-03,4.847533632286994687e-03,1.277904102817598031e-02
8.780487804878047906e-03,3.333333333333333981e-03,4.847533632286994687e-03,1.277904102817598031e-02
8.780487804878047906e-03,3.333333333333333981e-03,4.847533632286994687e-03,1.277904102817598031e-02
8.780487804878047906e-03,3.333333333333333981e-03,4.847533632286994687e-03,1.277904102817598031e-02
8.780487804878047906e-03,3.333333333333333981e-03,4.847533632286994687e-03,1.277904102817598031e-02
8.780487804878047906e-03,3.333333333333333981e-03,4.847533632286994687e-03,1.277904102817598031e-02
8.780487804878047906e-03,3.333333333333333981e-03,4.847533632286994687e-03,1.277904102817598031e-02
8.780487804878047906e-03,3.333333333333333981e-03,4.847533632286994687e-03,1.277904102817598031e-02
8.780487804878047906e-03,3.333333333333333981e-03,4.847533632286994687e-03,1.277904102817598031e-02
8.780487804878047906e-03,3.333333333333333981e-03,4.847533632286994687e-03,1.277904102817598031e-02
8.780487804878047906e-03,3.333333333333333981e-03,4.847533632286994687e-03,1.277904102817598031e-02
8.780487804878047906e-03,3.333333333333333981e-03,4.847533632286994687e-03,1.277904102817598031e-02
8.780487804878047906e-03,3.333333333333333981e-03,4.847533632286994687e-03,1.277904102817598031e-02
8.780487804878047906e-03,3.333333333333333981e-03,4.847533632286994687e-03,1.277904102817598031e-02
8.780487804878047906e-03,3.333333333333333981e-03,4.847533632286994687e-03,1.277904102817598031e-02
8.780487804878047906e-03,3.333333333333333981e-03,4.847533632286994687e-03,1.277904102817598031e-02
8.780487804878047906e-03,3.333333333333333981e-03,4.847533632286994687e-03,1.277904102817598031e-02
8.780487804878047906e-03,3.333333333333333981e-03,4.847533632286994687e-03,1.277904102817598031e-02
8.780487804878047906e-03,3.333333333333333981e-03,4.847533632286994687e-03,1.277904102817598031e-02
8.780487804878047906e-03,3.333333333333333981e-03,4.847533632286994687e-03,1.277904102817598031e-02
8.780487804878047906e-03,3.333333333333333981e-03,4.847533632286994687e-03,1.277904102817598031e-02
8.780487804878047906e-03,3.333333333333333981e-03,4.847533632286994687e-03,1.277904102817598031e-02
8.780487804878047906e-03,3.333333333333333981e-03,4.847533632286994687e-03,1.277904102817598031e-02
8.780487804878047906e-03,3.333333333333333981e-03,4.847533632286994687e-03,1.277904102817598031e-02
8.780487804878047906e-03,3.333333333333333981e-03,4.847533632286994687e-03,1.277904102817598031e-02
8.780487804878047906e-03,3.333333333333333981e-03,4.847533632286994687e-03,1.277904102817598031e-02
8.780487804878047906e-03,3.333333333333333981e-03,4.847533632286994687e-03,1.277904102817598031e-02
8.780487804878047906e-03,3.333333333333333981e-03,4.847533632286994687e-03,1.277904102817598031e-02
8.780487804878047906e-03,3.333333333333333981e-03,4.847533632286994687e-03,1.277904102817598031e-02
8.780487804878047906e-03,3.333333333333333981e-03,4.847533632286994687e-03,1.277904102817598031e-02
8.780487804878047906e-03,3.333333333333333981e-03,4.847533632286994687e-03,1.277904102817598031e-02
8.780487804878047906e-03,3.333333333333333981e-03,4.847533632286994687e-03,1.277904102817598031e-02
8.780487804878047906e-03,3.333333333333333981e-03,4.847533632286994687e-03,1.277904102817598031e-02
8.780487804878047906e-03,3.333333333333333981e-03,4.847533632286994687e-03,1.277904102817598031e-02
8.780487804878047906e-03,3.333333333333333981e-03,4.847533632286994687e-03,1.277904102817598031e-02
8.780487804878047906e-03,3.333333333333333981e-03,4.847533632286994687e-03,1.277904102817598031e-02
8.780487804878047906e-03,3.333333333333333981e-03,4.847533632286994687e-03,1.277904102817598031e-02
8.780487804878047906e-03,3.333333333333333981e-03,4.847533632286994687e-03,1.277904102817598031e-02
8.780487804878047906e-03,3.333333333333333981e-03,4.847533632286994687e-03,1.277904102817598031e-02
8.780487804878047906e-03,3.333333333333333981e-03,4.847533632286994687e-03,1.277904102817598031e-02
8.780487804878047906e-03,3.333333333333333981e-03,4.847533632286994687e-03,1.277904102817598031e-02
8.780487804878047906e-03,3.333333333333333981e-03,4.847533632286994687e-03,1.277904102817598031e-02
8.780487804878047906e-03,3.333333333333333981e-03,4.847533632286994687e-03,1.277904102817598031e-02
8.780487804878047906e-03,3.333333333333333981e-03,4.847533632286994687e-03,1.277904102817598031e-02
8.780487804878047906e-03,3.333333333333333981e-03,4.847533632286994687e-03,1.277904102817598031e-02
8.780487804878047906e-03,3.333333333333333981e-03,4.847533632286994687e-03,1.277904102817598031e-02
8.780487804878047906e-03,3.333333333333333981e-03,4.847533632286994687e-03,1.277904102817598031e-02
8.780487804878047906e-03,3.333333333333333981e-03,4.847533632286994687e-03,1.277904102817598031e-02
8.780487804878047906e-03,3.333333333333333981e-03,4.847533632286994687e-03,1.277904102817598031e-02
8.780487804878047906e-03,3.333333333333333981e-03,4.847533632286994687e-03,1.277904102817598031e-02
8.780487804878047906e-03,3.333333333333333981e-03,4.847533632286994687e-03,1.277904102817598031e-02
8.780487804878047906e-03,3.333333333333333981e-03,4.847533632286994687e-03,1.277904102817598031e-02
8.780487804878047906e-03,3.333333333333333981e-03,4.847533632286994687e-03,1.277904102817598031e-02
8.780487804878047906e-03,3.333333333333333981e-03,4.847533632286994687e-03,1.277904102817598031e-02
8.780487804878047906e-03,3.333333333333333981e-03,4.847533632286994687e-03,1.277904102817598031e-02
8.780487804878047906e-03,3.333333333333333981e-03,4.847533632286994687e-03,1.277904102817598031e-02
8.780487804878047906e-03,3.333333333333333981e-03,4.847533632286994687e-03,1.277904102817598031e-02
8.780487804878047906e-03,3.333333333333333981e-03,4.847533632286994687e-03,1.277904102817598031e-02
8.780487804878047906e-03,3.333333333333333981e-03,4.847533632286994687e-03,1.277904102817598031e-02
8.780487804878047906e-03,3.333333333333333981e-03,4.847533632286994687e-03,1.277904102817598031e-02
8.780487804878047906e-03,3.333333333333333981e-03,4.847533632286994687e-03,1.277904102817598031e-02
8.780487804878047906e-03,3.333333333333333981e-03,4.847533632286994687e-03,1.277904102817598031e-02
8.780487804878047906e-03,3.333333333333333981e-03,4.847533632286994687e-03,1.277904102817598031e-02
8.780487804878047906e-03,3.333333333333333981e-03,4.847533632286994687e-03,1.277904102817598031e-02
8.780487804878047906e-03,3.333333333333333981e-03,4.847533632286994687e-03,1.277904102817598031e-02
8.780487804878047906e-03,3.333333333333333981e-03,4.847533632286994687e-03,1.277904102817598031e-02
8.780487804878047906e-03,3.333333333333333981e-03,4.847533632286994687e-03,1.277904102817598031e-02
8.780487804878047906e-03,3.333333333333333981e-03,4.847533632286994687e-03,1.277904102817598031e-02
8.780487804878047906e-03,3.333333333333333981e-03,4.847533632286994687e-03,1.277904102817598031e-02
8.780487804878047906e-03,3.333333333333333981e-03,4.847533632286994687e-03,1.277904102817598031e-02
8.780487804878047906e-03,3.333333333333333981e-03,4.847533632286994687e-03,1.277904102817598031e-02
8.780487804878047906e-03,3.333333333333333981e-03,4.847533632286994687e-03,1.277904102817598031e-02
8.780487804878047906e-03,3.333333333333333981e-03,4.847533632286994687e-03,1.277904102817598031e-02
8.780487804878047906e-03,3.333333333333333981e-03,4.847533632286994687e-03,1.277904102817598031e-02
8.780487804878047906e-03,3.333333333333333981e-03,4.847533632286994687e-03,1.277904102817598031e-02
8.780487804878047906e-03,3.333333333333333981e-03,4.847533632286994687e-03,1.277904102817598031e-02
8.780487804878047906e-03,3.333333333333333981e-03,4.847533632286994687e-03,1.277904102817598031e-02
8.780487804878047906e-03,3.333333333333333981e-03,4.847533632286994687e-03,1.277904102817598031e-02
8.780487804878047906e-03,3.333333333333333981e-03,4.847533632286994687e-03,1.277904102817598031e-02
8.780487804878047906e-03,3.333333333333333981e-03,4.847533632286994687e-03,1.277904102817598031e-02
8.780487804878047906e-03,3.333333333333333981e-03,4.847533632286994687e-03,1.277904102817598031e-02
8.780487804878047906e-03,3.333333333333333981e-03,4.847533632286994687e-03,1.277904102817598031e-02
8.780487804878047906e-03,3.333333333333333981e-03,4.847533632286994687e-03,1.277904102817598031e-02
8.780487804878047906e-03,3.333333333333333981e-03,4.847533632286994687e-03,1.277904102817598031e-02
8.780487804878047906e-03,3.333333333333333981e-03,4.847533632286994687e-03,1.277904102817598031e-02
8.780487804878047906e-03,3.333333333333333981e-03,4.847533632286994687e-03,1.277904102817598031e-02
8.780487804878047906e-03,3.333333333333333981e-03,4.847533632286994687e-03,1.277904102817598031e-02
8.780487804878047906e-03,3.333333333333333981e-03,4.847533632286994687e-03,1.277904102817598031e-02
8.780487804878047906e-03,3.333333333333333981e-03,4.847533632286994687e-03,1.277904102817598031e-02
8.780487804878047906e-03,3.333333333333333981e-03,4.847533632286994687e-03,1.277904102817598031e-02
8.780487804878047906e-03,3.333333333333333981e-03,4.847533632286994687e-03,1.277904102817598031e-02
8.780487804878047906e-03,3.333333333333333981e-03,4.847533632286994687e-03,1.277904102817598031e-02
8.780487804878047906e-03,3.333333333333333981e-03,4.847533632286994687e-03,1.277904102817598031e-02
8.780487804878047906e-03,3.333333333333333981e-03,4.847533632286994687e-03,1.277904102817598031e-02
8.780487804878047906e-03,3.333333333333333981e-03,4.847533632286994687e-03,1.277904102817598031e-02
8.780487804878047906e-03,3.333333333333333981e-03,4.847533632286994687e-03,1.277904102817598031e-02
8.780487804878047906e-03,3.333333333333333981e-03,4.847533632286994687e-03,1.277904102817598031e-02
8.780487804878047906e-03,3.333333333333333981e-03,4.847533632286994687e-03,1.277904102817598031e-02
8.780487804878047906e-03,3.333333333333333981e-03,4.847533632286994687e-03,1.277904102817598031e-02
8.780487804878047906e-03,3.333333333333333981e-03,4.847533632286994687e-03,1.277904102817598031e-02
8.780487804878047906e-03,3.333333333333333981e-03,4.847533632286994687e-03,1.277904102817598031e-02
8.780487804878047906e-03,3.333333333333333981e-03,4.847533632286994687e-03,1.277904102817598031e-02
8.780487804878047906e-03,3.333333333333333981e-03,4.847533632286994687e-03,1.277904102817598031e-02
8.780487804878047906e-03,3.333333333333333981e-03,4.847533632286994687e-03,1.277904102817598031e-02
8.780487804878047906e-03,3.333333333333333981e-03,4.847533632286994687e-03,1.277904102817598031e-02
8.780487804878047906e-03,3.333333333333333981e-03,4.847533632286994687e-03,1.277904102817598031e-02
8.780487804878047906e-03,3.333333333333333981e-03,4.847533632286994687e-03,1.277904102817598031e-02
8.780487804878047906e-03,3.333333333333333981e-03,4.847533632286994687e-03,1.277904102817598031e-02
8.780487804878047906e-03,3.333333333333333981e-03,4.847533632286994687e-03,1.277904102817598031e-02
8.780487804878047906e-03,3.333333333333333981e-03,4.847533632286994687e-03,1.277904102817598031e-02
8.780487804878047906e-03,3.333333333333333981e-03,4.847533632286994687e-03,1.277904102817598031e-02
8.780487804878047906e-03,3.333333333333333981e-03,4.847533632286994687e-03,1.277904102817598031e-02
8.780487804878047906e-03,3.333333333333333981e-03,4.847533632286994687e-03,1.277904102817598031e-02
8.780487804878047906e-03,3.333333333333333981e-03,4.847533632286994687e-03,1.277904102817598031e-02
8.780487804878047906e-03,3.333333333333333981e-03,4.847533632286994687e-03,1.277904102817598031e-02
8.780487804878047906e-03,3.333333333333333981e-03,4.847533632286994687e-03,1.277904102817598031e-02
8.780487804878047906e-03,3.333333333333333981e-03,4.847533632286994687e-03,1.277904102817598031e-02
8.780487804878047906e-03,3.333333333333333981e-03,4.847533632286994687e-03,1.277904102817598031e-02
8.780487804878047906e-03,3.333333333333333981e-03,4.847533632286994687e-03,1.277904102817598031e-02
8.780487804878047906e-03,3.333333333333333981e-03,4.847533632286994687e-03,1.277904102817598031e-02
8.780487804878047906e-03,3.333333333333333981e-03,4.847533632286994687e-03,1.277904102817598031e-02
8.780487804878047906e-03,3.333333333333333981e-03,4.847533632286994687e-03,1.277904102817598031e-02
8.780487804878047906e-03,3.333333333333333981e-03,4.847533632286994687e-03,1.277904102817598031e-02
8.780487804878047906e-03,3.333333333333333981e-03,4.847533632286994687e-03,1.277904102817598031e-02
8.780487804878047906e-03,3.333333333333333981e-03,4.847533632286994687e-03,1.277904102817598031e-02
8.780487804878047906e-03,3.333333333333333981e-03,4.847533632286994687e-03,1.277904102817598031e-02
8.780487804878047906e-03,3.333333333333333981e-03,4.847533632286994687e-03,1.277904102817598031e-02
8.780487804878047906e-03,3.333333333333333981e-03,4.847533632286994687e-03,1.277904102817598031e-02
8.780487804878047906e-03,3.333333333333333981e-03,4.847533632286994687e-03,1.277904102817598031e-02
8.780487804878047906e-03,3.333333333333333981e-03,4.847533632286994687e-03,1.277904102817598031e-02
8.780487804878047906e-03,3.333333333333333981e-03,4.847533632286994687e-03,1.277904102817598031e-02
8.780487804878047906e-03,3.333333333333333981e-03,4.847533632286994687e-03,1.277904102817598031e-02
8.780487804878047906e-03,3.333333333333333981e-03,4.847533632286994687e-03,1.277904102817598031e-02
8.780487804878047906e-03,3.333333333333333981e-03,4.847533632286994687e-03,1.277904102817598031e-02
8.780487804878047906e-03,3.333333333333333981e-03,4.847533632286994687e-03,1.277904102817598031e-02
8.780487804878047906e-03,3.333333333333333981e-03,4.847533632286994687e-03,1.277904102817598031e-02
8.780487804878047906e-03,3.333333333333333981e-03,4.847533632286994687e-03,1.277904102817598031e-02
8.780487804878047906e-03,3.333333333333333981e-03,4.847533632286994687e-03,1.277904102817598031e-02
8.780487804878047906e-03,3.333333333333333981e-03,4.847533632286994687e-03,1.277904102817598031e-02
8.780487804878047906e-03,3.333333333333333981e-03,4.847533632286994687e-03,1.277904102817598031e-02
8.780487804878047906e-03,3.333333333333333981e-03,4.847533632286994687e-03,1.277904102817598031e-02
8.780487804878047906e-03,3.333333333333333981e-03,4.847533632286994687e-03,1.277904102817598031e-02
8.780487804878047906e-03,3.333333333333333981e-03,4.847533632286994687e-03,1.277904102817598031e-02
8.780487804878047906e-03,3.333333333333333981e-03,4.847533632286994687e-03,1.277904102817598031e-02
8.780487804878047906e-03,3.333333333333333981e-03,4.847533632286994687e-03,1.277904102817598031e-02
8.780487804878047906e-03,3.333333333333333981e-03,4.847533632286994687e-03,1.277904102817598031e-02
8.780487804878047906e-03,3.333333333333333981e-03,4.847533632286994687e-03,1.277904102817598031e-02
8.780487804878047906e-03,3.333333333333333981e-03,4.847533632286994687e-03,1.277904102817598031e-02
8.780487804878047906e-03,3.333333333333333981e-03,4.847533632286994687e-03,1.277904102817598031e-02
8.780487804878047906e-03,3.333333333333333981e-03,4.847533632286994687e-03,1.277904102817598031e-02
8.780487804878047906e-03,3.333333333333333981e-03,4.847533632286994687e-03,1.277904102817598031e-02
8.780487804878047906e-03,3.333333333333333981e-03,4.847533632286994687e-03,1.277904102817598031e-02
8.780487804878047906e-03,3.333333333333333981e-03,4.847533632286994687e-03,1.277904102817598031e-02
8.780487804878047906e-03,3.333333333333333981e-03,4.847533632286994687e-03,1.277904102817598031e-02
8.780487804878047906e-03,3.333333333333333981e-03,4.847533632286994687e-03,1.277904102817598031e-02
8.780487804878047906e-03,3.333333333333333981e-03,4.847533632286994687e-03,1.277904102817598031e-02
8.780487804878047906e-03,3.333333333333333981e-03,4.847533632286994687e-03,1.277904102817598031e-02
8.780487804878047906e-03,3.333333333333333981e-03,4.847533632286994687e-03,1.277904102817598031e-02
8.780487804878047906e-03,3.333333333333333981e-03,4.847533632286994687e-03,1.277904102817598031e-02
8.780487804878047906e-03,3.333333333333333981e-03,4.847533632286994687e-03,1.277904102817598031e-02
8.780487804878047906e-03,3.333333333333333981e-03,4.847533632286994687e-03,1.277904102817598031e-02
8.780487804878047906e-03,3.333333333333333981e-03,4.847533632286994687e-03,1.277904102817598031e-02
8.780487804878047906e-03,3.333333333333333981e-03,4.847533632286994687e-03,1.277904102817598031e-02
8.780487804878047906e-03,3.333333333333333981e-03,4.847533632286994687e-03,1.277904102817598031e-02
8.780487804878047906e-03,3.333333333333333981e-03,4.847533632286994687e-03,1.277904102817598031e-02
8.780487804878047906e-03,3.333333333333333981e-03,4.847533632286994687e-03,1.277904102817598031e-02
8.780487804878047906e-03,3.333333333333333981e-03,4.847533632286994687e-03,1.277904102817598031e-02
8.780487804878047906e-03,3.333333333333333981e-03,4.847533632286994687e-03,1.277904102817598031e-02
8.780487804878047906e-03,3.333333333333333981e-03,4.847533632286994687e-03,1.277904102817598031e-02
8.780487804878047906e-03,3.333333333333333981e-03,4.847533632286994687e-03,1.277904102817598031e-02
8.780487804878047906e-03,3.333333333333333981e-03,4.847533632286994687e-03,1.277904102817598031e-02
8.780487804878047906e-03,3.333333333333333981e-03,4.847533632286994687e-03,1.277904102817598031e-02
8.780487804878047906e-03,3.333333333333333981e-03,4.847533632286994687e-03,1.277904102817598031e-02
8.780487804878047906e-03,3.333333333333333981e-03,4.847533632286994687e-03,1.277904102817598031e-02
8.780487804878047906e-03,3.333333333333333981e-03,4.847533632286994687e-03,1.277904102817598031e-02
8.780487804878047906e-03,3.333333333333333981e-03,4.847533632286994687e-03,1.277904102817598031e-02
8.780487804878047906e-03,3.333333333333333981e-03,4.847533632286994687e-03,1.277904102817598031e-02
8.780487804878047906e-03,3.333333333333333981e-03,4.847533632286994687e-03,1.277904102817598031e-02
8.780487804878047906e-03,3.333333333333333981e-03,4.847533632286994687e-03,1.277904102817598031e-02
8.780487804878047906e-03,3.333333333333333981e-03,4.847533632286994687e-03,1.277904102817598031e-02
8.780487804878047906e-03,3.333333333333333981e-03,4.847533632286994687e-03,1.277904102817598031e-02
8.780487804878047906e-03,3.333333333333333981e-03,4.847533632286994687e-03,1.277904102817598031e-02
8.780487804878047906e-03,3.333333333333333981e-03,4.847533632286994687e-03,1.277904102817598031e-02
8.780487804878047906e-03,3.333333333333333981e-03,4.847533632286994687e-03,1.277904102817598031e-02
8.780487804878047906e-03,3.333333333333333981e-03,4.847533632286994687e-03,1.277904102817598031e-02
8.780487804878047906e-03,3.333333333333333981e-03,4.847533632286994687e-03,1.277904102817598031e-02
8.780487804878047906e-03,3.333333333333333981e-03,4.847533632286994687e-03,1.277904102817598031e-02
8.780487804878047906e-03,3.333333333333333981e-03,4.847533632286994687e-03,1.277904102817598031e-02
8.780487804878047906e-03,3.333333333333333981e-03,4.847533632286994687e-03,1.277904102817598031e-02
8.780487804878047906e-03,3.333333333333333981e-03,4.847533632286994687e-03,1.277904102817598031e-02
8.780487804878047906e-03,3.333333333333333981e-03,4.847533632286994687e-03,1.277904102817598031e-02
8.780487804878047906e-03,3.333333333333333981e-03,4.847533632286994687e-03,1.277904102817598031e-02
8.780487804878047906e-03,3.333333333333333981e-03,4.847533632286994687e-03,1.277904102817598031e-02
8.780487804878047906e-03,3.333333333333333981e-03,4.847533632286994687e-03,1.277904102817598031e-02
8.780487804878047906e-03,3.333333333333333981e-03,4.847533632286994687e-03,1.277904102817598031e-02
8.780487804878047906e-03,3.333333333333333981e-03,4.847533632286994687e-03,1.277904102817598031e-02
8.780487804878047906e-03,3.333333333333333981e-03,4.847533632286994687e-03,1.277904102817598031e-02
8.780487804878047906e-03,3.333333333333333981e-03,4.847533632286994687e-03,1.277904102817598031e-02
8.780487804878047906e-03,3.333333333333333981e-03,4.847533632286994687e-03,1.277904102817598031e-02
8.780487804878047906e-03,3.333333333333333981e-03,4.847533632286994687e-03,1.277904102817598031e-02
8.780487804878047906e-03,3.333333333333333981e-03,4.847533632286994687e-03,1.277904102817598031e-02
8.780487804878047906e-03,3.333333333333333981e-03,4.847533632286994687e-03,1.277904102817598031e-02
8.780487804878047906e-03,3.333333333333333981e-03,4.847533632286994687e-03,1.277904102817598031e-02
8.780487804878047906e-03,3.333333333333333981e-03,4.847533632286994687e-03,1.277904102817598031e-02
8.780487804878047906e-03,3.333333333333333981e-03,4.847533632286994687e-03,1.277904102817598031e-02
8.780487804878047906e-03,3.333333333333333981e-03,4.847533632286994687e-03,1.277904102817598031e-02
8.780487804878047906e-03,3.333333333333333981e-03,4.847533632286994687e-03,1.277904102817598031e-02
8.780487804878047906e-03,3.333333333333333981e-03,4.847533632286994687e-03,1.277904102817598031e-02
8.780487804878047906e-03,3.333333333333333981e-03,4.847533632286994687e-03,1.277904102817598031e-02
8.780487804878047906e-03,3.333333333333333981e-03,4.847533632286994687e-03,1.277904102817598031e-02
8.780487804878047906e-03,3.333333333333333981e-03,4.847533632286994687e-03,1.277904102817598031e-02
8.780487804878047906e-03,3.333333333333333981e-03,4.847533632286994687e-03,1.277904102817598031e-02
8.780487804878047906e-03,3.333333333333333981e-03,4.847533632286994687e-03,1.277904102817598031e-02
8.780487804878047906e-03,3.333333333333333981e-03,4.847533632286994687e-03,1.277904102817598031e-02
8.780487804878047906e-03,3.333333333333333981e-03,4.847533632286994687e-03,1.277904102817598031e-02
8.780487804878047906e-03,3.333333333333333981e-03,4.847533632286994687e-03,1.277904102817598031e-02
8.780487804878047906e-03,3.333333333333333981e-03,4.847533632286994687e-03,1.277904102817598031e-02
8.780487804878047906e-03,3.333333333333333981e-03,4.847533632286994687e-03,1.277904102817598031e-02
8.780487804878047906e-03,3.333333333333333981e-03,4.847533632286994687e-03,1.277904102817598031e-02
8.780487804878047906e-03,3.333333333333333981e-03,4.847533632286994687e-03,1.277904102817598031e-02
8.780487804878047906e-03,3.333333333333333981e-03,4.847533632286994687e-03,1.277904102817598031e-02
8.780487804878047906e-03,3.333333333333333981e-03,4.847533632286994687e-03,1.277904102817598031e-02
8.780487804878047906e-03,3.333333333333333981e-03,4.847533632286994687e-03,1.277904102817598031e-02
8.780487804878047906e-03,3.333333333333333981e-03,4.847533632286994687e-03,1.277904102817598031e-02
8.780487804878047906e-03,3.333333333333333981e-03,4.847533632286994687e-03,1.277904102817598031e-02
8.780487804878047906e-03,3.333333333333333981e-03,4.847533632286994687e-03,1.277904102817598031e-02
8.780487804878047906e-03,3.333333333333333981e-03,4.847533632286994687e-03,1.277904102817598031e-02
8.780487804878047906e-03,3.333333333333333981e-03,4.847533632286994687e-03,1.277904102817598031e-02
8.780487804878047906e-03,3.333333333333333981e-03,4.847533632286994687e-03,1.277904102817598031e-02
8.780487804878047906e-03,3.333333333333333981e-03,4.847533632286994687e-03,1.277904102817598031e-02
8.780487804878047906e-03,3.333333333333333981e-03,4.847533632286994687e-03,1.277904102817598031e-02
8.780487804878047906e-03,3.333333333333333981e-03,4.847533632286994687e-03,1.277904102817598031e-02
8.780487804878047906e-03,3.333333333333333981e-03,4.847533632286994687e-03,1.277904102817598031e-02
8.780487804878047906e-03,3.333333333333333981e-03,4.847533632286994687e-03,1.277904102817598031e-02
8.780487804878047906e-03,3.333333333333333981e-03,4.847533632286994687e-03,1.277904102817598031e-02
8.780487804878047906e-03,3.333333333333333981e-03,4.847533632286994687e-03,1.277904102817598031e-02
8.780487804878047906e-03,3.333333333333333981e-03,4.847533632286994687e-03,1.277904102817598031e-02
8.780487804878047906e-03,3.333333333333333981e-03,4.847533632286994687e-03,1.277904102817598031e-02
8.780487804878047906e-03,3.333333333333333981e-03,4.847533632286994687e-03,1.277904102817598031e-02
8.780487804878047906e-03,3.333333333333333981e-03,4.847533632286994687e-03,1.277904102817598031e-02
8.780487804878047906e-03,3.333333333333333981e-03,4.847533632286994687e-03,1.277904102817598031e-02
8.780487804878047906e-03,3.333333333333333981e-03,4.847533632286994687e-03,1.277904102817598031e-02
8.780487804878047906e-03,3.333333333333333981e-03,4.847533632286994687e-03,1.277904102817598031e-02
8.780487804878047906e-03,3.333333333333333981e-03,4.847533632286994687e-03,1.277904102817598031e-02
8.780487804878047906e-03,3.333333333333333981e-03,4.847533632286994687e-03,1.277904102817598031e-02
8.780487804878047906e-03,3.333333333333333981e-03,4.847533632286994687e-03,1.277904102817598031e-02
8.780487804878047906e-03,3.333333333333333981e-03,4.847533632286994687e-03,1.277904102817598031e-02
8.780487804878047906e-03,3.333333333333333981e-03,4.847533632286994687e-03,1.277904102817598031e-02
8.780487804878047906e-03,3.333333333333333981e-03,4.847533632286994687e-03,1.277904102817598031e-02
8.780487804878047906e-03,3.333333333333333981e-03,4.847533632286994687e-03,1.277904102817598031e-02
8.780487804878047906e-03,3.333333333333333981e-03,4.847533632286994687e-03,1.277904102817598031e-02
8.780487804878047906e-03,3.333333333333333981e-03,4.847533632286994687e-03,1.277904102817598031e-02
8.780487804878047906e-03,3.333333333333333981e-03,4.847533632286994687e-03,1.277904102817598031e-02
8.780487804878047906e-03,3.333333333333333981e-03,4.847533632286994687e-03,1.277904102817598031e-02
8.780487804878047906e-03,3.333333333333333981e-03,4.847533632286994687e-03,1.277904102817598031e-02
8.780487804878047906e-03,3.333333333333333981e-03,4.847533632286994687e-03,1.277904102817598031e-02
8.780487804878047906e-03,3.333333333333333981e-03,4.847533632286994687e-03,1.277904102817598031e-02
8.780487804878047906e-03,3.333333333333333981e-03,4.847533632286994687e-03,1.277904102817598031e-02
8.780487804878047906e-03,3.333333333333333981e-03,4.847533632286994687e-03,1.277904102817598031e-02
8.780487804878047906e-03,3.333333333333333981e-03,4.847533632286994687e-03,1.277904102817598031e-02
8.780487804878047906e-03,3.333333333333333981e-03,4.847533632286994687e-03,1.277904102817598031e-02
8.780487804878047906e-03,3.333333333333333981e-03,4.847533632286994687e-03,1.277904102817598031e-02
8.780487804878047906e-03,3.333333333333333981e-03,4.847533632286994687e-03,1.277904102817598031e-02
8.780487804878047906e-03,3.333333333333333981e-03,4.847533632286994687e-03,1.277904102817598031e-02
8.780487804878047906e-03,3.333333333333333981e-03,4.847533632286994687e-03,1.277904102817598031e-02
8.780487804878047906e-03,3.333333333333333981e-03,4.847533632286994687e-03,1.277904102817598031e-02
8.780487804878047906e-03,3.333333333333333981e-03,4.847533632286994687e-03,1.277904102817598031e-02
8.780487804878047906e-03,3.333333333333333981e-03,4.847533632286994687e-03,1.277904102817598031e-02
8.780487804878047906e-03,3.333333333333333981e-03,4.847533632286994687e-03,1.277904102817598031e-02
8.780487804878047906e-03,3.333333333333333981e-03,4.847533632286994687e-03,1.277904102817598031e-02
8.780487804878047906e-03,3.333333333333333981e-03,4.847533632286994687e-03,1.277904102817598031e-02
8.780487804878047906e-03,3.333333333333333981e-03,4.847533632286994687e-03,1.277904102817598031e-02
8.780487804878047906e-03,3.333333333333333981e-03,4.847533632286994687e-03,1.277904102817598031e-02
8.780487804878047906e-03,3.333333333333333981e-03,4.847533632286994687e-03,1.277904102817598031e-02
8.780487804878047906e-03,3.333333333333333981e-03,4.847533632286994687e-03,1.277904102817598031e-02
8.780487804878047906e-03,3.333333333333333981e-03,4.847533632286994687e-03,1.277904102817598031e-02
8.780487804878047906e-03,3.333333333333333981e-03,4.847533632286994687e-03,1.277904102817598031e-02
8.780487804878047906e-03,3.333333333333333981e-03,4.847533632286994687e-03,1.277904102817598031e-02
8.780487804878047906e-03,3.333333333333333981e-03,4.847533632286994687e-03,1.277904102817598031e-02
8.780487804878047906e-03,3.333333333333333981e-03,4.847533632286994687e-03,1.277904102817598031e-02
8.780487804878047906e-03,3.333333333333333981e-03,4.847533632286994687e-03,1.277904102817598031e-02
8.780487804878047906e-03,3.333333333333333981e-03,4.847533632286994687e-03,1.277904102817598031e-02
8.780487804878047906e-03,3.333333333333333981e-03,4.847533632286994687e-03,1.277904102817598031e-02
8.780487804878047906e-03,3.333333333333333981e-03,4.847533632286994687e-03,1.277904102817598031e-02
8.780487804878047906e-03,3.333333333333333981e-03,4.847533632286994687e-03,1.277904102817598031e-02
8.780487804878047906e-03,3.333333333333333981e-03,4.847533632286994687e-03,1.277904102817598031e-02
8.780487804878047906e-03,3.333333333333333981e-03,4.847533632286994687e-03,1.277904102817598031e-02
8.780487804878047906e-03,3.333333333333333981e-03,4.847533632286994687e-03,1.277904102817598031e-02
8.780487804878047906e-03,3.333333333333333981e-03,4.847533632286994687e-03,1.277904102817598031e-02
8.780487804878047906e-03,3.333333333333333981e-03,4.847533632286994687e-03,1.277904102817598031e-02
8.780487804878047906e-03,3.333333333333333981e-03,4.847533632286994687e-03,1.277904102817598031e-02
8.780487804878047906e-03,3.333333333333333981e-03,4.847533632286994687e-03,1.277904102817598031e-02
8.780487804878047906e-03,3.333333333333333981e-03,4.847533632286994687e-03,1.277904102817598031e-02
8.780487804878047906e-03,3.333333333333333981e-03,4.847533632286994687e-03,1.277904102817598031e-02
8.780487804878047906e-03,3.333333333333333981e-03,4.847533632286994687e-03,1.277904102817598031e-02
8.780487804878047906e-03,3.333333333333333981e-03,4.847533632286994687e-03,1.277904102817598031e-02
8.780487804878047906e-03,3.333333333333333981e-03,4.847533632286994687e-03,1.277904102817598031e-02
8.780487804878047906e-03,3.333333333333333981e-03,4.847533632286994687e-03,1.277904102817598031e-02
8.780487804878047906e-03,3.333333333333333981e-03,4.847533632286994687e-03,1.277904102817598031e-02
8.780487804878047906e-03,3.333333333333333981e-03,4.847533632286994687e-03,1.277904102817598031e-02
8.780487804878047906e-03,3.333333333333333981e-03,4.847533632286994687e-03,1.277904102817598031e-02
8.780487804878047906e-03,3.333333333333333981e-03,4.847533632286994687e-03,1.277904102817598031e-02
8.780487804878047906e-03,3.333333333333333981e-03,4.847533632286994687e-03,1.277904102817598031e-02
8.780487804878047906e-03,3.333333333333333981e-03,4.847533632286994687e-03,1.277904102817598031e-02
8.780487804878047906e-03,3.333333333333333981e-03,4.847533632286994687e-03,1.277904102817598031e-02
8.780487804878047906e-03,3.333333333333333981e-03,4.847533632286994687e-03,1.277904102817598031e-02
8.780487804878047906e-03,3.333333333333333981e-03,4.847533632286994687e-03,1.277904102817598031e-02
8.780487804878047906e-03,3.333333333333333981e-03,4.847533632286994687e-03,1.277904102817598031e-02
8.780487804878047906e-03,3.333333333333333981e-03,4.847533632286994687e-03,1.277904102817598031e-02
8.780487804878047906e-03,3.333333333333333981e-03,4.847533632286994687e-03,1.277904102817598031e-02
8.780487804878047906e-03,3.333333333333333981e-03,4.847533632286994687e-03,1.277904102817598031e-02
8.780487804878047906e-03,3.333333333333333981e-03,4.847533632286994687e-03,1.277904102817598031e-02
8.780487804878047906e-03,3.333333333333333981e-03,4.847533632286994687e-03,1.277904102817598031e-02
8.780487804878047906e-03,3.333333333333333981e-03,4.847533632286994687e-03,1.277904102817598031e-02
8.780487804878047906e-03,3.333333333333333981e-03,4.847533632286994687e-03,1.277904102817598031e-02
8.780487804878047906e-03,3.333333333333333981e-03,4.847533632286994687e-03,1.277904102817598031e-02
8.780487804878047906e-03,3.333333333333333981e-03,4.847533632286994687e-03,1.277904102817598031e-02
8.780487804878047906e-03,3.333333333333333981e-03,4.847533632286994687e-03,1.277904102817598031e-02
8.780487804878047906e-03,3.333333333333333981e-03,4.847533632286994687e-03,1.277904102817598031e-02
8.780487804878047906e-03,3.333333333333333981e-03,4.847533632286994687e-03,1.277904102817598031e-02
8.780487804878047906e-03,3.333333333333333981e-03,4.847533632286994687e-03,1.277904102817598031e-02
8.780487804878047906e-03,3.333333333333333981e-03,4.847533632286994687e-03,1.277904102817598031e-02
8.780487804878047906e-03,3.333333333333333981e-03,4.847533632286994687e-03,1.277904102817598031e-02
8.780487804878047906e-03,3.333333333333333981e-03,4.847533632286994687e-03,1.277904102817598031e-02
8.780487804878047906e-03,3.333333333333333981e-03,4.847533632286994687e-03,1.277904102817598031e-02
8.780487804878047906e-03,3.333333333333333981e-03,4.847533632286994687e-03,1.277904102817598031e-02
8.780487804878047906e-03,3.333333333333333981e-03,4.847533632286994687e-03,1.277904102817598031e-02
8.780487804878047906e-03,3.333333333333333981e-03,4.847533632286994687e-03,1.277904102817598031e-02
8.780487804878047906e-03,3.333333333333333981e-03,4.847533632286994687e-03,1.277904102817598031e-02
8.780487804878047906e-03,3.333333333333333981e-03,4.847533632286994687e-03,1.277904102817598031e-02
8.780487804878047906e-03,3.333333333333333981e-03,4.847533632286994687e-03,1.277904102817598031e-02
8.780487804878047906e-03,3.333333333333333981e-03,4.847533632286994687e-03,1.277904102817598031e-02
8.780487804878047906e-03,3.333333333333333981e-03,4.847533632286994687e-03,1.277904102817598031e-02
8.780487804878047906e-03,3.333333333333333981e-03,4.847533632286994687e-03,1.277904102817598031e-02
8.780487804878047906e-03,3.333333333333333981e-03,4.847533632286994687e-03,1.277904102817598031e-02
8.780487804878047906e-03,3.333333333333333981e-03,4.847533632286994687e-03,1.277904102817598031e-02
8.780487804878047906e-03,3.333333333333333981e-03,4.847533632286994687e-03,1.277904102817598031e-02
8.780487804878047906e-03,3.333333333333333981e-03,4.847533632286994687e-03,1.277904102817598031e-02
8.780487804878047906e-03,3.333333333333333981e-03,4.847533632286994687e-03,1.277904102817598031e-02
8.780487804878047906e-03,3.333333333333333981e-03,4.847533632286994687e-03,1.277904102817598031e-02
8.780487804878047906e-03,3.333333333333333981e-03,4.847533632286994687e-03,1.277904102817598031e-02
8.780487804878047906e-03,3.333333333333333981e-03,4.847533632286994687e-03,1.277904102817598031e-02
8.780487804878047906e-03,3.333333333333333981e-03,4.847533632286994687e-03,1.277904102817598031e-02
8.780487804878047906e-03,3.333333333333333981e-03,4.847533632286994687e-03,1.277904102817598031e-02
8.780487804878047906e-03,3.333333333333333981e-03,4.847533632286994687e-03,1.277904102817598031e-02
8.780487804878047906e-03,3.333333333333333981e-03,4.847533632286994687e-03,1.277904102817598031e-02
8.780487804878047906e-03,3.333333333333333981e-03,4.847533632286994687e-03,1.277904102817598031e-02
8.780487804878047906e-03,3.333333333333333981e-03,4.847533632286994687e-03,1.277904102817598031e-02
8.780487804878047906e-03,3.333333333333333981e-03,4.847533632286994687e-03,1.277904102817598031e-02
8.780487804878047906e-03,3.333333333333333981e-03,4.847533632286994687e-03,1.277904102817598031e-02
8.780487804878047906e-03,3.333333333333333981e-03,4.847533632286994687e-03,1.277904102817598031e-02
8.780487804878047906e-03,3.333333333333333981e-03,4.847533632286994687e-03,1.277904102817598031e-02
8.780487804878047906e-03,3.333333333333333981e-03,4.847533632286994687e-03,1.277904102817598031e-02
8.780487804878047906e-03,3.333333333333333981e-03,4.847533632286994687e-03,1.277904102817598031e-02
8.780487804878047906e-03,3.333333333333333981e-03,4.847533632286994687e-03,1.277904102817598031e-02
8.780487804878047906e-03,3.333333333333333981e-03,4.847533632286994687e-03,1.277904102817598031e-02
8.780487804878047906e-03,3.333333333333333981e-03,4.847533632286994687e-03,1.277904102817598031e-02
8.780487804878047906e-03,3.333333333333333981e-03,4.847533632286994687e-03,1.277904102817598031e-02
8.780487804878047906e-03,3.333333333333333981e-03,4.847533632286994687e-03,1.277904102817598031e-02
8.780487804878047906e-03,3.333333333333333981e-03,4.847533632286994687e-03,1.277904102817598031e-02
8.780487804878047906e-03,3.333333333333333981e-03,4.847533632286994687e-03,1.277904102817598031e-02
8.780487804878047906e-03,3.333333333333333981e-03,4.847533632286994687e-03,1.277904102817598031e-02
8.780487804878047906e-03,3.333333333333333981e-03,4.847533632286994687e-03,1.277904102817598031e-02
8.780487804878047906e-03,3.333333333333333981e-03,4.847533632286994687e-03,1.277904102817598031e-02
8.780487804878047906e-03,3.333333333333333981e-03,4.847533632286994687e-03,1.277904102817598031e-02
8.780487804878047906e-03,3.333333333333333981e-03,4.847533632286994687e-03,1.277904102817598031e-02
8.780487804878047906e-03,3.333333333333333981e-03,4.847533632286994687e-03,1.277904102817598031e-02
8.780487804878047906e-03,3.333333333333333981e-03,4.847533632286994687e-03,1.277904102817598031e-02
8.780487804878047906e-03,3.333333333333333981e-03,4.847533632286994687e-03,1.277904102817598031e-02
8.780487804878047906e-03,3.333333333333333981e-03,4.847533632286994687e-03,1.277904102817598031e-02
8.780487804878047906e-03,3.333333333333333981e-03,4.847533632286994687e-03,1.277904102817598031e-02
8.780487804878047906e-03,3.333333333333333981e-03,4.847533632286994687e-03,1.277904102817598031e-02
8.780487804878047906e-03,3.333333333333333981e-03,4.847533632286994687e-03,1.277904102817598031e-02
8.780487804878047906e-03,3.333333333333333981e-03,4.847533632286994687e-03,1.277904102817598031e-02
8.780487804878047906e-03,3.333333333333333981e-03,4.847533632286994687e-03,1.277904102817598031e-02
8.780487804878047906e-03,3.333333333333333981e-03,4.847533632286994687e-03,1.277904102817598031e-02
8.780487804878047906e-03,3.333333333333333981e-03,4.847533632286994687e-03,1.277904102817598031e-02
8.780487804878047906e-03,3.333333333333333981e-03,4.847533632286994687e-03,1.277904102817598031e-02
8.780487804878047906e-03,3.333333333333333981e-03,4.847533632286994687e-03,1.277904102817598031e-02
8.780487804878047906e-03,3.333333333333333981e-03,4.847533632286994687e-03,1.277904102817598031e-02
8.780487804878047906e-03,3.333333333333333981e-03,4.847533632286994687e-03,1.277904102817598031e-02
8.780487804878047906e-03,3.333333333333333981e-03,4.847533632286994687e-03,1.277904102817598031e-02
8.780487804878047906e-03,3.333333333333333981e-03,4.847533632286994687e-03,1.277904102817598031e-02
8.780487804878047906e-03,3.333333333333333981e-03,4.847533632286994687e-03,1.277904102817598031e-02
8.780487804878047906e-03,3.333333333333333981e-03,4.847533632286994687e-03,1.277904102817598031e-02
8.780487804878047906e-03,3.333333333333333981e-03,4.847533632286994687e-03,1.277904102817598031e-02
8.780487804878047906e-03,3.333333333333333981e-03,4.847533632286994687e-03,1.277904102817598031e-02
8.780487804878047906e-03,3.333333333333333981e-03,4.847533632286994687e-03,1.277904102817598031e-02
8.780487804878047906e-03,3.333333333333333981e-03,4.847533632286994687e-03,1.277904102817598031e-02
8.780487804878047906e-03,3.333333333333333981e-03,4.847533632286994687e-03,1.277904102817598031e-02
8.780487804878047906e-03,3.333333333333333981e-03,4.847533632286994687e-03,1.277904102817598031e-02
8.780487804878047906e-03,3.333333333333333981e-03,4.847533632286994687e-03,1.277904102817598031e-02
8.780487804878047906e-03,3.333333333333333981e-03,4.847533632286994687e-03,1.277904102817598031e-02
8.780487804878047906e-03,3.333333333333333981e-03,4.847533632286994687e-03,1.277904102817598031e-02
8.780487804878047906e-03,3.333333333333333981e-03,4.847533632286994687e-03,1.277904102817598031e-02
8.780487804878047906e-03,3.333333333333333981e-03,4.847533632286994687e-03,1.277904102817598031e-02
8.780487804878047906e-03,3.333333333333333981e-03,4.847533632286994687e-03,1.277904102817598031e-02
8.780487804878047906e-03,3.333333333333333981e-03,4.847533632286994687e-03,1.277904102817598031e-02
8.780487804878047906e-03,3.333333333333333981e-03,4.847533632286994687e-03,1.277904102817598031e-02
8.780487804878047906e-03,3.333333333333333981e-03,4.847533632286994687e-03,1.277904102817598031e-02
8.780487804878047906e-03,3.333333333333333981e-03,4.847533632286994687e-03,1.277904102817598031e-02
8.780487804878047906e-03,3.333333333333333981e-03,4.847533632286994687e-03,1.277904102817598031e-02
8.780487804878047906e-03,3.333333333333333981e-03,4.847533632286994687e-03,1.277904102817598031e-02
8.780487804878047906e-03,3.333333333333333981e-03,4.847533632286994687e-03,1.277904102817598031e-02
8.780487804878047906e-03,3.333333333333333981e-03,4.847533632286994687e-03,1.277904102817598031e-02
8.780487804878047906e-03,3.333333333333333981e-03,4.847533632286994687e-03,1.277904102817598031e-02
8.780487804878047906e-03,3.333333333333333981e-03,4.847533632286994687e-03,1.277904102817598031e-02
8.780487804878047906e-03,3.333333333333333981e-03,4.847533632286994687e-03,1.277904102817598031e-02
8.780487804878047906e-03,3.333333333333333981e-03,4.847533632286994687e-03,1.277904102817598031e-02
8.780487804878047906e-03,3.333333333333333981e-03,4.847533632286994687e-03,1.277904102817598031e-02
8.780487804878047906e-03,3.333333333333333981e-03,4.847533632286994687e-03,1.277904102817598031e-02
8.780487804878047906e-03,3.333333333333333981e-03,4.847533632286994687e-03,1.277904102817598031e-02
8.780487804878047906e-03,3.333333333333333981e-03,4.847533632286994687e-03,1.277904102817598031e-02
8.780487804878047906e-03,3.333333333333333981e-03,4.847533632286994687e-03,1.277904102817598031e-02
8.780487804878047906e-03,3.333333333333333981e-03,4.847533632286994687e-03,1.277904102817598031e-02
8.780487804878047906e-03,3.333333333333333981e-03,4.847533632286994687e-03,1.277904102817598031e-02
8.780487804878047906e-03,3.333333333333333981e-03,4.847533632286994687e-03,1.277904102817598031e-02
8.780487804878047906e-03,3.333333333333333981e-03,4.847533632286994687e-03,1.277904102817598031e-02
8.780487804878047906e-03,3.333333333333333981e-03,4.847533632286994687e-03,1.277904102817598031e-02
8.780487804878047906e-03,3.333333333333333981e-03,4.847533632286994687e-03,1.277904102817598031e-02
8.780487804878047906e-03,3.333333333333333981e-03,4.847533632286994687e-03,1.277904102817598031e-02
8.780487804878047906e-03,3.333333333333333981e-03,4.847533632286994687e-03,1.277904102817598031e-02
8.780487804878047906e-03,3.333333333333333981e-03,4.847533632286994687e-03,1.277904102817598031e-02
8.780487804878047906e-03,3.333333333333333981e-03,4.847533632286994687e-03,1.277904102817598031e-02
8.780487804878047906e-03,3.333333333333333981e-03,4.847533632286994687e-03,1.277904102817598031e-02
8.780487804878047906e-03,3.333333333333333981e-03,4.847533632286994687e-03,1.277904102817598031e-02
8.780487804878047906e-03,3.333333333333333981e-03,4.847533632286994687e-03,1.277904102817598031e-02
8.780487804878047906e-03,3.333333333333333981e-03,4.847533632286994687e-03,1.277904102817598031e-02
8.780487804878047906e-03,3.333333333333333981e-03,4.847533632286994687e-03,1.277904102817598031e-02
8.780487804878047906e-03,3.333333333333333981e-03,4.847533632286994687e-03,1.277904102817598031e-02
8.780487804878047906e-03,3.333333333333333981e-03,4.847533632286994687e-03,1.277904102817598031e-02
8.780487804878047906e-03,3.333333333333333981e-03,4.847533632286994687e-03,1.277904102817598031e-02
8.780487804878047906e-03,3.333333333333333981e-03,4.847533632286994687e-03,1.277904102817598031e-02
8.780487804878047906e-03,3.333333333333333981e-03,4.847533632286994687e-03,1.277904102817598031e-02
8.780487804878047906e-03,3.333333333333333981e-03,4.847533632286994687e-03,1.277904102817598031e-02
8.780487804878047906e-03,3.333333333333333981e-03,4.847533632286994687e-03,1.277904102817598031e-02
8.780487804878047906e-03,3.333333333333333981e-03,4.847533632286994687e-03,1.277904102817598031e-02
8.780487804878047906e-03,3.333333333333333981e-03,4.847533632286994687e-03,1.277904102817598031e-02
8.780487804878047906e-03,3.333333333333333981e-03,4.847533632286994687e-03,1.277904102817598031e-02
8.780487804878047906e-03,3.333333333333333981e-03,4.847533632286994687e-03,1.277904102817598031e-02
8.780487804878047906e-03,3.333333333333333981e-03,4.847533632286994687e-03,1.277904102817598031e-02
8.780487804878047906e-03,3.333333333333333981e-03,4.847533632286994687e-03,1.277904102817598031e-02
8.780487804878047906e-03,3.333333333333333981e-03,4.847533632286994687e-03,1.277904102817598031e-02
8.780487804878047906e-03,3.333333333333333981e-03,4.847533632286994687e-03,1.277904102817598031e-02
8.780487804878047906e-03,3.333333333333333981e-03,4.847533632286994687e-03,1.277904102817598031e-02
8.780487804878047906e-03,3.333333333333333981e-03,4.847533632286994687e-03,1.277904102817598031e-02
8.780487804878047906e-03,3.333333333333333981e-03,4.847533632286994687e-03,1.277904102817598031e-02
8.780487804878047906e-03,3.333333333333333981e-03,4.847533632286994687e-03,1.277904102817598031e-02
8.780487804878047906e-03,3.333333333333333981e-03,4.847533632286994687e-03,1.277904102817598031e-02
8.780487804878047906e-03,3.333333333333333981e-03,4.847533632286994687e-03,1.277904102817598031e-02
8.780487804878047906e-03,3.333333333333333981e-03,4.847533632286994687e-03,1.277904102817598031e-02
8.780487804878047906e-03,3.333333333333333981e-03,4.847533632286994687e-03,1.277904102817598031e-02
8.780487804878047906e-03,3.333333333333333981e-03,4.847533632286994687e-03,1.277904102817598031e-02
8.780487804878047906e-03,3.333333333333333981e-03,4.847533632286994687e-03,1.277904102817598031e-02
8.780487804878047906e-03,3.333333333333333981e-03,4.847533632286994687e-03,1.277904102817598031e-02
8.780487804878047906e-03,3.333333333333333981e-03,4.847533632286994687e-03,1.277904102817598031e-02
8.780487804878047906e-03,3.333333333333333981e-03,4.847533632286994687e-03,1.277904102817598031e-02
8.780487804878047906e-03,3.333333333333333981e-03,4.847533632286994687e-03,1.277904102817598031e-02
8.780487804878047906e-03,3.333333333333333981e-03,4.847533632286994687e-03,1.277904102817598031e-02
8.780487804878047906e-03,3.333333333333333981e-03,4.847533632286994687e-03,1.277904102817598031e-02
8.780487804878047906e-03,3.333333333333333981e-03,4.847533632286994687e-03,1.277904102817598031e-02
8.780487804878047906e-03,3.333333333333333981e-03,4.847533632286994687e-03,1.277904102817598031e-02
8.780487804878047906e-03,3.333333333333333981e-03,4.847533632286994687e-03,1.277904102817598031e-02
8.780487804878047906e-03,3.333333333333333981e-03,4.847533632286994687e-03,1.277904102817598031e-02
8.780487804878047906e-03,3.333333333333333981e-03,4.847533632286994687e-03,1.277904102817598031e-02
8.780487804878047906e-03,3.333333333333333981e-03,4.847533632286994687e-03,1.277904102817598031e-02
8.780487804878047906e-03,3.333333333333333981e-03,4.847533632286994687e-03,1.277904102817598031e-02
8.780487804878047906e-03,3.333333333333333981e-03,4.847533632286994687e-03,1.277904102817598031e-02
8.780487804878047906e-03,3.333333333333333981e-03,4.847533632286994687e-03,1.277904102817598031e-02
8.780487804878047906e-03,3.333333333333333981e-03,4.847533632286994687e-03,1.277904102817598031e-02
8.780487804878047906e-03,3.333333333333333981e-03,4.847533632286994687e-03,1.277904102817598031e-02
8.780487804878047906e-03,3.333333333333333981e-03,4.847533632286994687e-03,1.277904102817598031e-02
8.780487804878047906e-03,3.333333333333333981e-03,4.847533632286994687e-03,1.277904102817598031e-02
8.780487804878047906e-03,3.333333333333333981e-03,4.847533632286994687e-03,1.277904102817598031e-02
8.780487804878047906e-03,3.333333333333333981e-03,4.847533632286994687e-03,1.277904102817598031e-02
8.780487804878047906e-03,3.333333333333333981e-03,4.847533632286994687e-03,1.277904102817598031e-02
8.780487804878047906e-03,3.333333333333333981e-03,4.847533632286994687e-03,1.277904102817598031e-02
8.780487804878047906e-03,3.333333333333333981e-03,4.847533632286994687e-03,1.277904102817598031e-02
8.780487804878047906e-03,3.333333333333333981e-03,4.847533632286994687e-03,1.277904102817598031e-02
8.780487804878047906e-03,3.333333333333333981e-03,4.847533632286994687e-03,1.277904102817598031e-02
8.780487804878047906e-03,3.333333333333333981e-03,4.847533632286994687e-03,1.277904102817598031e-02
8.780487804878047906e-03,3.333333333333333981e-03,4.847533632286994687e-03,1.277904102817598031e-02
8.780487804878047906e-03,3.333333333333333981e-03,4.847533632286994687e-03,1.277904102817598031e-02
8.780487804878047906e-03,3.333333333333333981e-03,4.847533632286994687e-03,1.277904102817598031e-02
8.780487804878047906e-03,3.333333333333333981e-03,4.847533632286994687e-03,1.277904102817598031e-02
8.780487804878047906e-03,3.333333333333333981e-03,4.847533632286994687e-03,1.277904102817598031e-02
8.780487804878047906e-03,3.333333333333333981e-03,4.847533632286994687e-03,1.277904102817598031e-02
8.780487804878047906e-03,3.333333333333333981e-03,4.847533632286994687e-03,1.277904102817598031e-02
8.780487804878047906e-03,3.333333333333333981e-03,4.847533632286994687e-03,1.277904102817598031e-02
8.780487804878047906e-03,3.333333333333333981e-03,4.847533632286994687e-03,1.277904102817598031e-02
8.780487804878047906e-03,3.333333333333333981e-03,4.847533632286994687e-03,1.277904102817598031e-02
8.780487804878047906e-03,3.333333333333333981e-03,4.847533632286994687e-03,1.277904102817598031e-02
8.780487804878047906e-03,3.333333333333333981e-03,4.847533632286994687e-03,1.277904102817598031e-02
8.780487804878047906e-03,3.333333333333333981e-03,4.847533632286994687e-03,1.277904102817598031e-02
8.780487804878047906e-03,3.333333333333333981e-03,4.847533632286994687e-03,1.277904102817598031e-02
8.780487804878047906e-03,3.333333333333333981e-03,4.847533632286994687e-03,1.277904102817598031e-02
8.780487804878047906e-03,3.333333333333333981e-03,4.847533632286994687e-03,1.277904102817598031e-02
8.780487804878047906e-03,3.333333333333333981e-03,4.847533632286994687e-03,1.277904102817598031e-02
8.780487804878047906e-03,3.333333333333333981e-03,4.847533632286994687e-03,1.277904102817598031e-02
8.780487804878047906e-03,3.333333333333333981e-03,4.847533632286994687e-03,1.277904102817598031e-02
8.780487804878047906e-03,3.333333333333333981e-03,4.847533632286994687e-03,1.277904102817598031e-02
8.780487804878047906e-03,3.333333333333333981e-03,4.847533632286994687e-03,1.277904102817598031e-02
8.780487804878047906e-03,3.333333333333333981e-03,4.847533632286994687e-03,1.277904102817598031e-02
8.780487804878047906e-03,3.333333333333333981e-03,4.847533632286994687e-03,1.277904102817598031e-02
8.780487804878047906e-03,3.333333333333333981e-03,4.847533632286994687e-03,1.277904102817598031e-02
8.780487804878047906e-03,3.333333333333333981e-03,4.847533632286994687e-03,1.277904102817598031e-02
8.780487804878047906e-03,3.333333333333333981e-03,4.847533632286994687e-03,1.277904102817598031e-02
8.780487804878047906e-03,3.333333333333333981e-03,4.847533632286994687e-03,1.277904102817598031e-02
8.780487804878047906e-03,3.333333333333333981e-03,4.847533632286994687e-03,1.277904102817598031e-02
8.780487804878047906e-03,3.333333333333333981e-03,4.847533632286994687e-03,1.277904102817598031e-02
8.780487804878047906e-03,3.333333333333333981e-03,4.847533632286994687e-03,1.277904102817598031e-02
8.780487804878047906e-03,3.333333333333333981e-03,4.847533632286994687e-03,1.277904102817598031e-02
8.780487804878047906e-03,3.333333333333333981e-03,4.847533632286994687e-03,1.277904102817598031e-02
8.780487804878047906e-03,3.333333333333333981e-03,4.847533632286994687e-03,1.277904102817598031e-02
8.780487804878047906e-03,3.333333333333333981e-03,4.847533632286994687e-03,1.277904102817598031e-02
8.780487804878047906e-03,3.333333333333333981e-03,4.847533632286994687e-03,1.277904102817598031e-02
8.780487804878047906e-03,3.333333333333333981e-03,4.847533632286994687e-03,1.277904102817598031e-02
8.780487804878047906e-03,3.333333333333333981e-03,4.847533632286994687e-03,1.277904102817598031e-02
8.780487804878047906e-03,3.333333333333333981e-03,4.847533632286994687e-03,1.277904102817598031e-02
8.780487804878047906e-03,3.333333333333333981e-03,4.847533632286994687e-03,1.277904102817598031e-02
8.780487804878047906e-03,3.333333333333333981e-03,4.847533632286994687e-03,1.277904102817598031e-02
8.780487804878047906e-03,3.333333333333333981e-03,4.847533632286994687e-03,1.277904102817598031e-02
8.780487804878047906e-03,3.333333333333333981e-03,4.847533632286994687e-03,1.277904102817598031e-02
8.780487804878047906e-03,3.333333333333333981e-03,4.847533632286994687e-03,1.277904102817598031e-02
8.780487804878047906e-03,3.333333333333333981e-03,4.847533632286994687e-03,1.277904102817598031e-02
8.780487804878047906e-03,3.333333333333333981e-03,4.847533632286994687e-03,1.277904102817598031e-02
8.780487804878047906e-03,3.333333333333333981e-03,4.847533632286994687e-03,1.277904102817598031e-02
8.780487804878047906e-03,3.333333333333333981e-03,4.847533632286994687e-03,1.277904102817598031e-02
8.780487804878047906e-03,3.333333333333333981e-03,4.847533632286994687e-03,1.277904102817598031e-02
8.780487804878047906e-03,3.333333333333333981e-03,4.847533632286994687e-03,1.277904102817598031e-02
8.780487804878047906e-03,3.333333333333333981e-03,4.847533632286994687e-03,1.277904102817598031e-02
8.780487804878047906e-03,3.333333333333333981e-03,4.847533632286994687e-03,1.277904102817598031e-02
8.780487804878047906e-03,3.333333333333333981e-03,4.847533632286994687e-03,1.277904102817598031e-02
8.780487804878047906e-03,3.333333333333333981e-03,4.847533632286994687e-03,1.277904102817598031e-02
8.780487804878047906e-03,3.333333333333333981e-03,4.847533632286994687e-03,1.277904102817598031e-02
8.780487804878047906e-03,3.333333333333333981e-03,4.847533632286994687e-03,1.277904102817598031e-02
8.780487804878047906e-03,3.333333333333333981e-03,4.847533632286994687e-03,1.277904102817598031e-02
8.780487804878047906e-03,3.333333333333333981e-03,4.847533632286994687e-03,1.277904102817598031e-02
8.780487804878047906e-03,3.333333333333333981e-03,4.847533632286994687e-03,1.277904102817598031e-02
8.780487804878047906e-03,3.333333333333333981e-03,4.847533632286994687e-03,1.277904102817598031e-02
8.780487804878047906e-03,3.333333333333333981e-03,4.847533632286994687e-03,1.277904102817598031e-02
8.780487804878047906e-03,3.333333333333333981e-03,4.847533632286994687e-03,1.277904102817598031e-02
8.780487804878047906e-03,3.333333333333333981e-03,4.847533632286994687e-03,1.277904102817598031e-02
8.780487804878047906e-03,3.333333333333333981e-03,4.847533632286994687e-03,1.277904102817598031e-02
8.780487804878047906e-03,3.333333333333333981e-03,4.847533632286994687e-03,1.277904102817598031e-02
8.780487804878047906e-03,3.333333333333333981e-03,4.847533632286994687e-03,1.277904102817598031e-02
8.780487804878047906e-03,3.333333333333333981e-03,4.847533632286994687e-03,1.277904102817598031e-02
8.780487804878047906e-03,3.333333333333333981e-03,4.847533632286994687e-03,1.277904102817598031e-02
8.780487804878047906e-03,3.333333333333333981e-03,4.847533632286994687e-03,1.277904102817598031e-02
8.780487804878047906e-03,3.333333333333333981e-03,4.847533632286994687e-03,1.277904102817598031e-02
8.780487804878047906e-03,3.333333333333333981e-03,4.847533632286994687e-03,1.277904102817598031e-02
8.780487804878047906e-03,3.333333333333333981e-03,4.847533632286994687e-03,1.277904102817598031e-02
8.780487804878047906e-03,3.333333333333333981e-03,4.847533632286994687e-03,1.277904102817598031e-02
8.780487804878047906e-03,3.333333333333333981e-03,4.847533632286994687e-03,1.277904102817598031e-02
8.780487804878047906e-03,3.333333333333333981e-03,4.847533632286994687e-03,1.277904102817598031e-02
8.780487804878047906e-03,3.333333333333333981e-03,4.847533632286994687e-03,1.277904102817598031e-02
8.780487804878047906e-03,3.333333333333333981e-03,4.847533632286994687e-03,1.277904102817598031e-02
8.780487804878047906e-03,3.333333333333333981e-03,4.847533632286994687e-03,1.277904102817598031e-02
8.780487804878047906e-03,3.333333333333333981e-03,4.847533632286994687e-03,1.277904102817598031e-02
8.780487804878047906e-03,3.333333333333333981e-03,4.847533632286994687e-03,1.277904102817598031e-02
8.780487804878047906e-03,3.333333333333333981e-03,4.847533632286994687e-03,1.277904102817598031e-02
8.780487804878047906e-03,3.333333333333333981e-03,4.847533632286994687e-03,1.277904102817598031e-02
8.780487804878047906e-03,3.333333333333333981e-03,4.847533632286994687e-03,1.277904102817598031e-02
8.780487804878047906e-03,3.333333333333333981e-03,4.847533632286994687e-03,1.277904102817598031e-02
8.780487804878047906e-03,3.333333333333333981e-03,4.847533632286994687e-03,1.277904102817598031e-02
8.780487804878047906e-03,3.333333333333333981e-03,4.847533632286994687e-03,1.277904102817598031e-02
8.780487804878047906e-03,3.333333333333333981e-03,4.847533632286994687e-03,1.277904102817598031e-02
8.780487804878047906e-03,3.333333333333333981e-03,4.847533632286994687e-03,1.277904102817598031e-02
8.780487804878047906e-03,3.333333333333333981e-03,4.847533632286994687e-03,1.277904102817598031e-02
8.780487804878047906e-03,3.333333333333333981e-03,4.847533632286994687e-03,1.277904102817598031e-02
8.780487804878047906e-03,3.333333333333333981e-03,4.847533632286994687e-03,1.277904102817598031e-02
8.780487804878047906e-03,3.333333333333333981e-03,4.847533632286994687e-03,1.277904102817598031e-02
8.780487804878047906e-03,3.333333333333333981e-03,4.847533632286994687e-03,1.277904102817598031e-02
8.780487804878047906e-03,3.333333333333333981e-03,4.847533632286994687e-03,1.277904102817598031e-02
8.780487804878047906e-03,3.333333333333333981e-03,4.847533632286994687e-03,1.277904102817598031e-02
8.780487804878047906e-03,3.333333333333333981e-03,4.847533632286994687e-03,1.277904102817598031e-02
8.780487804878047906e-03,3.333333333333333981e-03,4.847533632286994687e-03,1.277904102817598031e-02
8.780487804878047906e-03,3.333333333333333981e-03,4.847533632286994687e-03,1.277904102817598031e-02
8.780487804878047906e-03,3.333333333333333981e-03,4.847533632286994687e-03,1.277904102817598031e-02
8.780487804878047906e-03,3.333333333333333981e-03,4.847533632286994687e-03,1.277904102817598031e-02
8.780487804878047906e-03,3.333333333333333981e-03,4.847533632286994687e-03,1.277904102817598031e-02
8.780487804878047906e-03,3.333333333333333981e-03,4.847533632286994687e-03,1.277904102817598031e-02
8.780487804878047906e-03,3.333333333333333981e-03,4.847533632286994687e-03,1.277904102817598031e-02
8.780487804878047906e-03,3.333333333333333981e-03,4.847533632286994687e-03,1.277904102817598031e-02
8.780487804878047906e-03,3.333333333333333981e-03,4.847533632286994687e-03,1.277904102817598031e-02
8.780487804878047906e-03,3.333333333333333981e-03,4.847533632286994687e-03,1.277904102817598031e-02
8.780487804878047906e-03,3.333333333333333981e-03,4.847533632286994687e-03,1.277904102817598031e-02
8.780487804878047906e-03,3.333333333333333981e-03,4.847533632286994687e-03,1.277904102817598031e-02
8.780487804878047906e-03,3.333333333333333981e-03,4.847533632286994687e-03,1.277904102817598031e-02
8.780487804878047906e-03,3.333333333333333981e-03,4.847533632286994687e-03,1.277904102817598031e-02
8.780487804878047906e-03,3.333333333333333981e-03,4.847533632286994687e-03,1.277904102817598031e-02
8.780487804878047906e-03,3.333333333333333981e-03,4.847533632286994687e-03,1.277904102817598031e-02
8.780487804878047906e-03,3.333333333333333981e-03,4.847533632286994687e-03,1.277904102817598031e-02
8.780487804878047906e-03,3.333333333333333981e-03,4.847533632286994687e-03,1.277904102817598031e-02
8.780487804878047906e-03,3.333333333333333981e-03,4.847533632286994687e-03,1.277904102817598031e-02
8.780487804878047906e-03,3.333333333333333981e-03,4.847533632286994687e-03,1.277904102817598031e-02
8.780487804878047906e-03,3.333333333333333981e-03,4.847533632286994687e-03,1.277904102817598031e-02
8.780487804878047906e-03,3.333333333333333981e-03,4.847533632286994687e-03,1.277904102817598031e-02
8.780487804878047906e-03,3.333333333333333981e-03,4.847533632286994687e-03,1.277904102817598031e-02
8.780487804878047906e-03,3.333333333333333981e-03,4.847533632286994687e-03,1.277904102817598031e-02
8.780487804878047906e-03,3.333333333333333981e-03,4.847533632286994687e-03,1.277904102817598031e-02
8.780487804878047906e-03,3.333333333333333981e-03,4.847533632286994687e-03,1.277904102817598031e-02
8.780487804878047906e-03,3.333333333333333981e-03,4.847533632286994687e-03,1.277904102817598031e-02
8.780487804878047906e-03,3.333333333333333981e-03,4.847533632286994687e-03,1.277904102817598031e-02
8.780487804878047906e-03,3.333333333333333981e-03,4.847533632286994687e-03,1.277904102817598031e-02
8.780487804878047906e-03,3.333333333333333981e-03,4.847533632286994687e-03,1.277904102817598031e-02
8.780487804878047906e-03,3.333333333333333981e-03,4.847533632286994687e-03,1.277904102817598031e-02
8.780487804878047906e-03,3.333333333333333981e-03,4.847533632286994687e-03,1.277904102817598031e-02
8.780487804878047906e-03,3.333333333333333981e-03,4.847533632286994687e-03,1.277904102817598031e-02
8.780487804878047906e-03,3.333333333333333981e-03,4.847533632286994687e-03,1.277904102817598031e-02
8.780487804878047906e-03,3.333333333333333981e-03,4.847533632286994687e-03,1.277904102817598031e-02
8.780487804878047906e-03,3.333333333333333981e-03,4.847533632286994687e-03,1.277904102817598031e-02
8.780487804878047906e-03,3.333333333333333981e-03,4.847533632286994687e-03,1.277904102817598031e-02
8.780487804878047906e-03,3.333333333333333981e-03,4.847533632286994687e-03,1.277904102817598031e-02
8.780487804878047906e-03,3.333333333333333981e-03,4.847533632286994687e-03,1.277904102817598031e-02
8.780487804878047906e-03,3.333333333333333981e-03,4.847533632286994687e-03,1.277904102817598031e-02
8.780487804878047906e-03,3.333333333333333981e-03,4.847533632286994687e-03,1.277904102817598031e-02
8.780487804878047906e-03,3.333333333333333981e-03,4.847533632286994687e-03,1.277904102817598031e-02
8.780487804878047906e-03,3.333333333333333981e-03,4.847533632286994687e-03,1.277904102817598031e-02
8.780487804878047906e-03,3.333333333333333981e-03,4.847533632286994687e-03,1.277904102817598031e-02
8.780487804878047906e-03,3.333333333333333981e-03,4.847533632286994687e-03,1.277904102817598031e-02
8.780487804878047906e-03,3.333333333333333981e-03,4.847533632286994687e-03,1.277904102817598031e-02
8.780487804878047906e-03,3.333333333333333981e-03,4.847533632286994687e-03,1.277904102817598031e-02
8.780487804878047906e-03,3.333333333333333981e-03,4.847533632286994687e-03,1.277904102817598031e-02
8.780487804878047906e-03,3.333333333333333981e-03,4.847533632286994687e-03,1.277904102817598031e-02
8.780487804878047906e-03,3.333333333333333981e-03,4.847533632286994687e-03,1.277904102817598031e-02
8.780487804878047906e-03,3.333333333333333981e-03,4.847533632286994687e-03,1.277904102817598031e-02
8.780487804878047906e-03,3.333333333333333981e-03,4.847533632286994687e-03,1.277904102817598031e-02
8.780487804878047906e-03,3.333333333333333981e-03,4.847533632286994687e-03,1.277904102817598031e-02
8.780487804878047906e-03,3.333333333333333981e-03,4.847533632286994687e-03,1.277904102817598031e-02
8.780487804878047906e-03,3.333333333333333981e-03,4.847533632286994687e-03,1.277904102817598031e-02
8.780487804878047906e-03,3.333333333333333981e-03,4.847533632286994687e-03,1.277904102817598031e-02
8.780487804878047906e-03,3.333333333333333981e-03,4.847533632286994687e-03,1.277904102817598031e-02
8.780487804878047906e-03,3.333333333333333981e-03,4.847533632286994687e-03,1.277904102817598031e-02
8.780487804878047906e-03,3.333333333333333981e-03,4.847533632286994687e-03,1.277904102817598031e-02
8.780487804878047906e-03,3.333333333333333981e-03,4.847533632286994687e-03,1.277904102817598031e-02
8.780487804878047906e-03,3.333333333333333981e-03,4.847533632286994687e-03,1.277904102817598031e-02
8.780487804878047906e-03,3.333333333333333981e-03,4.847533632286994687e-03,1.277904102817598031e-02
8.780487804878047906e-03,3.333333333333333981e-03,4.847533632286994687e-03,1.277904102817598031e-02
8.780487804878047906e-03,3.333333333333333981e-03,4.847533632286994687e-03,1.277904102817598031e-02
8.780487804878047906e-03,3.333333333333333981e-03,4.847533632286994687e-03,1.277904102817598031e-02
8.780487804878047906e-03,3.333333333333333981e-03,4.847533632286994687e-03,1.277904102817598031e-02
8.780487804878047906e-03,3.333333333333333981e-03,4.847533632286994687e-03,1.277904102817598031e-02
8.780487804878047906e-03,3.333333333333333981e-03,4.847533632286994687e-03,1.277904102817598031e-02
8.780487804878047906e-03,3.333333333333333981e-03,4.847533632286994687e-03,1.277904102817598031e-02
8.780487804878047906e-03,3.333333333333333981e-03,4.847533632286994687e-03,1.277904102817598031e-02
8.780487804878047906e-03,3.333333333333333981e-03,4.847533632286994687e-03,1.277904102817598031e-02
8.780487804878047906e-03,3.333333333333333981e-03,4.847533632286994687e-03,1.277904102817598031e-02
8.780487804878047906e-03,3.333333333333333981e-03,4.847533632286994687e-03,1.277904102817598031e-02
8.780487804878047906e-03,3.333333333333333981e-03,4.847533632286994687e-03,1.277904102817598031e-02
8.780487804878047906e-03,3.333333333333333981e-03,4.847533632286994687e-03,1.277904102817598031e-02
8.780487804878047906e-03,3.333333333333333981e-03,4.847533632286994687e-03,1.277904102817598031e-02
8.780487804878047906e-03,3.333333333333333981e-03,4.847533632286994687e-03,1.277904102817598031e-02
8.780487804878047906e-03,3.333333333333333981e-03,4.847533632286994687e-03,1.277904102817598031e-02
8.780487804878047906e-03,3.333333333333333981e-03,4.847533632286994687e-03,1.277904102817598031e-02
8.780487804878047906e-03,3.333333333333333981e-03,4.847533632286994687e-03,1.277904102817598031e-02
8.780487804878047906e-03,3.333333333333333981e-03,4.847533632286994687e-03,1.277904102817598031e-02
8.780487804878047906e-03,3.333333333333333981e-03,4.847533632286994687e-03,1.277904102817598031e-02
8.780487804878047906e-03,3.333333333333333981e-03,4.847533632286994687e-03,1.277904102817598031e-02
8.780487804878047906e-03,3.333333333333333981e-03,4.847533632286994687e-03,1.277904102817598031e-02
8.780487804878047906e-03,3.333333333333333981e-03,4.847533632286994687e-03,1.277904102817598031e-02
8.780487804878047906e-03,3.333333333333333981e-03,4.847533632286994687e-03,1.277904102817598031e-02
8.780487804878047906e-03,3.333333333333333981e-03,4.847533632286994687e-03,1.277904102817598031e-02
8.780487804878047906e-03,3.333333333333333981e-03,4.847533632286994687e-03,1.277904102817598031e-02
8.780487804878047906e-03,3.333333333333333981e-03,4.847533632286994687e-03,1.277904102817598031e-02
8.780487804878047906e-03,3.333333333333333981e-03,4.847533632286994687e-03,1.277904102817598031e-02
8.780487804878047906e-03,3.333333333333333981e-03,4.847533632286994687e-03,1.277904102817598031e-02
8.780487804878047906e-03,3.333333333333333981e-03,4.847533632286994687e-03,1.277904102817598031e-02
8.780487804878047906e-03,3.333333333333333981e-03,4.847533632286994687e-03,1.277904102817598031e-02
8.780487804878047906e-03,3.333333333333333981e-03,4.847533632286994687e-03,1.277904102817598031e-02
8.780487804878047906e-03,3.333333333333333981e-03,4.847533632286994687e-03,1.277904102817598031e-02
8.780487804878047906e-03,3.333333333333333981e-03,4.847533632286994687e-03,1.277904102817598031e-02
8.780487804878047906e-03,3.333333333333333981e-03,4.847533632286994687e-03,1.277904102817598031e-02
8.780487804878047906e-03,3.333333333333333981e-03,4.847533632286994687e-03,1.277904102817598031e-02
8.780487804878047906e-03,3.333333333333333981e-03,4.847533632286994687e-03,1.277904102817598031e-02
8.780487804878047906e-03,3.333333333333333981e-03,4.847533632286994687e-03,1.277904102817598031e-02
8.780487804878047906e-03,3.333333333333333981e-03,4.847533632286994687e-03,1.277904102817598031e-02
8.780487804878047906e-03,3.333333333333333981e-03,4.847533632286994687e-03,1.277904102817598031e-02
8.780487804878047906e-03,3.333333333333333981e-03,4.847533632286994687e-03,1.277904102817598031e-02
8.780487804878047906e-03,3.333333333333333981e-03,4.847533632286994687e-03,1.277904102817598031e-02
8.780487804878047906e-03,3.333333333333333981e-03,4.847533632286994687e-03,1.277904102817598031e-02
8.780487804878047906e-03,3.333333333333333981e-03,4.847533632286994687e-03,1.277904102817598031e-02
8.780487804878047906e-03,3.333333333333333981e-03,4.847533632286994687e-03,1.277904102817598031e-02
8.780487804878047906e-03,3.333333333333333981e-03,4.847533632286994687e-03,1.277904102817598031e-02
8.780487804878047906e-03,3.333333333333333981e-03,4.847533632286994687e-03,1.277904102817598031e-02
8.780487804878047906e-03,3.333333333333333981e-03,4.847533632286994687e-03,1.277904102817598031e-02
8.780487804878047906e-03,3.333333333333333981e-03,4.847533632286994687e-03,1.277904102817598031e-02
8.780487804878047906e-03,3.333333333333333981e-03,4.847533632286994687e-03,1.277904102817598031e-02
8.780487804878047906e-03,3.333333333333333981e-03,4.847533632286994687e-03,1.277904102817598031e-02
8.780487804878047906e-03,3.333333333333333981e-03,4.847533632286994687e-03,1.277904102817598031e-02
8.780487804878047906e-03,3.333333333333333981e-03,4.847533632286994687e-03,1.277904102817598031e-02
8.780487804878047906e-03,3.333333333333333981e-03,4.847533632286994687e-03,1.277904102817598031e-02
8.780487804878047906e-03,3.333333333333333981e-03,4.847533632286994687e-03,1.277904102817598031e-02
8.780487804878047906e-03,3.333333333333333981e-03,4.847533632286994687e-03,1.277904102817598031e-02
8.780487804878047906e-03,3.333333333333333981e-03,4.847533632286994687e-03,1.277904102817598031e-02
8.780487804878047906e-03,3.333333333333333981e-03,4.847533632286994687e-03,1.277904102817598031e-02
8.780487804878047906e-03,3.333333333333333981e-03,4.847533632286994687e-03,1.277904102817598031e-02
8.780487804878047906e-03,3.333333333333333981e-03,4.847533632286994687e-03,1.277904102817598031e-02
8.780487804878047906e-03,3.333333333333333981e-03,4.847533632286994687e-03,1.277904102817598031e-02
8.780487804878047906e-03,3.333333333333333981e-03,4.847533632286994687e-03,1.277904102817598031e-02
8.780487804878047906e-03,3.333333333333333981e-03,4.847533632286994687e-03,1.277904102817598031e-02
8.780487804878047906e-03,3.333333333333333981e-03,4.847533632286994687e-03,1.277904102817598031e-02
8.780487804878047906e-03,3.333333333333333981e-03,4.847533632286994687e-03,1.277904102817598031e-02
8.780487804878047906e-03,3.333333333333333981e-03,4.847533632286994687e-03,1.277904102817598031e-02
8.780487804878047906e-03,3.333333333333333981e-03,4.847533632286994687e-03,1.277904102817598031e-02
8.780487804878047906e-03,3.333333333333333981e-03,4.847533632286994687e-03,1.277904102817598031e-02
8.780487804878047906e-03,3.333333333333333981e-03,4.847533632286994687e-03,1.277904102817598031e-02
8.780487804878047906e-03,3.333333333333333981e-03,4.847533632286994687e-03,1.277904102817598031e-02
8.780487804878047906e-03,3.333333333333333981e-03,4.847533632286994687e-03,1.277904102817598031e-02
8.780487804878047906e-03,3.333333333333333981e-03,4.847533632286994687e-03,1.277904102817598031e-02
8.780487804878047906e-03,3.333333333333333981e-03,4.847533632286994687e-03,1.277904102817598031e-02
8.780487804878047906e-03,3.333333333333333981e-03,4.847533632286994687e-03,1.277904102817598031e-02
8.780487804878047906e-03,3.333333333333333981e-03,4.847533632286994687e-03,1.277904102817598031e-02
8.780487804878047906e-03,3.333333333333333981e-03,4.847533632286994687e-03,1.277904102817598031e-02
8.780487804878047906e-03,3.333333333333333981e-03,4.847533632286994687e-03,1.277904102817598031e-02
8.780487804878047906e-03,3.333333333333333981e-03,4.847533632286994687e-03,1.277904102817598031e-02
8.780487804878047906e-03,3.333333333333333981e-03,4.847533632286994687e-03,1.277904102817598031e-02
8.780487804878047906e-03,3.333333333333333981e-03,4.847533632286994687e-03,1.277904102817598031e-02
8.780487804878047906e-03,3.333333333333333981e-03,4.847533632286994687e-03,1.277904102817598031e-02
8.780487804878047906e-03,3.333333333333333981e-03,4.847533632286994687e-03,1.277904102817598031e-02
8.780487804878047906e-03,3.333333333333333981e-03,4.847533632286994687e-03,1.277904102817598031e-02
8.780487804878047906e-03,3.333333333333333981e-03,4.847533632286994687e-03,1.277904102817598031e-02
8.780487804878047906e-03,3.333333333333333981e-03,4.847533632286994687e-03,1.277904102817598031e-02
8.780487804878047906e-03,3.333333333333333981e-03,4.847533632286994687e-03,1.277904102817598031e-02
8.780487804878047906e-03,3.333333333333333981e-03,4.847533632286994687e-03,1.277904102817598031e-02
8.780487804878047906e-03,3.333333333333333981e-03,4.847533632286994687e-03,1.277904102817598031e-02
8.780487804878047906e-03,3.333333333333333981e-03,4.847533632286994687e-03,1.277904102817598031e-02
8.780487804878047906e-03,3.333333333333333981e-03,4.847533632286994687e-03,1.277904102817598031e-02
8.780487804878047906e-03,3.333333333333333981e-03,4.847533632286994687e-03,1.277904102817598031e-02
8.780487804878047906e-03,3.333333333333333981e-03,4.847533632286994687e-03,1.277904102817598031e-02
8.780487804878047906e-03,3.333333333333333981e-03,4.847533632286994687e-03,1.277904102817598031e-02
8.780487804878047906e-03,3.333333333333333981e-03,4.847533632286994687e-03,1.277904102817598031e-02
8.780487804878047906e-03,3.333333333333333981e-03,4.847533632286994687e-03,1.277904102817598031e-02
8.780487804878047906e-03,3.333333333333333981e-03,4.847533632286994687e-03,1.277904102817598031e-02
8.780487804878047906e-03,3.333333333333333981e-03,4.847533632286994687e-03,1.277904102817598031e-02
8.780487804878047906e-03,3.333333333333333981e-03,4.847533632286994687e-03,1.277904102817598031e-02
8.780487804878047906e-03,3.333333333333333981e-03,4.847533632286994687e-03,1.277904102817598031e-02
8.780487804878047906e-03,3.333333333333333981e-03,4.847533632286994687e-03,1.277904102817598031e-02
8.780487804878047906e-03,3.333333333333333981e-03,4.847533632286994687e-03,1.277904102817598031e-02
8.780487804878047906e-03,3.333333333333333981e-03,4.847533632286994687e-03,1.277904102817598031e-02
8.780487804878047906e-03,3.333333333333333981e-03,4.847533632286994687e-03,1.277904102817598031e-02
8.780487804878047906e-03,3.333333333333333981e-03,4.847533632286994687e-03,1.277904102817598031e-02
8.780487804878047906e-03,3.333333333333333981e-03,4.847533632286994687e-03,1.277904102817598031e-02
8.780487804878047906e-03,3.333333333333333981e-03,4.847533632286994687e-03,1.277904102817598031e-02
8.780487804878047906e-03,3.333333333333333981e-03,4.847533632286994687e-03,1.277904102817598031e-02
8.780487804878047906e-03,3.333333333333333981e-03,4.847533632286994687e-03,1.277904102817598031e-02
8.780487804878047906e-03,3.333333333333333981e-03,4.847533632286994687e-03,1.277904102817598031e-02
8.780487804878047906e-03,3.333333333333333981e-03,4.847533632286994687e-03,1.277904102817598031e-02
8.780487804878047906e-03,3.333333333333333981e-03,4.847533632286994687e-03,1.277904102817598031e-02
8.780487804878047906e-03,3.333333333333333981e-03,4.847533632286994687e-03,1.277904102817598031e-02
8.780487804878047906e-03,3.333333333333333981e-03,4.847533632286994687e-03,1.277904102817598031e-02
8.780487804878047906e-03,3.333333333333333981e-03,4.847533632286994687e-03,1.277904102817598031e-02
8.780487804878047906e-03,3.333333333333333981e-03,4.847533632286994687e-03,1.277904102817598031e-02
8.780487804878047906e-03,3.333333333333333981e-03,4.847533632286994687e-03,1.277904102817598031e-02
8.780487804878047906e-03,3.333333333333333981e-03,4.847533632286994687e-03,1.277904102817598031e-02
8.780487804878047906e-03,3.333333333333333981e-03,4.847533632286994687e-03,1.277904102817598031e-02
8.780487804878047906e-03,3.333333333333333981e-03,4.847533632286994687e-03,1.277904102817598031e-02
8.780487804878047906e-03,3.333333333333333981e-03,4.847533632286994687e-03,1.277904102817598031e-02
8.780487804878047906e-03,3.333333333333333981e-03,4.847533632286994687e-03,1.277904102817598031e-02
8.780487804878047906e-03,3.333333333333333981e-03,4.847533632286994687e-03,1.277904102817598031e-02
8.780487804878047906e-03,3.333333333333333981e-03,4.847533632286994687e-03,1.277904102817598031e-02
8.780487804878047906e-03,3.333333333333333981e-03,4.847533632286994687e-03,1.277904102817598031e-02
8.780487804878047906e-03,3.333333333333333981e-03,4.847533632286994687e-03,1.277904102817598031e-02
8.780487804878047906e-03,3.333333333333333981e-03,4.847533632286994687e-03,1.277904102817598031e-02
8.780487804878047906e-03,3.333333333333333981e-03,4.847533632286994687e-03,1.277904102817598031e-02
8.780487804878047906e-03,3.333333333333333981e-03,4.847533632286994687e-03,1.277904102817598031e-02
8.780487804878047906e-03,3.333333333333333981e-03,4.847533632286994687e-03,1.277904102817598031e-02
8.780487804878047906e-03,3.333333333333333981e-03,4.847533632286994687e-03,1.277904102817598031e-02
8.780487804878047906e-03,3.333333333333333981e-03,4.847533632286994687e-03,1.277904102817598031e-02
8.780487804878047906e-03,3.333333333333333981e-03,4.847533632286994687e-03,1.277904102817598031e-02
8.780487804878047906e-03,3.333333333333333981e-03,4.847533632286994687e-03,1.277904102817598031e-02
8.780487804878047906e-03,3.333333333333333981e-03,4.847533632286994687e-03,1.277904102817598031e-02
8.780487804878047906e-03,3.333333333333333981e-03,4.847533632286994687e-03,1.277904102817598031e-02
8.780487804878047906e-03,3.333333333333333981e-03,4.847533632286994687e-03,1.277904102817598031e-02
8.780487804878047906e-03,3.333333333333333981e-03,4.847533632286994687e-03,1.277904102817598031e-02
8.780487804878047906e-03,3.333333333333333981e-03,4.847533632286994687e-03,1.277904102817598031e-02
8.780487804878047906e-03,3.333333333333333981e-03,4.847533632286994687e-03,1.277904102817598031e-02
8.780487804878047906e-03,3.333333333333333981e-03,4.847533632286994687e-03,1.277904102817598031e-02
8.780487804878047906e-03,3.333333333333333981e-03,4.847533632286994687e-03,1.277904102817598031e-02
8.780487804878047906e-03,3.333333333333333981e-03,4.847533632286994687e-03,1.277904102817598031e-02
8.780487804878047906e-03,3.333333333333333981e-03,4.847533632286994687e-03,1.277904102817598031e-02
8.780487804878047906e-03,3.333333333333333981e-03,4.847533632286994687e-03,1.277904102817598031e-02
8.780487804878047906e-03,3.333333333333333981e-03,4.847533632286994687e-03,1.277904102817598031e-02
8.780487804878047906e-03,3.333333333333333981e-03,4.847533632286994687e-03,1.277904102817598031e-02
8.780487804878047906e-03,3.333333333333333981e-03,4.847533632286994687e-03,1.277904102817598031e-02
8.780487804878047906e-03,3.333333333333333981e-03,4.847533632286994687e-03,1.277904102817598031e-02
8.780487804878047906e-03,3.333333333333333981e-03,4.847533632286994687e-03,1.277904102817598031e-02
8.780487804878047906e-03,3.333333333333333981e-03,4.847533632286994687e-03,1.277904102817598031e-02
8.780487804878047906e-03,3.333333333333333981e-03,4.847533632286994687e-03,1.277904102817598031e-02
8.780487804878047906e-03,3.333333333333333981e-03,4.847533632286994687e-03,1.277904102817598031e-02
8.780487804878047906e-03,3.333333333333333981e-03,4.847533632286994687e-03,1.277904102817598031e-02
8.780487804878047906e-03,3.333333333333333981e-03,4.847533632286994687e-03,1.277904102817598031e-02
8.780487804878047906e-03,3.333333333333333981e-03,4.847533632286994687e-03,1.277904102817598031e-02
8.780487804878047906e-03,3.333333333333333981e-03,4.847533632286994687e-03,1.277904102817598031e-02
8.780487804878047906e-03,3.333333333333333981e-03,4.847533632286994687e-03,1.277904102817598031e-02
8.780487804878047906e-03,3.333333333333333981e-03,4.847533632286994687e-03,1.277904102817598031e-02
8.780487804878047906e-03,3.333333333333333981e-03,4.847533632286994687e-03,1.277904102817598031e-02
8.780487804878047906e-03,3.333333333333333981e-03,4.847533632286994687e-03,1.277904102817598031e-02
8.780487804878047906e-03,3.333333333333333981e-03,4.847533632286994687e-03,1.277904102817598031e-02
8.780487804878047906e-03,3.333333333333333981e-03,4.847533632286994687e-03,1.277904102817598031e-02
8.780487804878047906e-03,3.333333333333333981e-03,4.847533632286994687e-03,1.277904102817598031e-02
8.780487804878047906e-03,3.333333333333333981e-03,4.847533632286994687e-03,1.277904102817598031e-02
8.780487804878047906e-03,3.333333333333333981e-03,4.847533632286994687e-03,1.277904102817598031e-02
8.780487804878047906e-03,3.333333333333333981e-03,4.847533632286994687e-03,1.277904102817598031e-02
8.780487804878047906e-03,3.333333333333333981e-03,4.847533632286994687e-03,1.277904102817598031e-02
8.780487804878047906e-03,3.333333333333333981e-03,4.847533632286994687e-03,1.277904102817598031e-02
8.780487804878047906e-03,3.333333333333333981e-03,4.847533632286994687e-03,1.277904102817598031e-02
8.780487804878047906e-03,3.333333333333333981e-03,4.847533632286994687e-03,1.277904102817598031e-02
8.780487804878047906e-03,3.333333333333333981e-03,4.847533632286994687e-03,1.277904102817598031e-02
8.780487804878047906e-03,3.333333333333333981e-03,4.847533632286994687e-03,1.277904102817598031e-02
8.780487804878047906e-03,3.333333333333333981e-03,4.847533632286994687e-03,1.277904102817598031e-02
8.780487804878047906e-03,3.333333333333333981e-03,4.847533632286994687e-03,1.277904102817598031e-02
8.780487804878047906e-03,3.333333333333333981e-03,4.847533632286994687e-03,1.277904102817598031e-02
8.780487804878047906e-03,3.333333333333333981e-03,4.847533632286994687e-03,1.277904102817598031e-02
8.780487804878047906e-03,3.333333333333333981e-03,4.847533632286994687e-03,1.277904102817598031e-02
8.780487804878047906e-03,3.333333333333333981e-03,4.847533632286994687e-03,1.277904102817598031e-02
8.780487804878047906e-03,3.333333333333333981e-03,4.847533632286994687e-03,1.277904102817598031e-02
8.780487804878047906e-03,3.333333333333333981e-03,4.847533632286994687e-03,1.277904102817598031e-02
8.780487804878047906e-03,3.333333333333333981e-03,4.847533632286994687e-03,1.277904102817598031e-02
8.780487804878047906e-03,3.333333333333333981e-03,4.847533632286994687e-03,1.277904102817598031e-02
8.780487804878047906e-03,3.333333333333333981e-03,4.847533632286994687e-03,1.277904102817598031e-02
8.780487804878047906e-03,3.333333333333333981e-03,4.847533632286994687e-03,1.277904102817598031e-02
8.780487804878047906e-03,3.333333333333333981e-03,4.847533632286994687e-03,1.277904102817598031e-02
8.780487804878047906e-03,3.333333333333333981e-03,4.847533632286994687e-03,1.277904102817598031e-02
8.780487804878047906e-03,3.333333333333333981e-03,4.847533632286994687e-03,1.277904102817598031e-02
8.780487804878047906e-03,3.333333333333333981e-03,4.847533632286994687e-03,1.277904102817598031e-02
8.780487804878047906e-03,3.333333333333333981e-03,4.847533632286994687e-03,1.277904102817598031e-02
8.780487804878047906e-03,3.333333333333333981e-03,4.847533632286994687e-03,1.277904102817598031e-02
8.780487804878047906e-03,3.333333333333333981e-03,4.847533632286994687e-03,1.277904102817598031e-02
8.780487804878047906e-03,3.333333333333333981e-03,4.847533632286994687e-03,1.277904102817598031e-02
8.780487804878047906e-03,3.333333333333333981e-03,4.847533632286994687e-03,1.277904102817598031e-02
8.780487804878047906e-03,3.333333333333333981e-03,4.847533632286994687e-03,1.277904102817598031e-02
8.780487804878047906e-03,3.333333333333333981e-03,4.847533632286994687e-03,1.277904102817598031e-02
8.780487804878047906e-03,3.333333333333333981e-03,4.847533632286994687e-03,1.277904102817598031e-02
8.780487804878047906e-03,3.333333333333333981e-03,4.847533632286994687e-03,1.277904102817598031e-02
8.780487804878047906e-03,3.333333333333333981e-03,4.847533632286994687e-03,1.277904102817598031e-02
8.780487804878047906e-03,3.333333333333333981e-03,4.847533632286994687e-03,1.277904102817598031e-02
8.780487804878047906e-03,3.333333333333333981e-03,4.847533632286994687e-03,1.277904102817598031e-02
8.780487804878047906e-03,3.333333333333333981e-03,4.847533632286994687e-03,1.277904102817598031e-02
8.780487804878047906e-03,3.333333333333333981e-03,4.847533632286994687e-03,1.277904102817598031e-02
8.780487804878047906e-03,3.333333333333333981e-03,4.847533632286994687e-03,1.277904102817598031e-02
8.780487804878047906e-03,3.333333333333333981e-03,4.847533632286994687e-03,1.277904102817598031e-02
8.780487804878047906e-03,3.333333333333333981e-03,4.847533632286994687e-03,1.277904102817598031e-02
8.780487804878047906e-03,3.333333333333333981e-03,4.847533632286994687e-03,1.277904102817598031e-02
8.780487804878047906e-03,3.333333333333333981e-03,4.847533632286994687e-03,1.277904102817598031e-02
8.780487804878047906e-03,3.333333333333333981e-03,4.847533632286994687e-03,1.277904102817598031e-02
8.780487804878047906e-03,3.333333333333333981e-03,4.847533632286994687e-03,1.277904102817598031e-02
8.780487804878047906e-03,3.333333333333333981e-03,4.847533632286994687e-03,1.277904102817598031e-02
8.780487804878047906e-03,3.333333333333333981e-03,4.847533632286994687e-03,1.277904102817598031e-02
8.780487804878047906e-03,3.333333333333333981e-03,4.847533632286994687e-03,1.277904102817598031e-02
8.780487804878047906e-03,3.333333333333333981e-03,4.847533632286994687e-03,1.277904102817598031e-02
8.780487804878047906e-03,3.333333333333333981e-03,4.847533632286994687e-03,1.277904102817598031e-02
8.780487804878047906e-03,3.333333333333333981e-03,4.847533632286994687e-03,1.277904102817598031e-02
8.780487804878047906e-03,3.333333333333333981e-03,4.847533632286994687e-03,1.277904102817598031e-02
8.780487804878047906e-03,3.333333333333333981e-03,4.847533632286994687e-03,1.277904102817598031e-02
8.780487804878047906e-03,3.333333333333333981e-03,4.847533632286994687e-03,1.277904102817598031e-02
8.780487804878047906e-03,3.333333333333333981e-03,4.847533632286994687e-03,1.277904102817598031e-02
8.780487804878047906e-03,3.333333333333333981e-03,4.847533632286994687e-03,1.277904102817598031e-02
8.780487804878047906e-03,3.333333333333333981e-03,4.847533632286994687e-03,1.277904102817598031e-02
8.780487804878047906e-03,3.333333333333333981e-03,4.847533632286994687e-03,1.277904102817598031e-02
8.780487804878047906e-03,3.333333333333333981e-03,4.847533632286994687e-03,1.277904102817598031e-02
8.780487804878047906e-03,3.333333333333333981e-03,4.847533632286994687e-03,1.277904102817598031e-02
8.780487804878047906e-03,3.333333333333333981e-03,4.847533632286994687e-03,1.277904102817598031e-02
8.780487804878047906e-03,3.333333333333333981e-03,4.847533632286994687e-03,1.277904102817598031e-02
8.780487804878047906e-03,3.333333333333333981e-03,4.847533632286994687e-03,1.277904102817598031e-02
8.780487804878047906e-03,3.333333333333333981e-03,4.847533632286994687e-03,1.277904102817598031e-02
8.780487804878047906e-03,3.333333333333333981e-03,4.847533632286994687e-03,1.277904102817598031e-02
8.780487804878047906e-03,3.333333333333333981e-03,4.847533632286994687e-03,1.277904102817598031e-02
8.780487804878047906e-03,3.333333333333333981e-03,4.847533632286994687e-03,1.277904102817598031e-02
8.780487804878047906e-03,3.333333333333333981e-03,4.847533632286994687e-03,1.277904102817598031e-02
8.780487804878047906e-03,3.333333333333333981e-03,4.847533632286994687e-03,1.277904102817598031e-02
8.780487804878047906e-03,3.333333333333333981e-03,4.847533632286994687e-03,1.277904102817598031e-02
8.780487804878047906e-03,3.333333333333333981e-03,4.847533632286994687e-03,1.277904102817598031e-02
8.780487804878047906e-03,3.333333333333333981e-03,4.847533632286994687e-03,1.277904102817598031e-02
8.780487804878047906e-03,3.333333333333333981e-03,4.847533632286994687e-03,1.277904102817598031e-02
8.780487804878047906e-03,3.333333333333333981e-03,4.847533632286994687e-03,1.277904102817598031e-02
8.780487804878047906e-03,3.333333333333333981e-03,4.847533632286994687e-03,1.277904102817598031e-02
8.780487804878047906e-03,3.333333333333333981e-03,4.847533632286994687e-03,1.277904102817598031e-02
8.780487804878047906e-03,3.333333333333333981e-03,4.847533632286994687e-03,1.277904102817598031e-02
8.780487804878047906e-03,3.333333333333333981e-03,4.847533632286994687e-03,1.277904102817598031e-02
8.780487804878047906e-03,3.333333333333333981e-03,4.847533632286994687e-03,1.277904102817598031e-02
8.780487804878047906e-03,3.333333333333333981e-03,4.847533632286994687e-03,1.277904102817598031e-02
8.780487804878047906e-03,3.333333333333333981e-03,4.847533632286994687e-03,1.277904102817598031e-02
8.780487804878047906e-03,3.333333333333333981e-03,4.847533632286994687e-03,1.277904102817598031e-02
8.780487804878047906e-03,3.333333333333333981e-03,4.847533632286994687e-03,1.277904102817598031e-02
8.780487804878047906e-03,3.333333333333333981e-03,4.847533632286994687e-03,1.277904102817598031e-02
8.780487804878047906e-03,3.333333333333333981e-03,4.847533632286994687e-03,1.277904102817598031e-02
8.780487804878047906e-03,3.333333333333333981e-03,4.847533632286994687e-03,1.277904102817598031e-02
8.780487804878047906e-03,3.333333333333333981e-03,4.847533632286994687e-03,1.277904102817598031e-02
8.780487804878047906e-03,3.333333333333333981e-03,4.847533632286994687e-03,1.277904102817598031e-02
8.780487804878047906e-03,3.333333333333333981e-03,4.847533632286994687e-03,1.277904102817598031e-02
8.780487804878047906e-03,3.333333333333333981e-03,4.847533632286994687e-03,1.277904102817598031e-02
8.780487804878047906e-03,3.333333333333333981e-03,4.847533632286994687e-03,1.277904102817598031e-02
8.780487804878047906e-03,3.333333333333333981e-03,4.847533632286994687e-03,1.277904102817598031e-02
8.780487804878047906e-03,3.333333333333333981e-03,4.847533632286994687e-03,1.277904102817598031e-02
8.780487804878047906e-03,3.333333333333333981e-03,4.847533632286994687e-03,1.277904102817598031e-02
8.780487804878047906e-03,3.333333333333333981e-03,4.847533632286994687e-03,1.277904102817598031e-02
8.780487804878047906e-03,3.333333333333333981e-03,4.847533632286994687e-03,1.277904102817598031e-02
8.780487804878047906e-03,3.333333333333333981e-03,4.847533632286994687e-03,1.277904102817598031e-02
8.780487804878047906e-03,3.333333333333333981e-03,4.847533632286994687e-03,1.277904102817598031e-02
8.780487804878047906e-03,3.333333333333333981e-03,4.847533632286994687e-03,1.277904102817598031e-02
8.780487804878047906e-03,3.333333333333333981e-03,4.847533632286994687e-03,1.277904102817598031e-02
8.780487804878047906e-03,3.333333333333333981e-03,4.847533632286994687e-03,1.277904102817598031e-02
8.780487804878047906e-03,3.333333333333333981e-03,4.847533632286994687e-03,1.277904102817598031e-02
8.780487804878047906e-03,3.333333333333333981e-03,4.847533632286994687e-03,1.277904102817598031e-02
8.780487804878047906e-03,3.333333333333333981e-03,4.847533632286994687e-03,1.277904102817598031e-02
8.780487804878047906e-03,3.333333333333333981e-03,4.847533632286994687e-03,1.277904102817598031e-02
8.780487804878047906e-03,3.333333333333333981e-03,4.847533632286994687e-03,1.277904102817598031e-02
8.780487804878047906e-03,3.333333333333333981e-03,4.847533632286994687e-03,1.277904102817598031e-02
8.780487804878047906e-03,3.333333333333333981e-03,4.847533632286994687e-03,1.277904102817598031e-02
8.780487804878047906e-03,3.333333333333333981e-03,4.847533632286994687e-03,1.277904102817598031e-02
8.780487804878047906e-03,3.333333333333333981e-03,4.847533632286994687e-03,1.277904102817598031e-02
8.780487804878047906e-03,3.333333333333333981e-03,4.847533632286994687e-03,1.277904102817598031e-02
8.780487804878047906e-03,3.333333333333333981e-03,4.847533632286994687e-03,1.277904102817598031e-02
8.780487804878047906e-03,3.333333333333333981e-03,4.847533632286994687e-03,1.277904102817598031e-02
8.780487804878047906e-03,3.333333333333333981e-03,4.847533632286994687e-03,1.277904102817598031e-02
8.780487804878047906e-03,3.333333333333333981e-03,4.847533632286994687e-03,1.277904102817598031e-02
8.780487804878047906e-03,3.333333333333333981e-03,4.847533632286994687e-03,1.277904102817598031e-02
8.780487804878047906e-03,3.333333333333333981e-03,4.847533632286994687e-03,1.277904102817598031e-02
8.780487804878047906e-03,3.333333333333333981e-03,4.847533632286994687e-03,1.277904102817598031e-02
8.780487804878047906e-03,3.333333333333333981e-03,4.847533632286994687e-03,1.277904102817598031e-02
8.780487804878047906e-03,3.333333333333333981e-03,4.847533632286994687e-03,1.277904102817598031e-02
8.780487804878047906e-03,3.333333333333333981e-03,4.847533632286994687e-03,1.277904102817598031e-02
8.780487804878047906e-03,3.333333333333333981e-03,4.847533632286994687e-03,1.277904102817598031e-02
8.780487804878047906e-03,3.333333333333333981e-03,4.847533632286994687e-03,1.277904102817598031e-02
8.780487804878047906e-03,3.333333333333333981e-03,4.847533632286994687e-03,1.277904102817598031e-02
8.780487804878047906e-03,3.333333333333333981e-03,4.847533632286994687e-03,1.277904102817598031e-02
8.780487804878047906e-03,3.333333333333333981e-03,4.847533632286994687e-03,1.277904102817598031e-02
8.780487804878047906e-03,3.333333333333333981e-03,4.847533632286994687e-03,1.277904102817598031e-02
8.780487804878047906e-03,3.333333333333333981e-03,4.847533632286994687e-03,1.277904102817598031e-02
8.780487804878047906e-03,3.333333333333333981e-03,4.847533632286994687e-03,1.277904102817598031e-02
8.780487804878047906e-03,3.333333333333333981e-03,4.847533632286994687e-03,1.277904102817598031e-02
8.780487804878047906e-03,3.333333333333333981e-03,4.847533632286994687e-03,1.277904102817598031e-02
8.780487804878047906e-03,3.333333333333333981e-03,4.847533632286994687e-03,1.277904102817598031e-02
8.780487804878047906e-03,3.333333333333333981e-03,4.847533632286994687e-03,1.277904102817598031e-02
8.780487804878047906e-03,3.333333333333333981e-03,4.847533632286994687e-03,1.277904102817598031e-02
8.780487804878047906e-03,3.333333333333333981e-03,4.847533632286994687e-03,1.277904102817598031e-02
8.780487804878047906e-03,3.333333333333333981e-03,4.847533632286994687e-03,1.277904102817598031e-02
8.780487804878047906e-03,3.333333333333333981e-03,4.847533632286994687e-03,1.277904102817598031e-02
8.780487804878047906e-03,3.333333333333333981e-03,4.847533632286994687e-03,1.277904102817598031e-02
8.780487804878047906e-03,3.333333333333333981e-03,4.847533632286994687e-03,1.277904102817598031e-02
8.780487804878047906e-03,3.333333333333333981e-03,4.847533632286994687e-03,1.277904102817598031e-02
8.780487804878047906e-03,3.333333333333333981e-03,4.847533632286994687e-03,1.277904102817598031e-02
8.780487804878047906e-03,3.333333333333333981e-03,4.847533632286994687e-03,1.277904102817598031e-02
8.780487804878047906e-03,3.333333333333333981e-03,4.847533632286994687e-03,1.277904102817598031e-02
8.780487804878047906e-03,3.333333333333333981e-03,4.847533632286994687e-03,1.277904102817598031e-02
8.780487804878047906e-03,3.333333333333333981e-03,4.847533632286994687e-03,1.277904102817598031e-02
8.780487804878047906e-03,3.333333333333333981e-03,4.847533632286994687e-03,1.277904102817598031e-02
8.780487804878047906e-03,3.333333333333333981e-03,4.847533632286994687e-03,1.277904102817598031e-02
8.780487804878047906e-03,3.333333333333333981e-03,4.847533632286994687e-03,1.277904102817598031e-02
8.780487804878047906e-03,3.333333333333333981e-03,4.847533632286994687e-03,1.277904102817598031e-02
8.780487804878047906e-03,3.333333333333333981e-03,4.847533632286994687e-03,1.277904102817598031e-02
8.780487804878047906e-03,3.333333333333333981e-03,4.847533632286994687e-03,1.277904102817598031e-02
8.780487804878047906e-03,3.333333333333333981e-03,4.847533632286994687e-03,1.277904102817598031e-02
8.780487804878047906e-03,3.333333333333333981e-03,4.847533632286994687e-03,1.277904102817598031e-02
8.780487804878047906e-03,3.333333333333333981e-03,4.847533632286994687e-03,1.277904102817598031e-02
8.780487804878047906e-03,3.333333333333333981e-03,4.847533632286994687e-03,1.277904102817598031e-02
8.780487804878047906e-03,3.333333333333333981e-03,4.847533632286994687e-03,1.277904102817598031e-02
8.780487804878047906e-03,3.333333333333333981e-03,4.847533632286994687e-03,1.277904102817598031e-02
8.780487804878047906e-03,3.333333333333333981e-03,4.847533632286994687e-03,1.277904102817598031e-02
8.780487804878047906e-03,3.333333333333333981e-03,4.847533632286994687e-03,1.277904102817598031e-02
8.780487804878047906e-03,3.333333333333333981e-03,4.847533632286994687e-03,1.277904102817598031e-02
8.780487804878047906e-03,3.333333333333333981e-03,4.847533632286994687e-03,1.277904102817598031e-02
8.780487804878047906e-03,3.333333333333333981e-03,4.847533632286994687e-03,1.277904102817598031e-02
8.780487804878047906e-03,3.333333333333333981e-03,4.847533632286994687e-03,1.277904102817598031e-02
8.780487804878047906e-03,3.333333333333333981e-03,4.847533632286994687e-03,1.277904102817598031e-02
8.780487804878047906e-03,3.333333333333333981e-03,4.847533632286994687e-03,1.277904102817598031e-02
8.780487804878047906e-03,3.333333333333333981e-03,4.847533632286994687e-03,1.277904102817598031e-02
8.780487804878047906e-03,3.333333333333333981e-03,4.847533632286994687e-03,1.277904102817598031e-02
8.780487804878047906e-03,3.333333333333333981e-03,4.847533632286994687e-03,1.277904102817598031e-02
8.780487804878047906e-03,3.333333333333333981e-03,4.847533632286994687e-03,1.277904102817598031e-02
8.780487804878047906e-03,3.333333333333333981e-03,4.847533632286994687e-03,1.277904102817598031e-02
8.780487804878047906e-03,3.333333333333333981e-03,4.847533632286994687e-03,1.277904102817598031e-02
8.780487804878047906e-03,3.333333333333333981e-03,4.847533632286994687e-03,1.277904102817598031e-02
8.780487804878047906e-03,3.333333333333333981e-03,4.847533632286994687e-03,1.277904102817598031e-02
8.780487804878047906e-03,3.333333333333333981e-03,4.847533632286994687e-03,1.277904102817598031e-02
8.780487804878047906e-03,3.333333333333333981e-03,4.847533632286994687e-03,1.277904102817598031e-02
8.780487804878047906e-03,3.333333333333333981e-03,4.847533632286994687e-03,1.277904102817598031e-02
8.780487804878047906e-03,3.333333333333333981e-03,4.847533632286994687e-03,1.277904102817598031e-02
8.780487804878047906e-03,3.333333333333333981e-03,4.847533632286994687e-03,1.277904102817598031e-02
8.780487804878047906e-03,3.333333333333333981e-03,4.847533632286994687e-03,1.277904102817598031e-02
8.780487804878047906e-03,3.333333333333333981e-03,4.847533632286994687e-03,1.277904102817598031e-02
8.780487804878047906e-03,3.333333333333333981e-03,4.847533632286994687e-03,1.277904102817598031e-02
8.780487804878047906e-03,3.333333333333333981e-03,4.847533632286994687e-03,1.277904102817598031e-02
8.780487804878047906e-03,3.333333333333333981e-03,4.847533632286994687e-03,1.277904102817598031e-02
8.780487804878047906e-03,3.333333333333333981e-03,4.847533632286994687e-03,1.277904102817598031e-02
8.780487804878047906e-03,3.333333333333333981e-03,4.847533632286994687e-03,1.277904102817598031e-02
8.780487804878047906e-03,3.333333333333333981e-03,4.847533632286994687e-03,1.277904102817598031e-02
8.780487804878047906e-03,3.333333333333333981e-03,4.847533632286994687e-03,1.277904102817598031e-02
8.780487804878047906e-03,3.333333333333333981e-03,4.847533632286994687e-03,1.277904102817598031e-02
8.780487804878047906e-03,3.333333333333333981e-03,4.847533632286994687e-03,1.277904102817598031e-02
8.780487804878047906e-03,3.333333333333333981e-03,4.847533632286994687e-03,1.277904102817598031e-02
8.780487804878047906e-03,3.333333333333333981e-03,4.847533632286994687e-03,1.277904102817598031e-02
8.780487804878047906e-03,3.333333333333333981e-03,4.847533632286994687e-03,1.277904102817598031e-02
8.780487804878047906e-03,3.333333333333333981e-03,4.847533632286994687e-03,1.277904102817598031e-02
8.780487804878047906e-03,3.333333333333333981e-03,4.847533632286994687e-03,1.277904102817598031e-02
8.780487804878047906e-03,3.333333333333333981e-03,4.847533632286994687e-03,1.277904102817598031e-02
8.780487804878047906e-03,3.333333333333333981e-03,4.847533632286994687e-03,1.277904102817598031e-02
8.780487804878047906e-03,3.333333333333333981e-03,4.847533632286994687e-03,1.277904102817598031e-02
8.780487804878047906e-03,3.333333333333333981e-03,4.847533632286994687e-03,1.277904102817598031e-02
8.780487804878047906e-03,3.333333333333333981e-03,4.847533632286994687e-03,1.277904102817598031e-02
8.780487804878047906e-03,3.333333333333333981e-03,4.847533632286994687e-03,1.277904102817598031e-02
8.780487804878047906e-03,3.333333333333333981e-03,4.847533632286994687e-03,1.277904102817598031e-02
8.780487804878047906e-03,3.333333333333333981e-03,4.847533632286994687e-03,1.277904102817598031e-02
8.780487804878047906e-03,3.333333333333333981e-03,4.847533632286994687e-03,1.277904102817598031e-02
8.780487804878047906e-03,3.333333333333333981e-03,4.847533632286994687e-03,1.277904102817598031e-02
8.780487804878047906e-03,3.333333333333333981e-03,4.847533632286994687e-03,1.277904102817598031e-02
8.780487804878047906e-03,3.333333333333333981e-03,4.847533632286994687e-03,1.277904102817598031e-02
8.780487804878047906e-03,3.333333333333333981e-03,4.847533632286994687e-03,1.277904102817598031e-02
8.780487804878047906e-03,3.333333333333333981e-03,4.847533632286994687e-03,1.277904102817598031e-02
8.780487804878047906e-03,3.333333333333333981e-03,4.847533632286994687e-03,1.277904102817598031e-02
8.780487804878047906e-03,3.333333333333333981e-03,4.847533632286994687e-03,1.277904102817598031e-02
8.780487804878047906e-03,3.333333333333333981e-03,4.847533632286994687e-03,1.277904102817598031e-02
8.780487804878047906e-03,3.333333333333333981e-03,4.847533632286994687e-03,1.277904102817598031e-02
8.780487804878047906e-03,3.333333333333333981e-03,4.847533632286994687e-03,1.277904102817598031e-02
8.780487804878047906e-03,3.333333333333333981e-03,4.847533632286994687e-03,1.277904102817598031e-02
8.780487804878047906e-03,3.333333333333333981e-03,4.847533632286994687e-03,1.277904102817598031e-02
8.780487804878047906e-03,3.333333333333333981e-03,4.847533632286994687e-03,1.277904102817598031e-02
8.780487804878047906e-03,3.333333333333333981e-03,4.847533632286994687e-03,1.277904102817598031e-02
8.780487804878047906e-03,3.333333333333333981e-03,4.847533632286994687e-03,1.277904102817598031e-02
8.780487804878047906e-03,3.333333333333333981e-03,4.847533632286994687e-03,1.277904102817598031e-02
8.780487804878047906e-03,3.333333333333333981e-03,4.847533632286994687e-03,1.277904102817598031e-02
8.780487804878047906e-03,3.333333333333333981e-03,4.847533632286994687e-03,1.277904102817598031e-02
8.780487804878047906e-03,3.333333333333333981e-03,4.847533632286994687e-03,1.277904102817598031e-02
8.780487804878047906e-03,3.333333333333333981e-03,4.847533632286994687e-03,1.277904102817598031e-02
8.780487804878047906e-03,3.333333333333333981e-03,4.847533632286994687e-03,1.277904102817598031e-02
8.780487804878047906e-03,3.333333333333333981e-03,4.847533632286994687e-03,1.277904102817598031e-02
8.780487804878047906e-03,3.333333333333333981e-03,4.847533632286994687e-03,1.277904102817598031e-02
8.780487804878047906e-03,3.333333333333333981e-03,4.847533632286994687e-03,1.277904102817598031e-02
8.780487804878047906e-03,3.333333333333333981e-03,4.847533632286994687e-03,1.277904102817598031e-02
8.780487804878047906e-03,3.333333333333333981e-03,4.847533632286994687e-03,1.277904102817598031e-02
8.780487804878047906e-03,3.333333333333333981e-03,4.847533632286994687e-03,1.277904102817598031e-02
8.780487804878047906e-03,3.333333333333333981e-03,4.847533632286994687e-03,1.277904102817598031e-02
8.780487804878047906e-03,3.333333333333333981e-03,4.847533632286994687e-03,1.277904102817598031e-02
8.780487804878047906e-03,3.333333333333333981e-03,4.847533632286994687e-03,1.277904102817598031e-02
8.780487804878047906e-03,3.333333333333333981e-03,4.847533632286994687e-03,1.277904102817598031e-02
8.780487804878047906e-03,3.333333333333333981e-03,4.847533632286994687e-03,1.277904102817598031e-02
8.780487804878047906e-03,3.333333333333333981e-03,4.847533632286994687e-03,1.277904102817598031e-02
8.780487804878047906e-03,3.333333333333333981e-03,4.847533632286994687e-03,1.277904102817598031e-02
8.780487804878047906e-03,3.333333333333333981e-03,4.847533632286994687e-03,1.277904102817598031e-02
8.780487804878047906e-03,3.333333333333333981e-03,4.847533632286994687e-03,1.277904102817598031e-02
8.780487804878047906e-03,3.333333333333333981e-03,4.847533632286994687e-03,1.277904102817598031e-02
8.780487804878047906e-03,3.333333333333333981e-03,4.847533632286994687e-03,1.277904102817598031e-02
8.780487804878047906e-03,3.333333333333333981e-03,4.847533632286994687e-03,1.277904102817598031e-02
8.780487804878047906e-03,3.333333333333333981e-03,4.847533632286994687e-03,1.277904102817598031e-02
8.780487804878047906e-03,3.333333333333333981e-03,4.847533632286994687e-03,1.277904102817598031e-02
8.780487804878047906e-03,3.333333333333333981e-03,4.847533632286994687e-03,1.277904102817598031e-02
8.780487804878047906e-03,3.333333333333333981e-03,4.847533632286994687e-03,1.277904102817598031e-02
8.780487804878047906e-03,3.333333333333333981e-03,4.847533632286994687e-03,1.277904102817598031e-02
8.780487804878047906e-03,3.333333333333333981e-03,4.847533632286994687e-03,1.277904102817598031e-02
8.780487804878047906e-03,3.333333333333333981e-03,4.847533632286994687e-03,1.277904102817598031e-02
8.780487804878047906e-03,3.333333333333333981e-03,4.847533632286994687e-03,1.277904102817598031e-02
8.780487804878047906e-03,3.333333333333333981e-03,4.847533632286994687e-03,1.277904102817598031e-02
8.780487804878047906e-03,3.333333333333333981e-03,4.847533632286994687e-03,1.277904102817598031e-02
8.780487804878047906e-03,3.333333333333333981e-03,4.847533632286994687e-03,1.277904102817598031e-02
8.780487804878047906e-03,3.333333333333333981e-03,4.847533632286994687e-03,1.277904102817598031e-02
8.780487804878047906e-03,3.333333333333333981e-03,4.847533632286994687e-03,1.277904102817598031e-02
8.780487804878047906e-03,3.333333333333333981e-03,4.847533632286994687e-03,1.277904102817598031e-02
8.780487804878047906e-03,3.333333333333333981e-03,4.847533632286994687e-03,1.277904102817598031e-02
8.780487804878047906e-03,3.333333333333333981e-03,4.847533632286994687e-03,1.277904102817598031e-02
8.780487804878047906e-03,3.333333333333333981e-03,4.847533632286994687e-03,1.277904102817598031e-02
8.780487804878047906e-03,3.333333333333333981e-03,4.847533632286994687e-03,1.277904102817598031e-02
8.780487804878047906e-03,3.333333333333333981e-03,4.847533632286994687e-03,1.277904102817598031e-02
8.780487804878047906e-03,3.333333333333333981e-03,4.847533632286994687e-03,1.277904102817598031e-02
8.780487804878047906e-03,3.333333333333333981e-03,4.847533632286994687e-03,1.277904102817598031e-02
8.780487804878047906e-03,3.333333333333333981e-03,4.847533632286994687e-03,1.277904102817598031e-02
8.780487804878047906e-03,3.333333333333333981e-03,4.847533632286994687e-03,1.277904102817598031e-02
8.780487804878047906e-03,3.333333333333333981e-03,4.847533632286994687e-03,1.277904102817598031e-02
8.780487804878047906e-03,3.333333333333333981e-03,4.847533632286994687e-03,1.277904102817598031e-02
8.780487804878047906e-03,3.333333333333333981e-03,4.847533632286994687e-03,1.277904102817598031e-02
8.780487804878047906e-03,3.333333333333333981e-03,4.847533632286994687e-03,1.277904102817598031e-02
8.780487804878047906e-03,3.333333333333333981e-03,4.847533632286994687e-03,1.277904102817598031e-02
8.780487804878047906e-03,3.333333333333333981e-03,4.847533632286994687e-03,1.277904102817598031e-02
8.780487804878047906e-03,3.333333333333333981e-03,4.847533632286994687e-03,1.277904102817598031e-02
8.780487804878047906e-03,3.333333333333333981e-03,4.847533632286994687e-03,1.277904102817598031e-02
8.780487804878047906e-03,3.333333333333333981e-03,4.847533632286994687e-03,1.277904102817598031e-02
8.780487804878047906e-03,3.333333333333333981e-03,4.847533632286994687e-03,1.277904102817598031e-02
8.780487804878047906e-03,3.333333333333333981e-03,4.847533632286994687e-03,1.277904102817598031e-02
8.780487804878047906e-03,3.333333333333333981e-03,4.847533632286994687e-03,1.277904102817598031e-02
8.780487804878047906e-03,3.333333333333333981e-03,4.847533632286994687e-03,1.277904102817598031e-02
8.780487804878047906e-03,3.333333333333333981e-03,4.847533632286994687e-03,1.277904102817598031e-02
8.780487804878047906e-03,3.333333333333333981e-03,4.847533632286994687e-03,1.277904102817598031e-02
8.780487804878047906e-03,3.333333333333333981e-03,4.847533632286994687e-03,1.277904102817598031e-02
8.780487804878047906e-03,3.333333333333333981e-03,4.847533632286994687e-03,1.277904102817598031e-02
8.780487804878047906e-03,3.333333333333333981e-03,4.847533632286994687e-03,1.277904102817598031e-02
8.780487804878047906e-03,3.333333333333333981e-03,4.847533632286994687e-03,1.277904102817598031e-02
8.780487804878047906e-03,3.333333333333333981e-03,4.847533632286994687e-03,1.277904102817598031e-02
8.780487804878047906e-03,3.333333333333333981e-03,4.847533632286994687e-03,1.277904102817598031e-02
8.780487804878047906e-03,3.333333333333333981e-03,4.847533632286994687e-03,1.277904102817598031e-02
8.780487804878047906e-03,3.333333333333333981e-03,4.847533632286994687e-03,1.277904102817598031e-02
8.780487804878047906e-03,3.333333333333333981e-03,4.847533632286994687e-03,1.277904102817598031e-02
8.780487804878047906e-03,3.333333333333333981e-03,4.847533632286994687e-03,1.277904102817598031e-02
8.780487804878047906e-03,3.333333333333333981e-03,4.847533632286994687e-03,1.277904102817598031e-02
8.780487804878047906e-03,3.333333333333333981e-03,4.847533632286994687e-03,1.277904102817598031e-02
8.780487804878047906e-03,3.333333333333333981e-03,4.847533632286994687e-03,1.277904102817598031e-02
8.780487804878047906e-03,3.333333333333333981e-03,4.847533632286994687e-03,1.277904102817598031e-02
8.780487804878047906e-03,3.333333333333333981e-03,4.847533632286994687e-03,1.277904102817598031e-02
8.780487804878047906e-03,3.333333333333333981e-03,4.847533632286994687e-03,1.277904102817598031e-02
8.780487804878047906e-03,3.333333333333333981e-03,4.847533632286994687e-03,1.277904102817598031e-02
8.780487804878047906e-03,3.333333333333333981e-03,4.847533632286994687e-03,1.277904102817598031e-02
8.780487804878047906e-03,3.333333333333333981e-03,4.847533632286994687e-03,1.277904102817598031e-02
8.780487804878047906e-03,3.333333333333333981e-03,4.847533632286994687e-03,1.277904102817598031e-02
8.780487804878047906e-03,3.333333333333333981e-03,4.847533632286994687e-03,1.277904102817598031e-02
8.780487804878047906e-03,3.333333333333333981e-03,4.847533632286994687e-03,1.277904102817598031e-02
8.780487804878047906e-03,3.333333333333333981e-03,4.847533632286994687e-03,1.277904102817598031e-02
8.780487804878047906e-03,3.333333333333333981e-03,4.847533632286994687e-03,1.277904102817598031e-02
8.780487804878047906e-03,3.333333333333333981e-03,4.847533632286994687e-03,1.277904102817598031e-02
8.780487804878047906e-03,3.333333333333333981e-03,4.847533632286994687e-03,1.277904102817598031e-02
8.780487804878047906e-03,3.333333333333333981e-03,4.847533632286994687e-03,1.277904102817598031e-02
8.780487804878047906e-03,3.333333333333333981e-03,4.847533632286994687e-03,1.277904102817598031e-02
8.780487804878047906e-03,3.333333333333333981e-03,4.847533632286994687e-03,1.277904102817598031e-02
8.780487804878047906e-03,3.333333333333333981e-03,4.847533632286994687e-03,1.277904102817598031e-02
8.780487804878047906e-03,3.333333333333333981e-03,4.847533632286994687e-03,1.277904102817598031e-02
8.780487804878047906e-03,3.333333333333333981e-03,4.847533632286994687e-03,1.277904102817598031e-02
8.780487804878047906e-03,3.333333333333333981e-03,4.847533632286994687e-03,1.277904102817598031e-02
8.780487804878047906e-03,3.333333333333333981e-03,4.847533632286994687e-03,1.277904102817598031e-02
8.780487804878047906e-03,3.333333333333333981e-03,4.847533632286994687e-03,1.277904102817598031e-02
8.780487804878047906e-03,3.333333333333333981e-03,4.847533632286994687e-03,1.277904102817598031e-02
8.780487804878047906e-03,3.333333333333333981e-03,4.847533632286994687e-03,1.277904102817598031e-02
8.780487804878047906e-03,3.333333333333333981e-03,4.847533632286994687e-03,1.277904102817598031e-02
8.780487804878047906e-03,3.333333333333333981e-03,4.847533632286994687e-03,1.277904102817598031e-02
8.780487804878047906e-03,3.333333333333333981e-03,4.847533632286994687e-03,1.277904102817598031e-02
8.780487804878047906e-03,3.333333333333333981e-03,4.847533632286994687e-03,1.277904102817598031e-02
8.780487804878047906e-03,3.333333333333333981e-03,4.847533632286994687e-03,1.277904102817598031e-02
8.780487804878047906e-03,3.333333333333333981e-03,4.847533632286994687e-03,1.277904102817598031e-02
8.780487804878047906e-03,3.333333333333333981e-03,4.847533632286994687e-03,1.277904102817598031e-02
8.780487804878047906e-03,3.333333333333333981e-03,4.847533632286994687e-03,1.277904102817598031e-02
8.780487804878047906e-03,3.333333333333333981e-03,4.847533632286994687e-03,1.277904102817598031e-02
8.780487804878047906e-03,3.333333333333333981e-03,4.847533632286994687e-03,1.277904102817598031e-02
8.780487804878047906e-03,3.333333333333333981e-03,4.847533632286994687e-03,1.277904102817598031e-02
8.780487804878047906e-03,3.333333333333333981e-03,4.847533632286994687e-03,1.277904102817598031e-02
8.780487804878047906e-03,3.333333333333333981e-03,4.847533632286994687e-03,1.277904102817598031e-02
8.780487804878047906e-03,3.333333333333333981e-03,4.847533632286994687e-03,1.277904102817598031e-02
8.780487804878047906e-03,3.333333333333333981e-03,4.847533632286994687e-03,1.277904102817598031e-02
8.780487804878047906e-03,3.333333333333333981e-03,4.847533632286994687e-03,1.277904102817598031e-02
8.780487804878047906e-03,3.333333333333333981e-03,4.847533632286994687e-03,1.277904102817598031e-02
8.780487804878047906e-03,3.333333333333333981e-03,4.847533632286994687e-03,1.277904102817598031e-02
8.780487804878047906e-03,3.333333333333333981e-03,4.847533632286994687e-03,1.277904102817598031e-02
8.780487804878047906e-03,3.333333333333333981e-03,4.847533632286994687e-03,1.277904102817598031e-02
8.780487804878047906e-03,3.333333333333333981e-03,4.847533632286994687e-03,1.277904102817598031e-02
8.780487804878047906e-03,3.333333333333333981e-03,4.847533632286994687e-03,1.277904102817598031e-02
8.780487804878047906e-03,3.333333333333333981e-03,4.847533632286994687e-03,1.277904102817598031e-02
8.780487804878047906e-03,3.333333333333333981e-03,4.847533632286994687e-03,1.277904102817598031e-02
8.780487804878047906e-03,3.333333333333333981e-03,4.847533632286994687e-03,1.277904102817598031e-02
8.780487804878047906e-03,3.333333333333333981e-03,4.847533632286994687e-03,1.277904102817598031e-02
8.780487804878047906e-03,3.333333333333333981e-03,4.847533632286994687e-03,1.277904102817598031e-02
8.780487804878047906e-03,3.333333333333333981e-03,4.847533632286994687e-03,1.277904102817598031e-02
8.780487804878047906e-03,3.333333333333333981e-03,4.847533632286994687e-03,1.277904102817598031e-02
8.780487804878047906e-03,3.333333333333333981e-03,4.847533632286994687e-03,1.277904102817598031e-02
8.780487804878047906e-03,3.333333333333333981e-03,4.847533632286994687e-03,1.277904102817598031e-02
8.780487804878047906e-03,3.333333333333333981e-03,4.847533632286994687e-03,1.277904102817598031e-02
8.780487804878047906e-03,3.333333333333333981e-03,4.847533632286994687e-03,1.277904102817598031e-02
8.780487804878047906e-03,3.333333333333333981e-03,4.847533632286994687e-03,1.277904102817598031e-02
8.780487804878047906e-03,3.333333333333333981e-03,4.847533632286994687e-03,1.277904102817598031e-02
8.780487804878047906e-03,3.333333333333333981e-03,4.847533632286994687e-03,1.277904102817598031e-02
8.780487804878047906e-03,3.333333333333333981e-03,4.847533632286994687e-03,1.277904102817598031e-02
8.780487804878047906e-03,3.333333333333333981e-03,4.847533632286994687e-03,1.277904102817598031e-02
8.780487804878047906e-03,3.333333333333333981e-03,4.847533632286994687e-03,1.277904102817598031e-02
8.780487804878047906e-03,3.333333333333333981e-03,4.847533632286994687e-03,1.277904102817598031e-02
8.780487804878047906e-03,3.333333333333333981e-03,4.847533632286994687e-03,1.277904102817598031e-02
8.780487804878047906e-03,3.333333333333333981e-03,4.847533632286994687e-03,1.277904102817598031e-02
8.780487804878047906e-03,3.333333333333333981e-03,4.847533632286994687e-03,1.277904102817598031e-02
8.780487804878047906e-03,3.333333333333333981e-03,4.847533632286994687e-03,1.277904102817598031e-02
8.780487804878047906e-03,3.333333333333333981e-03,4.847533632286994687e-03,1.277904102817598031e-02
8.780487804878047906e-03,3.333333333333333981e-03,4.847533632286994687e-03,1.277904102817598031e-02
8.780487804878047906e-03,3.333333333333333981e-03,4.847533632286994687e-03,1.277904102817598031e-02
8.780487804878047906e-03,3.333333333333333981e-03,4.847533632286994687e-03,1.277904102817598031e-02
8.780487804878047906e-03,3.333333333333333981e-03,4.847533632286994687e-03,1.277904102817598031e-02
8.780487804878047906e-03,3.333333333333333981e-03,4.847533632286994687e-03,1.277904102817598031e-02
8.780487804878047906e-03,3.333333333333333981e-03,4.847533632286994687e-03,1.277904102817598031e-02
8.780487804878047906e-03,3.333333333333333981e-03,4.847533632286994687e-03,1.277904102817598031e-02
8.780487804878047906e-03,3.333333333333333981e-03,4.847533632286994687e-03,1.277904102817598031e-02
8.780487804878047906e-03,3.333333333333333981e-03,4.847533632286994687e-03,1.277904102817598031e-02
8.780487804878047906e-03,3.333333333333333981e-03,4.847533632286994687e-03,1.277904102817598031e-02
8.780487804878047906e-03,3.333333333333333981e-03,4.847533632286994687e-03,1.277904102817598031e-02
8.780487804878047906e-03,3.333333333333333981e-03,4.847533632286994687e-03,1.277904102817598031e-02
8.780487804878047906e-03,3.333333333333333981e-03,4.847533632286994687e-03,1.277904102817598031e-02
8.780487804878047906e-03,3.333333333333333981e-03,4.847533632286994687e-03,1.277904102817598031e-02
8.780487804878047906e-03,3.333333333333333981e-03,4.847533632286994687e-03,1.277904102817598031e-02
8.780487804878047906e-03,3.333333333333333981e-03,4.847533632286994687e-03,1.277904102817598031e-02
8.780487804878047906e-03,3.333333333333333981e-03,4.847533632286994687e-03,1.277904102817598031e-02
8.780487804878047906e-03,3.333333333333333981e-03,4.847533632286994687e-03,1.277904102817598031e-02
8.780487804878047906e-03,3.333333333333333981e-03,4.847533632286994687e-03,1.277904102817598031e-02
8.780487804878047906e-03,3.333333333333333981e-03,4.847533632286994687e-03,1.277904102817598031e-02
8.780487804878047906e-03,3.333333333333333981e-03,4.847533632286994687e-03,1.277904102817598031e-02
8.780487804878047906e-03,3.333333333333333981e-03,4.847533632286994687e-03,1.277904102817598031e-02
8.780487804878047906e-03,3.333333333333333981e-03,4.847533632286994687e-03,1.277904102817598031e-02
8.780487804878047906e-03,3.333333333333333981e-03,4.847533632286994687e-03,1.277904102817598031e-02
8.780487804878047906e-03,3.333333333333333981e-03,4.847533632286994687e-03,1.277904102817598031e-02
8.780487804878047906e-03,3.333333333333333981e-03,4.847533632286994687e-03,1.277904102817598031e-02
8.780487804878047906e-03,3.333333333333333981e-03,4.847533632286994687e-03,1.277904102817598031e-02
8.780487804878047906e-03,3.333333333333333981e-03,4.847533632286994687e-03,1.277904102817598031e-02
8.780487804878047906e-03,3.333333333333333981e-03,4.847533632286994687e-03,1.277904102817598031e-02
8.780487804878047906e-03,3.333333333333333981e-03,4.847533632286994687e-03,1.277904102817598031e-02
8.780487804878047906e-03,3.333333333333333981e-03,4.847533632286994687e-03,1.277904102817598031e-02
8.780487804878047906e-03,3.333333333333333981e-03,4.847533632286994687e-03,1.277904102817598031e-02
8.780487804878047906e-03,3.333333333333333981e-03,4.847533632286994687e-03,1.277904102817598031e-02
8.780487804878047906e-03,3.333333333333333981e-03,4.847533632286994687e-03,1.277904102817598031e-02
8.780487804878047906e-03,3.333333333333333981e-03,4.847533632286994687e-03,1.277904102817598031e-02
8.780487804878047906e-03,3.333333333333333981e-03,4.847533632286994687e-03,1.277904102817598031e-02
8.780487804878047906e-03,3.333333333333333981e-03,4.847533632286994687e-03,1.277904102817598031e-02
8.780487804878047906e-03,3.333333333333333981e-03,4.847533632286994687e-03,1.277904102817598031e-02
8.780487804878047906e-03,3.333333333333333981e-03,4.847533632286994687e-03,1.277904102817598031e-02
8.780487804878047906e-03,3.333333333333333981e-03,4.847533632286994687e-03,1.277904102817598031e-02
8.780487804878047906e-03,3.333333333333333981e-03,4.847533632286994687e-03,1.277904102817598031e-02
8.780487804878047906e-03,3.333333333333333981e-03,4.847533632286994687e-03,1.277904102817598031e-02
8.780487804878047906e-03,3.333333333333333981e-03,4.847533632286994687e-03,1.277904102817598031e-02
8.780487804878047906e-03,3.333333333333333981e-03,4.847533632286994687e-03,1.277904102817598031e-02
8.780487804878047906e-03,3.333333333333333981e-03,4.847533632286994687e-03,1.277904102817598031e-02
8.780487804878047906e-03,3.333333333333333981e-03,4.847533632286994687e-03,1.277904102817598031e-02
8.780487804878047906e-03,3.333333333333333981e-03,4.847533632286994687e-03,1.277904102817598031e-02
8.780487804878047906e-03,3.333333333333333981e-03,4.847533632286994687e-03,1.277904102817598031e-02
8.780487804878047906e-03,3.333333333333333981e-03,4.847533632286994687e-03,1.277904102817598031e-02
8.780487804878047906e-03,3.333333333333333981e-03,4.847533632286994687e-03,1.277904102817598031e-02
8.780487804878047906e-03,3.333333333333333981e-03,4.847533632286994687e-03,1.277904102817598031e-02
8.780487804878047906e-03,3.333333333333333981e-03,4.847533632286994687e-03,1.277904102817598031e-02
8.780487804878047906e-03,3.333333333333333981e-03,4.847533632286994687e-03,1.277904102817598031e-02
8.780487804878047906e-03,3.333333333333333981e-03,4.847533632286994687e-03,1.277904102817598031e-02
8.780487804878047906e-03,3.333333333333333981e-03,4.847533632286994687e-03,1.277904102817598031e-02
8.780487804878047906e-03,3.333333333333333981e-03,4.847533632286994687e-03,1.277904102817598031e-02
8.780487804878047906e-03,3.333333333333333981e-03,4.847533632286994687e-03,1.277904102817598031e-02
8.780487804878047906e-03,3.333333333333333981e-03,4.847533632286994687e-03,1.277904102817598031e-02
8.780487804878047906e-03,3.333333333333333981e-03,4.847533632286994687e-03,1.277904102817598031e-02
8.780487804878047906e-03,3.333333333333333981e-03,4.847533632286994687e-03,1.277904102817598031e-02
8.780487804878047906e-03,3.333333333333333981e-03,4.847533632286994687e-03,1.277904102817598031e-02
8.780487804878047906e-03,3.333333333333333981e-03,4.847533632286994687e-03,1.277904102817598031e-02
8.780487804878047906e-03,3.333333333333333981e-03,4.847533632286994687e-03,1.277904102817598031e-02
8.780487804878047906e-03,3.333333333333333981e-03,4.847533632286994687e-03,1.277904102817598031e-02
8.780487804878047906e-03,3.333333333333333981e-03,4.847533632286994687e-03,1.277904102817598031e-02
8.780487804878047906e-03,3.333333333333333981e-03,4.847533632286994687e-03,1.277904102817598031e-02
8.780487804878047906e-03,3.333333333333333981e-03,4.847533632286994687e-03,1.277904102817598031e-02
8.780487804878047906e-03,3.333333333333333981e-03,4.847533632286994687e-03,1.277904102817598031e-02
8.780487804878047906e-03,3.333333333333333981e-03,4.847533632286994687e-03,1.277904102817598031e-02
8.780487804878047906e-03,3.333333333333333981e-03,4.847533632286994687e-03,1.277904102817598031e-02
8.780487804878047906e-03,3.333333333333333981e-03,4.847533632286994687e-03,1.277904102817598031e-02
8.780487804878047906e-03,3.333333333333333981e-03,4.847533632286994687e-03,1.277904102817598031e-02
8.780487804878047906e-03,3.333333333333333981e-03,4.847533632286994687e-03,1.277904102817598031e-02
8.780487804878047906e-03,3.333333333333333981e-03,4.847533632286994687e-03,1.277904102817598031e-02
8.780487804878047906e-03,3.333333333333333981e-03,4.847533632286994687e-03,1.277904102817598031e-02
8.780487804878047906e-03,3.333333333333333981e-03,4.847533632286994687e-03,1.277904102817598031e-02
8.780487804878047906e-03,3.333333333333333981e-03,4.847533632286994687e-03,1.277904102817598031e-02
8.780487804878047906e-03,3.333333333333333981e-03,4.847533632286994687e-03,1.277904102817598031e-02
8.780487804878047906e-03,3.333333333333333981e-03,4.847533632286994687e-03,1.277904102817598031e-02
8.780487804878047906e-03,3.333333333333333981e-03,4.847533632286994687e-03,1.277904102817598031e-02
8.780487804878047906e-03,3.333333333333333981e-03,4.847533632286994687e-03,1.277904102817598031e-02
8.780487804878047906e-03,3.333333333333333981e-03,4.847533632286994687e-03,1.277904102817598031e-02
8.780487804878047906e-03,3.333333333333333981e-03,4.847533632286994687e-03,1.277904102817598031e-02
8.780487804878047906e-03,3.333333333333333981e-03,4.847533632286994687e-03,1.277904102817598031e-02
8.780487804878047906e-03,3.333333333333333981e-03,4.847533632286994687e-03,1.277904102817598031e-02
8.780487804878047906e-03,3.333333333333333981e-03,4.847533632286994687e-03,1.277904102817598031e-02
8.780487804878047906e-03,3.333333333333333981e-03,4.847533632286994687e-03,1.277904102817598031e-02
8.780487804878047906e-03,3.333333333333333981e-03,4.847533632286994687e-03,1.277904102817598031e-02
8.780487804878047906e-03,3.333333333333333981e-03,4.847533632286994687e-03,1.277904102817598031e-02
8.780487804878047906e-03,3.333333333333333981e-03,4.847533632286994687e-03,1.277904102817598031e-02
8.780487804878047906e-03,3.333333333333333981e-03,4.847533632286994687e-03,1.277904102817598031e-02
8.780487804878047906e-03,3.333333333333333981e-03,4.847533632286994687e-03,1.277904102817598031e-02
8.780487804878047906e-03,3.333333333333333981e-03,4.847533632286994687e-03,1.277904102817598031e-02
8.780487804878047906e-03,3.333333333333333981e-03,4.847533632286994687e-03,1.277904102817598031e-02
8.780487804878047906e-03,3.333333333333333981e-03,4.847533632286994687e-03,1.277904102817598031e-02
8.780487804878047906e-03,3.333333333333333981e-03,4.847533632286994687e-03,1.277904102817598031e-02
8.780487804878047906e-03,3.333333333333333981e-03,4.847533632286994687e-03,1.277904102817598031e-02
8.780487804878047906e-03,3.333333333333333981e-03,4.847533632286994687e-03,1.277904102817598031e-02
8.780487804878047906e-03,3.333333333333333981e-03,4.847533632286994687e-03,1.277904102817598031e-02
8.780487804878047906e-03,3.333333333333333981e-03,4.847533632286994687e-03,1.277904102817598031e-02
8.780487804878047906e-03,3.333333333333333981e-03,4.847533632286994687e-03,1.277904102817598031e-02
8.780487804878047906e-03,3.333333333333333981e-03,4.847533632286994687e-03,1.277904102817598031e-02
8.780487804878047906e-03,3.333333333333333981e-03,4.847533632286994687e-03,1.277904102817598031e-02
8.780487804878047906e-03,3.333333333333333981e-03,4.847533632286994687e-03,1.277904102817598031e-02
8.780487804878047906e-03,3.333333333333333981e-03,4.847533632286994687e-03,1.277904102817598031e-02
8.780487804878047906e-03,3.333333333333333981e-03,4.847533632286994687e-03,1.277904102817598031e-02
8.780487804878047906e-03,3.333333333333333981e-03,4.847533632286994687e-03,1.277904102817598031e-02
8.780487804878047906e-03,3.333333333333333981e-03,4.847533632286994687e-03,1.277904102817598031e-02
8.780487804878047906e-03,3.333333333333333981e-03,4.847533632286994687e-03,1.277904102817598031e-02
8.780487804878047906e-03,3.333333333333333981e-03,4.847533632286994687e-03,1.277904102817598031e-02
8.780487804878047906e-03,3.333333333333333981e-03,4.847533632286994687e-03,1.277904102817598031e-02
8.780487804878047906e-03,3.333333333333333981e-03,4.847533632286994687e-03,1.277904102817598031e-02
8.780487804878047906e-03,3.333333333333333981e-03,4.847533632286994687e-03,1.277904102817598031e-02
8.780487804878047906e-03,3.333333333333333981e-03,4.847533632286994687e-03,1.277904102817598031e-02
8.780487804878047906e-03,3.333333333333333981e-03,4.847533632286994687e-03,1.277904102817598031e-02
8.780487804878047906e-03,3.333333333333333981e-03,4.847533632286994687e-03,1.277904102817598031e-02
8.780487804878047906e-03,3.333333333333333981e-03,4.847533632286994687e-03,1.277904102817598031e-02
8.780487804878047906e-03,3.333333333333333981e-03,4.847533632286994687e-03,1.277904102817598031e-02
8.780487804878047906e-03,3.333333333333333981e-03,4.847533632286994687e-03,1.277904102817598031e-02
8.780487804878047906e-03,3.333333333333333981e-03,4.847533632286994687e-03,1.277904102817598031e-02
8.780487804878047906e-03,3.333333333333333981e-03,4.847533632286994687e-03,1.277904102817598031e-02
8.780487804878047906e-03,3.333333333333333981e-03,4.847533632286994687e-03,1.277904102817598031e-02
8.780487804878047906e-03,3.333333333333333981e-03,4.847533632286994687e-03,1.277904102817598031e-02
8.780487804878047906e-03,3.333333333333333981e-03,4.847533632286994687e-03,1.277904102817598031e-02
8.780487804878047906e-03,3.333333333333333981e-03,4.847533632286994687e-03,1.277904102817598031e-02
8.780487804878047906e-03,3.333333333333333981e-03,4.847533632286994687e-03,1.277904102817598031e-02
8.780487804878047906e-03,3.333333333333333981e-03,4.847533632286994687e-03,1.277904102817598031e-02
8.780487804878047906e-03,3.333333333333333981e-03,4.847533632286994687e-03,1.277904102817598031e-02
8.780487804878047906e-03,3.333333333333333981e-03,4.847533632286994687e-03,1.277904102817598031e-02
8.780487804878047906e-03,3.333333333333333981e-03,4.847533632286994687e-03,1.277904102817598031e-02
8.780487804878047906e-03,3.333333333333333981e-03,4.847533632286994687e-03,1.277904102817598031e-02
8.780487804878047906e-03,3.333333333333333981e-03,4.847533632286994687e-03,1.277904102817598031e-02
8.780487804878047906e-03,3.333333333333333981e-03,4.847533632286994687e-03,1.277904102817598031e-02
8.780487804878047906e-03,3.333333333333333981e-03,4.847533632286994687e-03,1.277904102817598031e-02
8.780487804878047906e-03,3.333333333333333981e-03,4.847533632286994687e-03,1.277904102817598031e-02
8.780487804878047906e-03,3.333333333333333981e-03,4.847533632286994687e-03,1.277904102817598031e-02
8.780487804878047906e-03,3.333333333333333981e-03,4.847533632286994687e-03,1.277904102817598031e-02
8.780487804878047906e-03,3.333333333333333981e-03,4.847533632286994687e-03,1.277904102817598031e-02
8.780487804878047906e-03,3.333333333333333981e-03,4.847533632286994687e-03,1.277904102817598031e-02
8.780487804878047906e-03,3.333333333333333981e-03,4.847533632286994687e-03,1.277904102817598031e-02
8.780487804878047906e-03,3.333333333333333981e-03,4.847533632286994687e-03,1.277904102817598031e-02
8.780487804878047906e-03,3.333333333333333981e-03,4.847533632286994687e-03,1.277904102817598031e-02
8.780487804878047906e-03,3.333333333333333981e-03,4.847533632286994687e-03,1.277904102817598031e-02
8.780487804878047906e-03,3.333333333333333981e-03,4.847533632286994687e-03,1.277904102817598031e-02
8.780487804878047906e-03,3.333333333333333981e-03,4.847533632286994687e-03,1.277904102817598031e-02
8.780487804878047906e-03,3.333333333333333981e-03,4.847533632286994687e-03,1.277904102817598031e-02
8.780487804878047906e-03,3.333333333333333981e-03,4.847533632286994687e-03,1.277904102817598031e-02
8.780487804878047906e-03,3.333333333333333981e-03,4.847533632286994687e-03,1.277904102817598031e-02
8.780487804878047906e-03,3.333333333333333981e-03,4.847533632286994687e-03,1.277904102817598031e-02
8.780487804878047906e-03,3.333333333333333981e-03,4.847533632286994687e-03,1.277904102817598031e-02
8.780487804878047906e-03,3.333333333333333981e-03,4.847533632286994687e-03,1.277904102817598031e-02
8.780487804878047906e-03,3.333333333333333981e-03,4.847533632286994687e-03,1.277904102817598031e-02
8.780487804878047906e-03,3.333333333333333981e-03,4.847533632286994687e-03,1.277904102817598031e-02
8.780487804878047906e-03,3.333333333333333981e-03,4.847533632286994687e-03,1.277904102817598031e-02
8.780487804878047906e-03,3.333333333333333981e-03,4.847533632286994687e-03,1.277904102817598031e-02
8.780487804878047906e-03,3.333333333333333981e-03,4.847533632286994687e-03,1.277904102817598031e-02
8.780487804878047906e-03,3.333333333333333981e-03,4.847533632286994687e-03,1.277904102817598031e-02
8.780487804878047906e-03,3.333333333333333981e-03,4.847533632286994687e-03,1.277904102817598031e-02
8.780487804878047906e-03,3.333333333333333981e-03,4.847533632286994687e-03,1.277904102817598031e-02
8.780487804878047906e-03,3.333333333333333981e-03,4.847533632286994687e-03,1.277904102817598031e-02
8.780487804878047906e-03,3.333333333333333981e-03,4.847533632286994687e-03,1.277904102817598031e-02
8.780487804878047906e-03,3.333333333333333981e-03,4.847533632286994687e-03,1.277904102817598031e-02
8.780487804878047906e-03,3.333333333333333981e-03,4.847533632286994687e-03,1.277904102817598031e-02
8.780487804878047906e-03,3.333333333333333981e-03,4.847533632286994687e-03,1.277904102817598031e-02
8.780487804878047906e-03,3.333333333333333981e-03,4.847533632286994687e-03,1.277904102817598031e-02
8.780487804878047906e-03,3.333333333333333981e-03,4.847533632286994687e-03,1.277904102817598031e-02
8.780487804878047906e-03,3.333333333333333981e-03,4.847533632286994687e-03,1.277904102817598031e-02
8.780487804878047906e-03,3.333333333333333981e-03,4.847533632286994687e-03,1.277904102817598031e-02
8.780487804878047906e-03,3.333333333333333981e-03,4.847533632286994687e-03,1.277904102817598031e-02
8.780487804878047906e-03,3.333333333333333981e-03,4.847533632286994687e-03,1.277904102817598031e-02
8.780487804878047906e-03,3.333333333333333981e-03,4.847533632286994687e-03,1.277904102817598031e-02
8.780487804878047906e-03,3.333333333333333981e-03,4.847533632286994687e-03,1.277904102817598031e-02
8.780487804878047906e-03,3.333333333333333981e-03,4.847533632286994687e-03,1.277904102817598031e-02
8.780487804878047906e-03,3.333333333333333981e-03,4.847533632286994687e-03,1.277904102817598031e-02
8.780487804878047906e-03,3.333333333333333981e-03,4.847533632286994687e-03,1.277904102817598031e-02
8.780487804878047906e-03,3.333333333333333981e-03,4.847533632286994687e-03,1.277904102817598031e-02
8.780487804878047906e-03,3.333333333333333981e-03,4.847533632286994687e-03,1.277904102817598031e-02
8.780487804878047906e-03,3.333333333333333981e-03,4.847533632286994687e-03,1.277904102817598031e-02
8.780487804878047906e-03,3.333333333333333981e-03,4.847533632286994687e-03,1.277904102817598031e-02
8.780487804878047906e-03,3.333333333333333981e-03,4.847533632286994687e-03,1.277904102817598031e-02
8.780487804878047906e-03,3.333333333333333981e-03,4.847533632286994687e-03,1.277904102817598031e-02
8.780487804878047906e-03,3.333333333333333981e-03,4.847533632286994687e-03,1.277904102817598031e-02
8.780487804878047906e-03,3.333333333333333981e-03,4.847533632286994687e-03,1.277904102817598031e-02
8.780487804878047906e-03,3.333333333333333981e-03,4.847533632286994687e-03,1.277904102817598031e-02
8.780487804878047906e-03,3.333333333333333981e-03,4.847533632286994687e-03,1.277904102817598031e-02
8.780487804878047906e-03,3.333333333333333981e-03,4.847533632286994687e-03,1.277904102817598031e-02
8.780487804878047906e-03,3.333333333333333981e-03,4.847533632286994687e-03,1.277904102817598031e-02
8.780487804878047906e-03,3.333333333333333981e-03,4.847533632286994687e-03,1.277904102817598031e-02
8.780487804878047906e-03,3.333333333333333981e-03,4.847533632286994687e-03,1.277904102817598031e-02
8.780487804878047906e-03,3.333333333333333981e-03,4.847533632286994687e-03,1.277904102817598031e-02
8.780487804878047906e-03,3.333333333333333981e-03,4.847533632286994687e-03,1.277904102817598031e-02
8.780487804878047906e-03,3.333333333333333981e-03,4.847533632286994687e-03,1.277904102817598031e-02
8.780487804878047906e-03,3.333333333333333981e-03,4.847533632286994687e-03,1.277904102817598031e-02
8.780487804878047906e-03,3.333333333333333981e-03,4.847533632286994687e-03,1.277904102817598031e-02
8.780487804878047906e-03,3.333333333333333981e-03,4.847533632286994687e-03,1.277904102817598031e-02
8.780487804878047906e-03,3.333333333333333981e-03,4.847533632286994687e-03,1.277904102817598031e-02
8.780487804878047906e-03,3.333333333333333981e-03,4.847533632286994687e-03,1.277904102817598031e-02
8.780487804878047906e-03,3.333333333333333981e-03,4.847533632286994687e-03,1.277904102817598031e-02
8.780487804878047906e-03,3.333333333333333981e-03,4.847533632286994687e-03,1.277904102817598031e-02
8.780487804878047906e-03,3.333333333333333981e-03,4.847533632286994687e-03,1.277904102817598031e-02
8.780487804878047906e-03,3.333333333333333981e-03,4.847533632286994687e-03,1.277904102817598031e-02
8.780487804878047906e-03,3.333333333333333981e-03,4.847533632286994687e-03,1.277904102817598031e-02
8.780487804878047906e-03,3.333333333333333981e-03,4.847533632286994687e-03,1.277904102817598031e-02
8.780487804878047906e-03,3.333333333333333981e-03,4.847533632286994687e-03,1.277904102817598031e-02
8.780487804878047906e-03,3.333333333333333981e-03,4.847533632286994687e-03,1.277904102817598031e-02
8.780487804878047906e-03,3.333333333333333981e-03,4.847533632286994687e-03,1.277904102817598031e-02
8.780487804878047906e-03,3.333333333333333981e-03,4.847533632286994687e-03,1.277904102817598031e-02
8.780487804878047906e-03,3.333333333333333981e-03,4.847533632286994687e-03,1.277904102817598031e-02
8.780487804878047906e-03,3.333333333333333981e-03,4.847533632286994687e-03,1.277904102817598031e-02
8.780487804878047906e-03,3.333333333333333981e-03,4.847533632286994687e-03,1.277904102817598031e-02
8.780487804878047906e-03,3.333333333333333981e-03,4.847533632286994687e-03,1.277904102817598031e-02
8.780487804878047906e-03,3.333333333333333981e-03,4.847533632286994687e-03,1.277904102817598031e-02
8.780487804878047906e-03,3.333333333333333981e-03,4.847533632286994687e-03,1.277904102817598031e-02
8.780487804878047906e-03,3.333333333333333981e-03,4.847533632286994687e-03,1.277904102817598031e-02
8.780487804878047906e-03,3.333333333333333981e-03,4.847533632286994687e-03,1.277904102817598031e-02
8.780487804878047906e-03,3.333333333333333981e-03,4.847533632286994687e-03,1.277904102817598031e-02
8.780487804878047906e-03,3.333333333333333981e-03,4.847533632286994687e-03,1.277904102817598031e-02
8.780487804878047906e-03,3.333333333333333981e-03,4.847533632286994687e-03,1.277904102817598031e-02
8.780487804878047906e-03,3.333333333333333981e-03,4.847533632286994687e-03,1.277904102817598031e-02
8.780487804878047906e-03,3.333333333333333981e-03,4.847533632286994687e-03,1.277904102817598031e-02
8.780487804878047906e-03,3.333333333333333981e-03,4.847533632286994687e-03,1.277904102817598031e-02
8.780487804878047906e-03,3.333333333333333981e-03,4.847533632286994687e-03,1.277904102817598031e-02
8.780487804878047906e-03,3.333333333333333981e-03,4.847533632286994687e-03,1.277904102817598031e-02
8.780487804878047906e-03,3.333333333333333981e-03,4.847533632286994687e-03,1.277904102817598031e-02
8.780487804878047906e-03,3.333333333333333981e-03,4.847533632286994687e-03,1.277904102817598031e-02
8.780487804878047906e-03,3.333333333333333981e-03,4.847533632286994687e-03,1.277904102817598031e-02
8.780487804878047906e-03,3.333333333333333981e-03,4.847533632286994687e-03,1.277904102817598031e-02
8.780487804878047906e-03,3.333333333333333981e-03,4.847533632286994687e-03,1.277904102817598031e-02
8.780487804878047906e-03,3.333333333333333981e-03,4.847533632286994687e-03,1.277904102817598031e-02
8.780487804878047906e-03,3.333333333333333981e-03,4.847533632286994687e-03,1.277904102817598031e-02
8.780487804878047906e-03,3.333333333333333981e-03,4.847533632286994687e-03,1.277904102817598031e-02
8.780487804878047906e-03,3.333333333333333981e-03,4.847533632286994687e-03,1.277904102817598031e-02
8.780487804878047906e-03,3.333333333333333981e-03,4.847533632286994687e-03,1.277904102817598031e-02
8.780487804878047906e-03,3.333333333333333981e-03,4.847533632286994687e-03,1.277904102817598031e-02
8.780487804878047906e-03,3.333333333333333981e-03,4.847533632286994687e-03,1.277904102817598031e-02
8.780487804878047906e-03,3.333333333333333981e-03,4.847533632286994687e-03,1.277904102817598031e-02
8.780487804878047906e-03,3.333333333333333981e-03,4.847533632286994687e-03,1.277904102817598031e-02
8.780487804878047906e-03,3.333333333333333981e-03,4.847533632286994687e-03,1.277904102817598031e-02
8.780487804878047906e-03,3.333333333333333981e-03,4.847533632286994687e-03,1.277904102817598031e-02
8.780487804878047906e-03,3.333333333333333981e-03,4.847533632286994687e-03,1.277904102817598031e-02
8.780487804878047906e-03,3.333333333333333981e-03,4.847533632286994687e-03,1.277904102817598031e-02
8.780487804878047906e-03,3.333333333333333981e-03,4.847533632286994687e-03,1.277904102817598031e-02
8.780487804878047906e-03,3.333333333333333981e-03,4.847533632286994687e-03,1.277904102817598031e-02
8.780487804878047906e-03,3.333333333333333981e-03,4.847533632286994687e-03,1.277904102817598031e-02
8.780487804878047906e-03,3.333333333333333981e-03,4.847533632286994687e-03,1.277904102817598031e-02
8.780487804878047906e-03,3.333333333333333981e-03,4.847533632286994687e-03,1.277904102817598031e-02
8.780487804878047906e-03,3.333333333333333981e-03,4.847533632286994687e-03,1.277904102817598031e-02
8.780487804878047906e-03,3.333333333333333981e-03,4.847533632286994687e-03,1.277904102817598031e-02
8.780487804878047906e-03,3.333333333333333981e-03,4.847533632286994687e-03,1.277904102817598031e-02
8.780487804878047906e-03,3.333333333333333981e-03,4.847533632286994687e-03,1.277904102817598031e-02
8.780487804878047906e-03,3.333333333333333981e-03,4.847533632286994687e-03,1.277904102817598031e-02
8.780487804878047906e-03,3.333333333333333981e-03,4.847533632286994687e-03,1.277904102817598031e-02
8.780487804878047906e-03,3.333333333333333981e-03,4.847533632286994687e-03,1.277904102817598031e-02
8.780487804878047906e-03,3.333333333333333981e-03,4.847533632286994687e-03,1.277904102817598031e-02
8.780487804878047906e-03,3.333333333333333981e-03,4.847533632286994687e-03,1.277904102817598031e-02
8.780487804878047906e-03,3.333333333333333981e-03,4.847533632286994687e-03,1.277904102817598031e-02
8.780487804878047906e-03,3.333333333333333981e-03,4.847533632286994687e-03,1.277904102817598031e-02
8.780487804878047906e-03,3.333333333333333981e-03,4.847533632286994687e-03,1.277904102817598031e-02
8.780487804878047906e-03,3.333333333333333981e-03,4.847533632286994687e-03,1.277904102817598031e-02
8.780487804878047906e-03,3.333333333333333981e-03,4.847533632286994687e-03,1.277904102817598031e-02
8.780487804878047906e-03,3.333333333333333981e-03,4.847533632286994687e-03,1.277904102817598031e-02
8.780487804878047906e-03,3.333333333333333981e-03,4.847533632286994687e-03,1.277904102817598031e-02
8.780487804878047906e-03,3.333333333333333981e-03,4.847533632286994687e-03,1.277904102817598031e-02
8.780487804878047906e-03,3.333333333333333981e-03,4.847533632286994687e-03,1.277904102817598031e-02
8.780487804878047906e-03,3.333333333333333981e-03,4.847533632286994687e-03,1.277904102817598031e-02
8.780487804878047906e-03,3.333333333333333981e-03,4.847533632286994687e-03,1.277904102817598031e-02
8.780487804878047906e-03,3.333333333333333981e-03,4.847533632286994687e-03,1.277904102817598031e-02
8.780487804878047906e-03,3.333333333333333981e-03,4.847533632286994687e-03,1.277904102817598031e-02
8.780487804878047906e-03,3.333333333333333981e-03,4.847533632286994687e-03,1.277904102817598031e-02
8.780487804878047906e-03,3.333333333333333981e-03,4.847533632286994687e-03,1.277904102817598031e-02
8.780487804878047906e-03,3.333333333333333981e-03,4.847533632286994687e-03,1.277904102817598031e-02
8.780487804878047906e-03,3.333333333333333981e-03,4.847533632286994687e-03,1.277904102817598031e-02
8.780487804878047906e-03,3.333333333333333981e-03,4.847533632286994687e-03,1.277904102817598031e-02
8.780487804878047906e-03,3.333333333333333981e-03,4.847533632286994687e-03,1.277904102817598031e-02
8.780487804878047906e-03,3.333333333333333981e-03,4.847533632286994687e-03,1.277904102817598031e-02
8.780487804878047906e-03,3.333333333333333981e-03,4.847533632286994687e-03,1.277904102817598031e-02
8.780487804878047906e-03,3.333333333333333981e-03,4.847533632286994687e-03,1.277904102817598031e-02
8.780487804878047906e-03,3.333333333333333981e-03,4.847533632286994687e-03,1.277904102817598031e-02
8.780487804878047906e-03,3.333333333333333981e-03,4.847533632286994687e-03,1.277904102817598031e-02
8.780487804878047906e-03,3.333333333333333981e-03,4.847533632286994687e-03,1.277904102817598031e-02
8.780487804878047906e-03,3.333333333333333981e-03,4.847533632286994687e-03,1.277904102817598031e-02
8.780487804878047906e-03,3.333333333333333981e-03,4.847533632286994687e-03,1.277904102817598031e-02
8.780487804878047906e-03,3.333333333333333981e-03,4.847533632286994687e-03,1.277904102817598031e-02
8.780487804878047906e-03,3.333333333333333981e-03,4.847533632286994687e-03,1.277904102817598031e-02
8.780487804878047906e-03,3.333333333333333981e-03,4.847533632286994687e-03,1.277904102817598031e-02
8.780487804878047906e-03,3.333333333333333981e-03,4.847533632286994687e-03,1.277904102817598031e-02
8.780487804878047906e-03,3.333333333333333981e-03,4.847533632286994687e-03,1.277904102817598031e-02
8.780487804878047906e-03,3.333333333333333981e-03,4.847533632286994687e-03,1.277904102817598031e-02
8.780487804878047906e-03,3.333333333333333981e-03,4.847533632286994687e-03,1.277904102817598031e-02
8.780487804878047906e-03,3.333333333333333981e-03,4.847533632286994687e-03,1.277904102817598031e-02
8.780487804878047906e-03,3.333333333333333981e-03,4.847533632286994687e-03,1.277904102817598031e-02
8.780487804878047906e-03,3.333333333333333981e-03,4.847533632286994687e-03,1.277904102817598031e-02
8.780487804878047906e-03,3.333333333333333981e-03,4.847533632286994687e-03,1.277904102817598031e-02
8.780487804878047906e-03,3.333333333333333981e-03,4.847533632286994687e-03,1.277904102817598031e-02
8.780487804878047906e-03,3.333333333333333981e-03,4.847533632286994687e-03,1.277904102817598031e-02
8.780487804878047906e-03,3.333333333333333981e-03,4.847533632286994687e-03,1.277904102817598031e-02
8.780487804878047906e-03,3.333333333333333981e-03,4.847533632286994687e-03,1.277904102817598031e-02
8.780487804878047906e-03,3.333333333333333981e-03,4.847533632286994687e-03,1.277904102817598031e-02
8.780487804878047906e-03,3.333333333333333981e-03,4.847533632286994687e-03,1.277904102817598031e-02
8.780487804878047906e-03,3.333333333333333981e-03,4.847533632286994687e-03,1.277904102817598031e-02
8.780487804878047906e-03,3.333333333333333981e-03,4.847533632286994687e-03,1.277904102817598031e-02
8.780487804878047906e-03,3.333333333333333981e-03,4.847533632286994687e-03,1.277904102817598031e-02
8.780487804878047906e-03,3.333333333333333981e-03,4.847533632286994687e-03,1.277904102817598031e-02
8.780487804878047906e-03,3.333333333333333981e-03,4.847533632286994687e-03,1.277904102817598031e-02
8.780487804878047906e-03,3.333333333333333981e-03,4.847533632286994687e-03,1.277904102817598031e-02
8.780487804878047906e-03,3.333333333333333981e-03,4.847533632286994687e-03,1.277904102817598031e-02
8.780487804878047906e-03,3.333333333333333981e-03,4.847533632286994687e-03,1.277904102817598031e-02
8.780487804878047906e-03,3.333333333333333981e-03,4.847533632286994687e-03,1.277904102817598031e-02
8.780487804878047906e-03,3.333333333333333981e-03,4.847533632286994687e-03,1.277904102817598031e-02
8.780487804878047906e-03,3.333333333333333981e-03,4.847533632286994687e-03,1.277904102817598031e-02
8.780487804878047906e-03,3.333333333333333981e-03,4.847533632286994687e-03,1.277904102817598031e-02
8.780487804878047906e-03,3.333333333333333981e-03,4.847533632286994687e-03,1.277904102817598031e-02
8.780487804878047906e-03,3.333333333333333981e-03,4.847533632286994687e-03,1.277904102817598031e-02
8.780487804878047906e-03,3.333333333333333981e-03,4.847533632286994687e-03,1.277904102817598031e-02
8.780487804878047906e-03,3.333333333333333981e-03,4.847533632286994687e-03,1.277904102817598031e-02
8.780487804878047906e-03,3.333333333333333981e-03,4.847533632286994687e-03,1.277904102817598031e-02
8.780487804878047906e-03,3.333333333333333981e-03,4.847533632286994687e-03,1.277904102817598031e-02
8.780487804878047906e-03,3.333333333333333981e-03,4.847533632286994687e-03,1.277904102817598031e-02
8.780487804878047906e-03,3.333333333333333981e-03,4.847533632286994687e-03,1.277904102817598031e-02
8.780487804878047906e-03,3.333333333333333981e-03,4.847533632286994687e-03,1.277904102817598031e-02
8.780487804878047906e-03,3.333333333333333981e-03,4.847533632286994687e-03,1.277904102817598031e-02
8.780487804878047906e-03,3.333333333333333981e-03,4.847533632286994687e-03,1.277904102817598031e-02
8.780487804878047906e-03,3.333333333333333981e-03,4.847533632286994687e-03,1.277904102817598031e-02
8.780487804878047906e-03,3.333333333333333981e-03,4.847533632286994687e-03,1.277904102817598031e-02
8.780487804878047906e-03,3.333333333333333981e-03,4.847533632286994687e-03,1.277904102817598031e-02
8.780487804878047906e-03,3.333333333333333981e-03,4.847533632286994687e-03,1.277904102817598031e-02
8.780487804878047906e-03,3.333333333333333981e-03,4.847533632286994687e-03,1.277904102817598031e-02
8.780487804878047906e-03,3.333333333333333981e-03,4.847533632286994687e-03,1.277904102817598031e-02
8.780487804878047906e-03,3.333333333333333981e-03,4.847533632286994687e-03,1.277904102817598031e-02
8.780487804878047906e-03,3.333333333333333981e-03,4.847533632286994687e-03,1.277904102817598031e-02
8.780487804878047906e-03,3.333333333333333981e-03,4.847533632286994687e-03,1.277904102817598031e-02
8.780487804878047906e-03,3.333333333333333981e-03,4.847533632286994687e-03,1.277904102817598031e-02
8.780487804878047906e-03,3.333333333333333981e-03,4.847533632286994687e-03,1.277904102817598031e-02
8.780487804878047906e-03,3.333333333333333981e-03,4.847533632286994687e-03,1.277904102817598031e-02
8.780487804878047906e-03,3.333333333333333981e-03,4.847533632286994687e-03,1.277904102817598031e-02
8.780487804878047906e-03,3.333333333333333981e-03,4.847533632286994687e-03,1.277904102817598031e-02
8.780487804878047906e-03,3.333333333333333981e-03,4.847533632286994687e-03,1.277904102817598031e-02
8.780487804878047906e-03,3.333333333333333981e-03,4.847533632286994687e-03,1.277904102817598031e-02
8.780487804878047906e-03,3.333333333333333981e-03,4.847533632286994687e-03,1.277904102817598031e-02
8.780487804878047906e-03,3.333333333333333981e-03,4.847533632286994687e-03,1.277904102817598031e-02
8.780487804878047906e-03,3.333333333333333981e-03,4.847533632286994687e-03,1.277904102817598031e-02
8.780487804878047906e-03,3.333333333333333981e-03,4.847533632286994687e-03,1.277904102817598031e-02
8.780487804878047906e-03,3.333333333333333981e-03,4.847533632286994687e-03,1.277904102817598031e-02
8.780487804878047906e-03,3.333333333333333981e-03,4.847533632286994687e-03,1.277904102817598031e-02
8.780487804878047906e-03,3.333333333333333981e-03,4.847533632286994687e-03,1.277904102817598031e-02
8.780487804878047906e-03,3.333333333333333981e-03,4.847533632286994687e-03,1.277904102817598031e-02
8.780487804878047906e-03,3.333333333333333981e-03,4.847533632286994687e-03,1.277904102817598031e-02
8.780487804878047906e-03,3.333333333333333981e-03,4.847533632286994687e-03,1.277904102817598031e-02
8.780487804878047906e-03,3.333333333333333981e-03,4.847533632286994687e-03,1.277904102817598031e-02
8.780487804878047906e-03,3.333333333333333981e-03,4.847533632286994687e-03,1.277904102817598031e-02
8.780487804878047906e-03,3.333333333333333981e-03,4.847533632286994687e-03,1.277904102817598031e-02
8.780487804878047906e-03,3.333333333333333981e-03,4.847533632286994687e-03,1.277904102817598031e-02
8.780487804878047906e-03,3.333333333333333981e-03,4.847533632286994687e-03,1.277904102817598031e-02
8.780487804878047906e-03,3.333333333333333981e-03,4.847533632286994687e-03,1.277904102817598031e-02
8.780487804878047906e-03,3.333333333333333981e-03,4.847533632286994687e-03,1.277904102817598031e-02
8.780487804878047906e-03,3.333333333333333981e-03,4.847533632286994687e-03,1.277904102817598031e-02
8.780487804878047906e-03,3.333333333333333981e-03,4.847533632286994687e-03,1.277904102817598031e-02
8.780487804878047906e-03,3.333333333333333981e-03,4.847533632286994687e-03,1.277904102817598031e-02
8.780487804878047906e-03,3.333333333333333981e-03,4.847533632286994687e-03,1.277904102817598031e-02
8.780487804878047906e-03,3.333333333333333981e-03,4.847533632286994687e-03,1.277904102817598031e-02
8.780487804878047906e-03,3.333333333333333981e-03,4.847533632286994687e-03,1.277904102817598031e-02
8.780487804878047906e-03,3.333333333333333981e-03,4.847533632286994687e-03,1.277904102817598031e-02
8.780487804878047906e-03,3.333333333333333981e-03,4.847533632286994687e-03,1.277904102817598031e-02
8.780487804878047906e-03,3.333333333333333981e-03,4.847533632286994687e-03,1.277904102817598031e-02
8.780487804878047906e-03,3.333333333333333981e-03,4.847533632286994687e-03,1.277904102817598031e-02
8.780487804878047906e-03,3.333333333333333981e-03,4.847533632286994687e-03,1.277904102817598031e-02
8.780487804878047906e-03,3.333333333333333981e-03,4.847533632286994687e-03,1.277904102817598031e-02
8.780487804878047906e-03,3.333333333333333981e-03,4.847533632286994687e-03,1.277904102817598031e-02
8.780487804878047906e-03,3.333333333333333981e-03,4.847533632286994687e-03,1.277904102817598031e-02
8.780487804878047906e-03,3.333333333333333981e-03,4.847533632286994687e-03,1.277904102817598031e-02
8.780487804878047906e-03,3.333333333333333981e-03,4.847533632286994687e-03,1.277904102817598031e-02
8.780487804878047906e-03,3.333333333333333981e-03,4.847533632286994687e-03,1.277904102817598031e-02
8.780487804878047906e-03,3.333333333333333981e-03,4.847533632286994687e-03,1.277904102817598031e-02
8.780487804878047906e-03,3.333333333333333981e-03,4.847533632286994687e-03,1.277904102817598031e-02
8.780487804878047906e-03,3.333333333333333981e-03,4.847533632286994687e-03,1.277904102817598031e-02
8.780487804878047906e-03,3.333333333333333981e-03,4.847533632286994687e-03,1.277904102817598031e-02
8.780487804878047906e-03,3.333333333333333981e-03,4.847533632286994687e-03,1.277904102817598031e-02
8.780487804878047906e-03,3.333333333333333981e-03,4.847533632286994687e-03,1.277904102817598031e-02
8.780487804878047906e-03,3.333333333333333981e-03,4.847533632286994687e-03,1.277904102817598031e-02
8.780487804878047906e-03,3.333333333333333981e-03,4.847533632286994687e-03,1.277904102817598031e-02
8.780487804878047906e-03,3.333333333333333981e-03,4.847533632286994687e-03,1.277904102817598031e-02
8.780487804878047906e-03,3.333333333333333981e-03,4.847533632286994687e-03,1.277904102817598031e-02
8.780487804878047906e-03,3.333333333333333981e-03,4.847533632286994687e-03,1.277904102817598031e-02
8.780487804878047906e-03,3.333333333333333981e-03,4.847533632286994687e-03,1.277904102817598031e-02
8.780487804878047906e-03,3.333333333333333981e-03,4.847533632286994687e-03,1.277904102817598031e-02
8.780487804878047906e-03,3.333333333333333981e-03,4.847533632286994687e-03,1.277904102817598031e-02
8.780487804878047906e-03,3.333333333333333981e-03,4.847533632286994687e-03,1.277904102817598031e-02
8.780487804878047906e-03,3.333333333333333981e-03,4.847533632286994687e-03,1.277904102817598031e-02
8.780487804878047906e-03,3.333333333333333981e-03,4.847533632286994687e-03,1.277904102817598031e-02
8.780487804878047906e-03,3.333333333333333981e-03,4.847533632286994687e-03,1.277904102817598031e-02
8.780487804878047906e-03,3.333333333333333981e-03,4.847533632286994687e-03,1.277904102817598031e-02
8.780487804878047906e-03,3.333333333333333981e-03,4.847533632286994687e-03,1.277904102817598031e-02
8.780487804878047906e-03,3.333333333333333981e-03,4.847533632286994687e-03,1.277904102817598031e-02
8.780487804878047906e-03,3.333333333333333981e-03,4.847533632286994687e-03,1.277904102817598031e-02
8.780487804878047906e-03,3.333333333333333981e-03,4.847533632286994687e-03,1.277904102817598031e-02
8.780487804878047906e-03,3.333333333333333981e-03,4.847533632286994687e-03,1.277904102817598031e-02
8.780487804878047906e-03,3.333333333333333981e-03,4.847533632286994687e-03,1.277904102817598031e-02
8.780487804878047906e-03,3.333333333333333981e-03,4.847533632286994687e-03,1.277904102817598031e-02
8.780487804878047906e-03,3.333333333333333981e-03,4.847533632286994687e-03,1.277904102817598031e-02
8.780487804878047906e-03,3.333333333333333981e-03,4.847533632286994687e-03,1.277904102817598031e-02
8.780487804878047906e-03,3.333333333333333981e-03,4.847533632286994687e-03,1.277904102817598031e-02
8.780487804878047906e-03,3.333333333333333981e-03,4.847533632286994687e-03,1.277904102817598031e-02
8.780487804878047906e-03,3.333333333333333981e-03,4.847533632286994687e-03,1.277904102817598031e-02
8.780487804878047906e-03,3.333333333333333981e-03,4.847533632286994687e-03,1.277904102817598031e-02
8.780487804878047906e-03,3.333333333333333981e-03,4.847533632286994687e-03,1.277904102817598031e-02
8.780487804878047906e-03,3.333333333333333981e-03,4.847533632286994687e-03,1.277904102817598031e-02
8.780487804878047906e-03,3.333333333333333981e-03,4.847533632286994687e-03,1.277904102817598031e-02
8.780487804878047906e-03,3.333333333333333981e-03,4.847533632286994687e-03,1.277904102817598031e-02
8.780487804878047906e-03,3.333333333333333981e-03,4.847533632286994687e-03,1.277904102817598031e-02
8.780487804878047906e-03,3.333333333333333981e-03,4.847533632286994687e-03,1.277904102817598031e-02
8.780487804878047906e-03,3.333333333333333981e-03,4.847533632286994687e-03,1.277904102817598031e-02
8.780487804878047906e-03,3.333333333333333981e-03,4.847533632286994687e-03,1.277904102817598031e-02
8.780487804878047906e-03,3.333333333333333981e-03,4.847533632286994687e-03,1.277904102817598031e-02
8.780487804878047906e-03,3.333333333333333981e-03,4.847533632286994687e-03,1.277904102817598031e-02
8.780487804878047906e-03,3.333333333333333981e-03,4.847533632286994687e-03,1.277904102817598031e-02
8.780487804878047906e-03,3.333333333333333981e-03,4.847533632286994687e-03,1.277904102817598031e-02
8.780487804878047906e-03,3.333333333333333981e-03,4.847533632286994687e-03,1.277904102817598031e-02
8.780487804878047906e-03,3.333333333333333981e-03,4.847533632286994687e-03,1.277904102817598031e-02
8.780487804878047906e-03,3.333333333333333981e-03,4.847533632286994687e-03,1.277904102817598031e-02
8.780487804878047906e-03,3.333333333333333981e-03,4.847533632286994687e-03,1.277904102817598031e-02
8.780487804878047906e-03,3.333333333333333981e-03,4.847533632286994687e-03,1.277904102817598031e-02
8.780487804878047906e-03,3.333333333333333981e-03,4.847533632286994687e-03,1.277904102817598031e-02
8.780487804878047906e-03,3.333333333333333981e-03,4.847533632286994687e-03,1.277904102817598031e-02
8.780487804878047906e-03,3.333333333333333981e-03,4.847533632286994687e-03,1.277904102817598031e-02
8.780487804878047906e-03,3.333333333333333981e-03,4.847533632286994687e-03,1.277904102817598031e-02
8.780487804878047906e-03,3.333333333333333981e-03,4.847533632286994687e-03,1.277904102817598031e-02
8.780487804878047906e-03,3.333333333333333981e-03,4.847533632286994687e-03,1.277904102817598031e-02
8.780487804878047906e-03,3.333333333333333981e-03,4.847533632286994687e-03,1.277904102817598031e-02
8.780487804878047906e-03,3.333333333333333981e-03,4.847533632286994687e-03,1.277904102817598031e-02
8.780487804878047906e-03,3.333333333333333981e-03,4.847533632286994687e-03,1.277904102817598031e-02
8.780487804878047906e-03,3.333333333333333981e-03,4.847533632286994687e-03,1.277904102817598031e-02
8.780487804878047906e-03,3.333333333333333981e-03,4.847533632286994687e-03,1.277904102817598031e-02
8.780487804878047906e-03,3.333333333333333981e-03,4.847533632286994687e-03,1.277904102817598031e-02
8.780487804878047906e-03,3.333333333333333981e-03,4.847533632286994687e-03,1.277904102817598031e-02
8.780487804878047906e-03,3.333333333333333981e-03,4.847533632286994687e-03,1.277904102817598031e-02
8.780487804878047906e-03,3.333333333333333981e-03,4.847533632286994687e-03,1.277904102817598031e-02
8.780487804878047906e-03,3.333333333333333981e-03,4.847533632286994687e-03,1.277904102817598031e-02
8.780487804878047906e-03,3.333333333333333981e-03,4.847533632286994687e-03,1.277904102817598031e-02
8.780487804878047906e-03,3.333333333333333981e-03,4.847533632286994687e-03,1.277904102817598031e-02
8.780487804878047906e-03,3.333333333333333981e-03,4.847533632286994687e-03,1.277904102817598031e-02
8.780487804878047906e-03,3.333333333333333981e-03,4.847533632286994687e-03,1.277904102817598031e-02
8.780487804878047906e-03,3.333333333333333981e-03,4.847533632286994687e-03,1.277904102817598031e-02
8.780487804878047906e-03,3.333333333333333981e-03,4.847533632286994687e-03,1.277904102817598031e-02
8.780487804878047906e-03,3.333333333333333981e-03,4.847533632286994687e-03,1.277904102817598031e-02
8.780487804878047906e-03,3.333333333333333981e-03,4.847533632286994687e-03,1.277904102817598031e-02
8.780487804878047906e-03,3.333333333333333981e-03,4.847533632286994687e-03,1.277904102817598031e-02
8.780487804878047906e-03,3.333333333333333981e-03,4.847533632286994687e-03,1.277904102817598031e-02
8.780487804878047906e-03,3.333333333333333981e-03,4.847533632286994687e-03,1.277904102817598031e-02
8.780487804878047906e-03,3.333333333333333981e-03,4.847533632286994687e-03,1.277904102817598031e-02
8.780487804878047906e-03,3.333333333333333981e-03,4.847533632286994687e-03,1.277904102817598031e-02
8.780487804878047906e-03,3.333333333333333981e-03,4.847533632286994687e-03,1.277904102817598031e-02
8.780487804878047906e-03,3.333333333333333981e-03,4.847533632286994687e-03,1.277904102817598031e-02
8.780487804878047906e-03,3.333333333333333981e-03,4.847533632286994687e-03,1.277904102817598031e-02
8.780487804878047906e-03,3.333333333333333981e-03,4.847533632286994687e-03,1.277904102817598031e-02
8.780487804878047906e-03,3.333333333333333981e-03,4.847533632286994687e-03,1.277904102817598031e-02
8.780487804878047906e-03,3.333333333333333981e-03,4.847533632286994687e-03,1.277904102817598031e-02
8.780487804878047906e-03,3.333333333333333981e-03,4.847533632286994687e-03,1.277904102817598031e-02
8.780487804878047906e-03,3.333333333333333981e-03,4.847533632286994687e-03,1.277904102817598031e-02
8.780487804878047906e-03,3.333333333333333981e-03,4.847533632286994687e-03,1.277904102817598031e-02
8.780487804878047906e-03,3.333333333333333981e-03,4.847533632286994687e-03,1.277904102817598031e-02
8.780487804878047906e-03,3.333333333333333981e-03,4.847533632286994687e-03,1.277904102817598031e-02
8.780487804878047906e-03,3.333333333333333981e-03,4.847533632286994687e-03,1.277904102817598031e-02
8.780487804878047906e-03,3.333333333333333981e-03,4.847533632286994687e-03,1.277904102817598031e-02
8.780487804878047906e-03,3.333333333333333981e-03,4.847533632286994687e-03,1.277904102817598031e-02
8.780487804878047906e-03,3.333333333333333981e-03,4.847533632286994687e-03,1.277904102817598031e-02
8.780487804878047906e-03,3.333333333333333981e-03,4.847533632286994687e-03,1.277904102817598031e-02
8.780487804878047906e-03,3.333333333333333981e-03,4.847533632286994687e-03,1.277904102817598031e-02
8.780487804878047906e-03,3.333333333333333981e-03,4.847533632286994687e-03,1.277904102817598031e-02
8.780487804878047906e-03,3.333333333333333981e-03,4.847533632286994687e-03,1.277904102817598031e-02
8.780487804878047906e-03,3.333333333333333981e-03,4.847533632286994687e-03,1.277904102817598031e-02
8.780487804878047906e-03,3.333333333333333981e-03,4.847533632286994687e-03,1.277904102817598031e-02
8.780487804878047906e-03,3.333333333333333981e-03,4.847533632286994687e-03,1.277904102817598031e-02
8.780487804878047906e-03,3.333333333333333981e-03,4.847533632286994687e-03,1.277904102817598031e-02
8.780487804878047906e-03,3.333333333333333981e-03,4.847533632286994687e-03,1.277904102817598031e-02
8.780487804878047906e-03,3.333333333333333981e-03,4.847533632286994687e-03,1.277904102817598031e-02
8.780487804878047906e-03,3.333333333333333981e-03,4.847533632286994687e-03,1.277904102817598031e-02
8.780487804878047906e-03,3.333333333333333981e-03,4.847533632286994687e-03,1.277904102817598031e-02
8.780487804878047906e-03,3.333333333333333981e-03,4.847533632286994687e-03,1.277904102817598031e-02
8.780487804878047906e-03,3.333333333333333981e-03,4.847533632286994687e-03,1.277904102817598031e-02
8.780487804878047906e-03,3.333333333333333981e-03,4.847533632286994687e-03,1.277904102817598031e-02
8.780487804878047906e-03,3.333333333333333981e-03,4.847533632286994687e-03,1.277904102817598031e-02
8.780487804878047906e-03,3.333333333333333981e-03,4.847533632286994687e-03,1.277904102817598031e-02
8.780487804878047906e-03,3.333333333333333981e-03,4.847533632286994687e-03,1.277904102817598031e-02
8.780487804878047906e-03,3.333333333333333981e-03,4.847533632286994687e-03,1.277904102817598031e-02
8.780487804878047906e-03,3.333333333333333981e-03,4.847533632286994687e-03,1.277904102817598031e-02
8.780487804878047906e-03,3.333333333333333981e-03,4.847533632286994687e-03,1.277904102817598031e-02
8.780487804878047906e-03,3.333333333333333981e-03,4.847533632286994687e-03,1.277904102817598031e-02
8.780487804878047906e-03,3.333333333333333981e-03,4.847533632286994687e-03,1.277904102817598031e-02
8.780487804878047906e-03,3.333333333333333981e-03,4.847533632286994687e-03,1.277904102817598031e-02
8.780487804878047906e-03,3.333333333333333981e-03,4.847533632286994687e-03,1.277904102817598031e-02
8.780487804878047906e-03,3.333333333333333981e-03,4.847533632286994687e-03,1.277904102817598031e-02
8.780487804878047906e-03,3.333333333333333981e-03,4.847533632286994687e-03,1.277904102817598031e-02
8.780487804878047906e-03,3.333333333333333981e-03,4.847533632286994687e-03,1.277904102817598031e-02
8.780487804878047906e-03,3.333333333333333981e-03,4.847533632286994687e-03,1.277904102817598031e-02
8.780487804878047906e-03,3.333333333333333981e-03,4.847533632286994687e-03,1.277904102817598031e-02
8.780487804878047906e-03,3.333333333333333981e-03,4.847533632286994687e-03,1.277904102817598031e-02
8.780487804878047906e-03,3.333333333333333981e-03,4.847533632286994687e-03,1.277904102817598031e-02
8.780487804878047906e-03,3.333333333333333981e-03,4.847533632286994687e-03,1.277904102817598031e-02
8.780487804878047906e-03,3.333333333333333981e-03,4.847533632286994687e-03,1.277904102817598031e-02
8.780487804878047906e-03,3.333333333333333981e-03,4.847533632286994687e-03,1.277904102817598031e-02
8.780487804878047906e-03,3.333333333333333981e-03,4.847533632286994687e-03,1.277904102817598031e-02
8.780487804878047906e-03,3.333333333333333981e-03,4.847533632286994687e-03,1.277904102817598031e-02
8.780487804878047906e-03,3.333333333333333981e-03,4.847533632286994687e-03,1.277904102817598031e-02
8.780487804878047906e-03,3.333333333333333981e-03,4.847533632286994687e-03,1.277904102817598031e-02
8.780487804878047906e-03,3.333333333333333981e-03,4.847533632286994687e-03,1.277904102817598031e-02
8.780487804878047906e-03,3.333333333333333981e-03,4.847533632286994687e-03,1.277904102817598031e-02
8.780487804878047906e-03,3.333333333333333981e-03,4.847533632286994687e-03,1.277904102817598031e-02
8.780487804878047906e-03,3.333333333333333981e-03,4.847533632286994687e-03,1.277904102817598031e-02
8.780487804878047906e-03,3.333333333333333981e-03,4.847533632286994687e-03,1.277904102817598031e-02
8.780487804878047906e-03,3.333333333333333981e-03,4.847533632286994687e-03,1.277904102817598031e-02
8.780487804878047906e-03,3.333333333333333981e-03,4.847533632286994687e-03,1.277904102817598031e-02
8.780487804878047906e-03,3.333333333333333981e-03,4.847533632286994687e-03,1.277904102817598031e-02
8.780487804878047906e-03,3.333333333333333981e-03,4.847533632286994687e-03,1.277904102817598031e-02
8.780487804878047906e-03,3.333333333333333981e-03,4.847533632286994687e-03,1.277904102817598031e-02
8.780487804878047906e-03,3.333333333333333981e-03,4.847533632286994687e-03,1.277904102817598031e-02
8.780487804878047906e-03,3.333333333333333981e-03,4.847533632286994687e-03,1.277904102817598031e-02
8.780487804878047906e-03,3.333333333333333981e-03,4.847533632286994687e-03,1.277904102817598031e-02
8.780487804878047906e-03,3.333333333333333981e-03,4.847533632286994687e-03,1.277904102817598031e-02
8.780487804878047906e-03,3.333333333333333981e-03,4.847533632286994687e-03,1.277904102817598031e-02
8.780487804878047906e-03,3.333333333333333981e-03,4.847533632286994687e-03,1.277904102817598031e-02
8.780487804878047906e-03,3.333333333333333981e-03,4.847533632286994687e-03,1.277904102817598031e-02
8.780487804878047906e-03,3.333333333333333981e-03,4.847533632286994687e-03,1.277904102817598031e-02
8.780487804878047906e-03,3.333333333333333981e-03,4.847533632286994687e-03,1.277904102817598031e-02
8.780487804878047906e-03,3.333333333333333981e-03,4.847533632286994687e-03,1.277904102817598031e-02
8.780487804878047906e-03,3.333333333333333981e-03,4.847533632286994687e-03,1.277904102817598031e-02
8.780487804878047906e-03,3.333333333333333981e-03,4.847533632286994687e-03,1.277904102817598031e-02
8.780487804878047906e-03,3.333333333333333981e-03,4.847533632286994687e-03,1.277904102817598031e-02
8.780487804878047906e-03,3.333333333333333981e-03,4.847533632286994687e-03,1.277904102817598031e-02
8.780487804878047906e-03,3.333333333333333981e-03,4.847533632286994687e-03,1.277904102817598031e-02
8.780487804878047906e-03,3.333333333333333981e-03,4.847533632286994687e-03,1.277904102817598031e-02
8.780487804878047906e-03,3.333333333333333981e-03,4.847533632286994687e-03,1.277904102817598031e-02
8.780487804878047906e-03,3.333333333333333981e-03,4.847533632286994687e-03,1.277904102817598031e-02
8.780487804878047906e-03,3.333333333333333981e-03,4.847533632286994687e-03,1.277904102817598031e-02
8.780487804878047906e-03,3.333333333333333981e-03,4.847533632286994687e-03,1.277904102817598031e-02
8.780487804878047906e-03,3.333333333333333981e-03,4.847533632286994687e-03,1.277904102817598031e-02
8.780487804878047906e-03,3.333333333333333981e-03,4.847533632286994687e-03,1.277904102817598031e-02
8.780487804878047906e-03,3.333333333333333981e-03,4.847533632286994687e-03,1.277904102817598031e-02
8.780487804878047906e-03,3.333333333333333981e-03,4.847533632286994687e-03,1.277904102817598031e-02
8.780487804878047906e-03,3.333333333333333981e-03,4.847533632286994687e-03,1.277904102817598031e-02
8.780487804878047906e-03,3.333333333333333981e-03,4.847533632286994687e-03,1.277904102817598031e-02
8.780487804878047906e-03,3.333333333333333981e-03,4.847533632286994687e-03,1.277904102817598031e-02
8.780487804878047906e-03,3.333333333333333981e-03,4.847533632286994687e-03,1.277904102817598031e-02
8.780487804878047906e-03,3.333333333333333981e-03,4.847533632286994687e-03,1.277904102817598031e-02
8.780487804878047906e-03,3.333333333333333981e-03,4.847533632286994687e-03,1.277904102817598031e-02
8.780487804878047906e-03,3.333333333333333981e-03,4.847533632286994687e-03,1.277904102817598031e-02
8.780487804878047906e-03,3.333333333333333981e-03,4.847533632286994687e-03,1.277904102817598031e-02
8.780487804878047906e-03,3.333333333333333981e-03,4.847533632286994687e-03,1.277904102817598031e-02
8.780487804878047906e-03,3.333333333333333981e-03,4.847533632286994687e-03,1.277904102817598031e-02
8.780487804878047906e-03,3.333333333333333981e-03,4.847533632286994687e-03,1.277904102817598031e-02
8.780487804878047906e-03,3.333333333333333981e-03,4.847533632286994687e-03,1.277904102817598031e-02
8.780487804878047906e-03,3.333333333333333981e-03,4.847533632286994687e-03,1.277904102817598031e-02
8.780487804878047906e-03,3.333333333333333981e-03,4.847533632286994687e-03,1.277904102817598031e-02
8.780487804878047906e-03,3.333333333333333981e-03,4.847533632286994687e-03,1.277904102817598031e-02
8.780487804878047906e-03,3.333333333333333981e-03,4.847533632286994687e-03,1.277904102817598031e-02
8.780487804878047906e-03,3.333333333333333981e-03,4.847533632286994687e-03,1.277904102817598031e-02
8.780487804878047906e-03,3.333333333333333981e-03,4.847533632286994687e-03,1.277904102817598031e-02
8.780487804878047906e-03,3.333333333333333981e-03,4.847533632286994687e-03,1.277904102817598031e-02
8.780487804878047906e-03,3.333333333333333981e-03,4.847533632286994687e-03,1.277904102817598031e-02
8.780487804878047906e-03,3.333333333333333981e-03,4.847533632286994687e-03,1.277904102817598031e-02
8.780487804878047906e-03,3.333333333333333981e-03,4.847533632286994687e-03,1.277904102817598031e-02
8.780487804878047906e-03,3.333333333333333981e-03,4.847533632286994687e-03,1.277904102817598031e-02
8.780487804878047906e-03,3.333333333333333981e-03,4.847533632286994687e-03,1.277904102817598031e-02
8.780487804878047906e-03,3.333333333333333981e-03,4.847533632286994687e-03,1.277904102817598031e-02
8.780487804878047906e-03,3.333333333333333981e-03,4.847533632286994687e-03,1.277904102817598031e-02
8.780487804878047906e-03,3.333333333333333981e-03,4.847533632286994687e-03,1.277904102817598031e-02
8.780487804878047906e-03,3.333333333333333981e-03,4.847533632286994687e-03,1.277904102817598031e-02
8.780487804878047906e-03,3.333333333333333981e-03,4.847533632286994687e-03,1.277904102817598031e-02
8.780487804878047906e-03,3.333333333333333981e-03,4.847533632286994687e-03,1.277904102817598031e-02
8.780487804878047906e-03,3.333333333333333981e-03,4.847533632286994687e-03,1.277904102817598031e-02
8.780487804878047906e-03,3.333333333333333981e-03,4.847533632286994687e-03,1.277904102817598031e-02
8.780487804878047906e-03,3.333333333333333981e-03,4.847533632286994687e-03,1.277904102817598031e-02
8.780487804878047906e-03,3.333333333333333981e-03,4.847533632286994687e-03,1.277904102817598031e-02
8.780487804878047906e-03,3.333333333333333981e-03,4.847533632286994687e-03,1.277904102817598031e-02
8.780487804878047906e-03,3.333333333333333981e-03,4.847533632286994687e-03,1.277904102817598031e-02
8.780487804878047906e-03,3.333333333333333981e-03,4.847533632286994687e-03,1.277904102817598031e-02
8.780487804878047906e-03,3.333333333333333981e-03,4.847533632286994687e-03,1.277904102817598031e-02
8.780487804878047906e-03,3.333333333333333981e-03,4.847533632286994687e-03,1.277904102817598031e-02
8.780487804878047906e-03,3.333333333333333981e-03,4.847533632286994687e-03,1.277904102817598031e-02
8.780487804878047906e-03,3.333333333333333981e-03,4.847533632286994687e-03,1.277904102817598031e-02
8.780487804878047906e-03,3.333333333333333981e-03,4.847533632286994687e-03,1.277904102817598031e-02
8.780487804878047906e-03,3.333333333333333981e-03,4.847533632286994687e-03,1.277904102817598031e-02
8.780487804878047906e-03,3.333333333333333981e-03,4.847533632286994687e-03,1.277904102817598031e-02
8.780487804878047906e-03,3.333333333333333981e-03,4.847533632286994687e-03,1.277904102817598031e-02
8.780487804878047906e-03,3.333333333333333981e-03,4.847533632286994687e-03,1.277904102817598031e-02
8.780487804878047906e-03,3.333333333333333981e-03,4.847533632286994687e-03,1.277904102817598031e-02
8.780487804878047906e-03,3.333333333333333981e-03,4.847533632286994687e-03,1.277904102817598031e-02
8.780487804878047906e-03,3.333333333333333981e-03,4.847533632286994687e-03,1.277904102817598031e-02
8.780487804878047906e-03,3.333333333333333981e-03,4.847533632286994687e-03,1.277904102817598031e-02
8.780487804878047906e-03,3.333333333333333981e-03,4.847533632286994687e-03,1.277904102817598031e-02
8.780487804878047906e-03,3.333333333333333981e-03,4.847533632286994687e-03,1.277904102817598031e-02
8.780487804878047906e-03,3.333333333333333981e-03,4.847533632286994687e-03,1.277904102817598031e-02
8.780487804878047906e-03,3.333333333333333981e-03,4.847533632286994687e-03,1.277904102817598031e-02
8.780487804878047906e-03,3.333333333333333981e-03,4.847533632286994687e-03,1.277904102817598031e-02
8.780487804878047906e-03,3.333333333333333981e-03,4.847533632286994687e-03,1.277904102817598031e-02
8.780487804878047906e-03,3.333333333333333981e-03,4.847533632286994687e-03,1.277904102817598031e-02
8.780487804878047906e-03,3.333333333333333981e-03,4.847533632286994687e-03,1.277904102817598031e-02
8.780487804878047906e-03,3.333333333333333981e-03,4.847533632286994687e-03,1.277904102817598031e-02
8.780487804878047906e-03,3.333333333333333981e-03,4.847533632286994687e-03,1.277904102817598031e-02
8.780487804878047906e-03,3.333333333333333981e-03,4.847533632286994687e-03,1.277904102817598031e-02
8.780487804878047906e-03,3.333333333333333981e-03,4.847533632286994687e-03,1.277904102817598031e-02
8.780487804878047906e-03,3.333333333333333981e-03,4.847533632286994687e-03,1.277904102817598031e-02
8.780487804878047906e-03,3.333333333333333981e-03,4.847533632286994687e-03,1.277904102817598031e-02
8.780487804878047906e-03,3.333333333333333981e-03,4.847533632286994687e-03,1.277904102817598031e-02
8.780487804878047906e-03,3.333333333333333981e-03,4.847533632286994687e-03,1.277904102817598031e-02
8.780487804878047906e-03,3.333333333333333981e-03,4.847533632286994687e-03,1.277904102817598031e-02
8.780487804878047906e-03,3.333333333333333981e-03,4.847533632286994687e-03,1.277904102817598031e-02
8.780487804878047906e-03,3.333333333333333981e-03,4.847533632286994687e-03,1.277904102817598031e-02
8.780487804878047906e-03,3.333333333333333981e-03,4.847533632286994687e-03,1.277904102817598031e-02
8.780487804878047906e-03,3.333333333333333981e-03,4.847533632286994687e-03,1.277904102817598031e-02
8.780487804878047906e-03,3.333333333333333981e-03,4.847533632286994687e-03,1.277904102817598031e-02
8.780487804878047906e-03,3.333333333333333981e-03,4.847533632286994687e-03,1.277904102817598031e-02
8.780487804878047906e-03,3.333333333333333981e-03,4.847533632286994687e-03,1.277904102817598031e-02
8.780487804878047906e-03,3.333333333333333981e-03,4.847533632286994687e-03,1.277904102817598031e-02
8.780487804878047906e-03,3.333333333333333981e-03,4.847533632286994687e-03,1.277904102817598031e-02
8.780487804878047906e-03,3.333333333333333981e-03,4.847533632286994687e-03,1.277904102817598031e-02
8.780487804878047906e-03,3.333333333333333981e-03,4.847533632286994687e-03,1.277904102817598031e-02
8.780487804878047906e-03,3.333333333333333981e-03,4.847533632286994687e-03,1.277904102817598031e-02
8.780487804878047906e-03,3.333333333333333981e-03,4.847533632286994687e-03,1.277904102817598031e-02
8.780487804878047906e-03,3.333333333333333981e-03,4.847533632286994687e-03,1.277904102817598031e-02
8.780487804878047906e-03,3.333333333333333981e-03,4.847533632286994687e-03,1.277904102817598031e-02
8.780487804878047906e-03,3.333333333333333981e-03,4.847533632286994687e-03,1.277904102817598031e-02
8.780487804878047906e-03,3.333333333333333981e-03,4.847533632286994687e-03,1.277904102817598031e-02
8.780487804878047906e-03,3.333333333333333981e-03,4.847533632286994687e-03,1.277904102817598031e-02
8.780487804878047906e-03,3.333333333333333981e-03,4.847533632286994687e-03,1.277904102817598031e-02
8.780487804878047906e-03,3.333333333333333981e-03,4.847533632286994687e-03,1.277904102817598031e-02
8.780487804878047906e-03,3.333333333333333981e-03,4.847533632286994687e-03,1.277904102817598031e-02
8.780487804878047906e-03,3.333333333333333981e-03,4.847533632286994687e-03,1.277904102817598031e-02
8.780487804878047906e-03,3.333333333333333981e-03,4.847533632286994687e-03,1.277904102817598031e-02
8.780487804878047906e-03,3.333333333333333981e-03,4.847533632286994687e-03,1.277904102817598031e-02
8.780487804878047906e-03,3.333333333333333981e-03,4.847533632286994687e-03,1.277904102817598031e-02
8.780487804878047906e-03,3.333333333333333981e-03,4.847533632286994687e-03,1.277904102817598031e-02
8.780487804878047906e-03,3.333333333333333981e-03,4.847533632286994687e-03,1.277904102817598031e-02
8.780487804878047906e-03,3.333333333333333981e-03,4.847533632286994687e-03,1.277904102817598031e-02
8.780487804878047906e-03,3.333333333333333981e-03,4.847533632286994687e-03,1.277904102817598031e-02
8.780487804878047906e-03,3.333333333333333981e-03,4.847533632286994687e-03,1.277904102817598031e-02
8.780487804878047906e-03,3.333333333333333981e-03,4.847533632286994687e-03,1.277904102817598031e-02
8.780487804878047906e-03,3.333333333333333981e-03,4.847533632286994687e-03,1.277904102817598031e-02
8.780487804878047906e-03,3.333333333333333981e-03,4.847533632286994687e-03,1.277904102817598031e-02
8.780487804878047906e-03,3.333333333333333981e-03,4.847533632286994687e-03,1.277904102817598031e-02
8.780487804878047906e-03,3.333333333333333981e-03,4.847533632286994687e-03,1.277904102817598031e-02
8.780487804878047906e-03,3.333333333333333981e-03,4.847533632286994687e-03,1.277904102817598031e-02
8.780487804878047906e-03,3.333333333333333981e-03,4.847533632286994687e-03,1.277904102817598031e-02
8.780487804878047906e-03,3.333333333333333981e-03,4.847533632286994687e-03,1.277904102817598031e-02
8.780487804878047906e-03,3.333333333333333981e-03,4.847533632286994687e-03,1.277904102817598031e-02
8.780487804878047906e-03,3.333333333333333981e-03,4.847533632286994687e-03,1.277904102817598031e-02
8.780487804878047906e-03,3.333333333333333981e-03,4.847533632286994687e-03,1.277904102817598031e-02
8.780487804878047906e-03,3.333333333333333981e-03,4.847533632286994687e-03,1.277904102817598031e-02
8.780487804878047906e-03,3.333333333333333981e-03,4.847533632286994687e-03,1.277904102817598031e-02
8.780487804878047906e-03,3.333333333333333981e-03,4.847533632286994687e-03,1.277904102817598031e-02
8.780487804878047906e-03,3.333333333333333981e-03,4.847533632286994687e-03,1.277904102817598031e-02
8.780487804878047906e-03,3.333333333333333981e-03,4.847533632286994687e-03,1.277904102817598031e-02
8.780487804878047906e-03,3.333333333333333981e-03,4.847533632286994687e-03,1.277904102817598031e-02
8.780487804878047906e-03,3.333333333333333981e-03,4.847533632286994687e-03,1.277904102817598031e-02
8.780487804878047906e-03,3.333333333333333981e-03,4.847533632286994687e-03,1.277904102817598031e-02
8.780487804878047906e-03,3.333333333333333981e-03,4.847533632286994687e-03,1.277904102817598031e-02
8.780487804878047906e-03,3.333333333333333981e-03,4.847533632286994687e-03,1.277904102817598031e-02
8.780487804878047906e-03,3.333333333333333981e-03,4.847533632286994687e-03,1.277904102817598031e-02
8.780487804878047906e-03,3.333333333333333981e-03,4.847533632286994687e-03,1.277904102817598031e-02
8.780487804878047906e-03,3.333333333333333981e-03,4.847533632286994687e-03,1.277904102817598031e-02
8.780487804878047906e-03,3.333333333333333981e-03,4.847533632286994687e-03,1.277904102817598031e-02
8.780487804878047906e-03,3.333333333333333981e-03,4.847533632286994687e-03,1.277904102817598031e-02
8.780487804878047906e-03,3.333333333333333981e-03,4.847533632286994687e-03,1.277904102817598031e-02
8.780487804878047906e-03,3.333333333333333981e-03,4.847533632286994687e-03,1.277904102817598031e-02
8.780487804878047906e-03,3.333333333333333981e-03,4.847533632286994687e-03,1.277904102817598031e-02
8.780487804878047906e-03,3.333333333333333981e-03,4.847533632286994687e-03,1.277904102817598031e-02
8.780487804878047906e-03,3.333333333333333981e-03,4.847533632286994687e-03,1.277904102817598031e-02
8.780487804878047906e-03,3.333333333333333981e-03,4.847533632286994687e-03,1.277904102817598031e-02
8.780487804878047906e-03,3.333333333333333981e-03,4.847533632286994687e-03,1.277904102817598031e-02
8.780487804878047906e-03,3.333333333333333981e-03,4.847533632286994687e-03,1.277904102817598031e-02
8.780487804878047906e-03,3.333333333333333981e-03,4.847533632286994687e-03,1.277904102817598031e-02
8.780487804878047906e-03,3.333333333333333981e-03,4.847533632286994687e-03,1.277904102817598031e-02
8.780487804878047906e-03,3.333333333333333981e-03,4.847533632286994687e-03,1.277904102817598031e-02
8.780487804878047906e-03,3.333333333333333981e-03,4.847533632286994687e-03,1.277904102817598031e-02
8.780487804878047906e-03,3.333333333333333981e-03,4.847533632286994687e-03,1.277904102817598031e-02
8.780487804878047906e-03,3.333333333333333981e-03,4.847533632286994687e-03,1.277904102817598031e-02
8.780487804878047906e-03,3.333333333333333981e-03,4.847533632286994687e-03,1.277904102817598031e-02
8.780487804878047906e-03,3.333333333333333981e-03,4.847533632286994687e-03,1.277904102817598031e-02
8.780487804878047906e-03,3.333333333333333981e-03,4.847533632286994687e-03,1.277904102817598031e-02
8.780487804878047906e-03,3.333333333333333981e-03,4.847533632286994687e-03,1.277904102817598031e-02
8.780487804878047906e-03,3.333333333333333981e-03,4.847533632286994687e-03,1.277904102817598031e-02
8.780487804878047906e-03,3.333333333333333981e-03,4.847533632286994687e-03,1.277904102817598031e-02
8.780487804878047906e-03,3.333333333333333981e-03,4.847533632286994687e-03,1.277904102817598031e-02
8.780487804878047906e-03,3.333333333333333981e-03,4.847533632286994687e-03,1.277904102817598031e-02
8.780487804878047906e-03,3.333333333333333981e-03,4.847533632286994687e-03,1.277904102817598031e-02
8.780487804878047906e-03,3.333333333333333981e-03,4.847533632286994687e-03,1.277904102817598031e-02
8.780487804878047906e-03,3.333333333333333981e-03,4.847533632286994687e-03,1.277904102817598031e-02
8.780487804878047906e-03,3.333333333333333981e-03,4.847533632286994687e-03,1.277904102817598031e-02
8.780487804878047906e-03,3.333333333333333981e-03,4.847533632286994687e-03,1.277904102817598031e-02
8.780487804878047906e-03,3.333333333333333981e-03,4.847533632286994687e-03,1.277904102817598031e-02
8.780487804878047906e-03,3.333333333333333981e-03,4.847533632286994687e-03,1.277904102817598031e-02
8.780487804878047906e-03,3.333333333333333981e-03,4.847533632286994687e-03,1.277904102817598031e-02
8.780487804878047906e-03,3.333333333333333981e-03,4.847533632286994687e-03,1.277904102817598031e-02
8.780487804878047906e-03,3.333333333333333981e-03,4.847533632286994687e-03,1.277904102817598031e-02
8.780487804878047906e-03,3.333333333333333981e-03,4.847533632286994687e-03,1.277904102817598031e-02
8.780487804878047906e-03,3.333333333333333981e-03,4.847533632286994687e-03,1.277904102817598031e-02
8.780487804878047906e-03,3.333333333333333981e-03,4.847533632286994687e-03,1.277904102817598031e-02
8.780487804878047906e-03,3.333333333333333981e-03,4.847533632286994687e-03,1.277904102817598031e-02
8.780487804878047906e-03,3.333333333333333981e-03,4.847533632286994687e-03,1.277904102817598031e-02
8.780487804878047906e-03,3.333333333333333981e-03,4.847533632286994687e-03,1.277904102817598031e-02
8.780487804878047906e-03,3.333333333333333981e-03,4.847533632286994687e-03,1.277904102817598031e-02
8.780487804878047906e-03,3.333333333333333981e-03,4.847533632286994687e-03,1.277904102817598031e-02
8.780487804878047906e-03,3.333333333333333981e-03,4.847533632286994687e-03,1.277904102817598031e-02
8.780487804878047906e-03,3.333333333333333981e-03,4.847533632286994687e-03,1.277904102817598031e-02
8.780487804878047906e-03,3.333333333333333981e-03,4.847533632286994687e-03,1.277904102817598031e-02
8.780487804878047906e-03,3.333333333333333981e-03,4.847533632286994687e-03,1.277904102817598031e-02
8.780487804878047906e-03,3.333333333333333981e-03,4.847533632286994687e-03,1.277904102817598031e-02
8.780487804878047906e-03,3.333333333333333981e-03,4.847533632286994687e-03,1.277904102817598031e-02
8.780487804878047906e-03,3.333333333333333981e-03,4.847533632286994687e-03,1.277904102817598031e-02
8.780487804878047906e-03,3.333333333333333981e-03,4.847533632286994687e-03,1.277904102817598031e-02
8.780487804878047906e-03,3.333333333333333981e-03,4.847533632286994687e-03,1.277904102817598031e-02
8.780487804878047906e-03,3.333333333333333981e-03,4.847533632286994687e-03,1.277904102817598031e-02
8.780487804878047906e-03,3.333333333333333981e-03,4.847533632286994687e-03,1.277904102817598031e-02
8.780487804878047906e-03,3.333333333333333981e-03,4.847533632286994687e-03,1.277904102817598031e-02
8.780487804878047906e-03,3.333333333333333981e-03,4.847533632286994687e-03,1.277904102817598031e-02
8.780487804878047906e-03,3.333333333333333981e-03,4.847533632286994687e-03,1.277904102817598031e-02
8.780487804878047906e-03,3.333333333333333981e-03,4.847533632286994687e-03,1.277904102817598031e-02
8.780487804878047906e-03,3.333333333333333981e-03,4.847533632286994687e-03,1.277904102817598031e-02
8.780487804878047906e-03,3.333333333333333981e-03,4.847533632286994687e-03,1.277904102817598031e-02
8.780487804878047906e-03,3.333333333333333981e-03,4.847533632286994687e-03,1.277904102817598031e-02
8.780487804878047906e-03,3.333333333333333981e-03,4.847533632286994687e-03,1.277904102817598031e-02
8.780487804878047906e-03,3.333333333333333981e-03,4.847533632286994687e-03,1.277904102817598031e-02
8.780487804878047906e-03,3.333333333333333981e-03,4.847533632286994687e-03,1.277904102817598031e-02
8.780487804878047906e-03,3.333333333333333981e-03,4.847533632286994687e-03,1.277904102817598031e-02
8.780487804878047906e-03,3.333333333333333981e-03,4.847533632286994687e-03,1.277904102817598031e-02
8.780487804878047906e-03,3.333333333333333981e-03,4.847533632286994687e-03,1.277904102817598031e-02
8.780487804878047906e-03,3.333333333333333981e-03,4.847533632286994687e-03,1.277904102817598031e-02
8.780487804878047906e-03,3.333333333333333981e-03,4.847533632286994687e-03,1.277904102817598031e-02
8.780487804878047906e-03,3.333333333333333981e-03,4.847533632286994687e-03,1.277904102817598031e-02
8.780487804878047906e-03,3.333333333333333981e-03,4.847533632286994687e-03,1.277904102817598031e-02
8.780487804878047906e-03,3.333333333333333981e-03,4.847533632286994687e-03,1.277904102817598031e-02
8.780487804878047906e-03,3.333333333333333981e-03,4.847533632286994687e-03,1.277904102817598031e-02
8.780487804878047906e-03,3.333333333333333981e-03,4.847533632286994687e-03,1.277904102817598031e-02
8.780487804878047906e-03,3.333333333333333981e-03,4.847533632286994687e-03,1.277904102817598031e-02
8.780487804878047906e-03,3.333333333333333981e-03,4.847533632286994687e-03,1.277904102817598031e-02
8.780487804878047906e-03,3.333333333333333981e-03,4.847533632286994687e-03,1.277904102817598031e-02
8.780487804878047906e-03,3.333333333333333981e-03,4.847533632286994687e-03,1.277904102817598031e-02
8.780487804878047906e-03,3.333333333333333981e-03,4.847533632286994687e-03,1.277904102817598031e-02
8.780487804878047906e-03,3.333333333333333981e-03,4.847533632286994687e-03,1.277904102817598031e-02
8.780487804878047906e-03,3.333333333333333981e-03,4.847533632286994687e-03,1.277904102817598031e-02
8.780487804878047906e-03,3.333333333333333981e-03,4.847533632286994687e-03,1.277904102817598031e-02
8.780487804878047906e-03,3.333333333333333981e-03,4.847533632286994687e-03,1.277904102817598031e-02
8.780487804878047906e-03,3.333333333333333981e-03,4.847533632286994687e-03,1.277904102817598031e-02
8.780487804878047906e-03,3.333333333333333981e-03,4.847533632286994687e-03,1.277904102817598031e-02
8.780487804878047906e-03,3.333333333333333981e-03,4.847533632286994687e-03,1.277904102817598031e-02
8.780487804878047906e-03,3.333333333333333981e-03,4.847533632286994687e-03,1.277904102817598031e-02
8.780487804878047906e-03,3.333333333333333981e-03,4.847533632286994687e-03,1.277904102817598031e-02
8.780487804878047906e-03,3.333333333333333981e-03,4.847533632286994687e-03,1.277904102817598031e-02
8.780487804878047906e-03,3.333333333333333981e-03,4.847533632286994687e-03,1.277904102817598031e-02
8.780487804878047906e-03,3.333333333333333981e-03,4.847533632286994687e-03,1.277904102817598031e-02
8.780487804878047906e-03,3.333333333333333981e-03,4.847533632286994687e-03,1.277904102817598031e-02
8.780487804878047906e-03,3.333333333333333981e-03,4.847533632286994687e-03,1.277904102817598031e-02
8.780487804878047906e-03,3.333333333333333981e-03,4.847533632286994687e-03,1.277904102817598031e-02
8.780487804878047906e-03,3.333333333333333981e-03,4.847533632286994687e-03,1.277904102817598031e-02
8.780487804878047906e-03,3.333333333333333981e-03,4.847533632286994687e-03,1.277904102817598031e-02
8.780487804878047906e-03,3.333333333333333981e-03,4.847533632286994687e-03,1.277904102817598031e-02
8.780487804878047906e-03,3.333333333333333981e-03,4.847533632286994687e-03,1.277904102817598031e-02
8.780487804878047906e-03,3.333333333333333981e-03,4.847533632286994687e-03,1.277904102817598031e-02
8.780487804878047906e-03,3.333333333333333981e-03,4.847533632286994687e-03,1.277904102817598031e-02
8.780487804878047906e-03,3.333333333333333981e-03,4.847533632286994687e-03,1.277904102817598031e-02
8.780487804878047906e-03,3.333333333333333981e-03,4.847533632286994687e-03,1.277904102817598031e-02
8.780487804878047906e-03,3.333333333333333981e-03,4.847533632286994687e-03,1.277904102817598031e-02
8.780487804878047906e-03,3.333333333333333981e-03,4.847533632286994687e-03,1.277904102817598031e-02
8.780487804878047906e-03,3.333333333333333981e-03,4.847533632286994687e-03,1.277904102817598031e-02
8.780487804878047906e-03,3.333333333333333981e-03,4.847533632286994687e-03,1.277904102817598031e-02
8.780487804878047906e-03,3.333333333333333981e-03,4.847533632286994687e-03,1.277904102817598031e-02
8.780487804878047906e-03,3.333333333333333981e-03,4.847533632286994687e-03,1.277904102817598031e-02
8.780487804878047906e-03,3.333333333333333981e-03,4.847533632286994687e-03,1.277904102817598031e-02
8.780487804878047906e-03,3.333333333333333981e-03,4.847533632286994687e-03,1.277904102817598031e-02
8.780487804878047906e-03,3.333333333333333981e-03,4.847533632286994687e-03,1.277904102817598031e-02
8.780487804878047906e-03,3.333333333333333981e-03,4.847533632286994687e-03,1.277904102817598031e-02
8.780487804878047906e-03,3.333333333333333981e-03,4.847533632286994687e-03,1.277904102817598031e-02
8.780487804878047906e-03,3.333333333333333981e-03,4.847533632286994687e-03,1.277904102817598031e-02
8.780487804878047906e-03,3.333333333333333981e-03,4.847533632286994687e-03,1.277904102817598031e-02
8.780487804878047906e-03,3.333333333333333981e-03,4.847533632286994687e-03,1.277904102817598031e-02
8.780487804878047906e-03,3.333333333333333981e-03,4.847533632286994687e-03,1.277904102817598031e-02
8.780487804878047906e-03,3.333333333333333981e-03,4.847533632286994687e-03,1.277904102817598031e-02
8.780487804878047906e-03,3.333333333333333981e-03,4.847533632286994687e-03,1.277904102817598031e-02
8.780487804878047906e-03,3.333333333333333981e-03,4.847533632286994687e-03,1.277904102817598031e-02
8.780487804878047906e-03,3.333333333333333981e-03,4.847533632286994687e-03,1.277904102817598031e-02
8.780487804878047906e-03,3.333333333333333981e-03,4.847533632286994687e-03,1.277904102817598031e-02
8.780487804878047906e-03,3.333333333333333981e-03,4.847533632286994687e-03,1.277904102817598031e-02
8.780487804878047906e-03,3.333333333333333981e-03,4.847533632286994687e-03,1.277904102817598031e-02
8.780487804878047906e-03,3.333333333333333981e-03,4.847533632286994687e-03,1.277904102817598031e-02
8.780487804878047906e-03,3.333333333333333981e-03,4.847533632286994687e-03,1.277904102817598031e-02
8.780487804878047906e-03,3.333333333333333981e-03,4.847533632286994687e-03,1.277904102817598031e-02
8.780487804878047906e-03,3.333333333333333981e-03,4.847533632286994687e-03,1.277904102817598031e-02
8.780487804878047906e-03,3.333333333333333981e-03,4.847533632286994687e-03,1.277904102817598031e-02
8.780487804878047906e-03,3.333333333333333981e-03,4.847533632286994687e-03,1.277904102817598031e-02
8.780487804878047906e-03,3.333333333333333981e-03,4.847533632286994687e-03,1.277904102817598031e-02
8.780487804878047906e-03,3.333333333333333981e-03,4.847533632286994687e-03,1.277904102817598031e-02
8.780487804878047906e-03,3.333333333333333981e-03,4.847533632286994687e-03,1.277904102817598031e-02
8.780487804878047906e-03,3.333333333333333981e-03,4.847533632286994687e-03,1.277904102817598031e-02
8.780487804878047906e-03,3.333333333333333981e-03,4.847533632286994687e-03,1.277904102817598031e-02
8.780487804878047906e-03,3.333333333333333981e-03,4.847533632286994687e-03,1.277904102817598031e-02
8.780487804878047906e-03,3.333333333333333981e-03,4.847533632286994687e-03,1.277904102817598031e-02
8.780487804878047906e-03,3.333333333333333981e-03,4.847533632286994687e-03,1.277904102817598031e-02
8.780487804878047906e-03,3.333333333333333981e-03,4.847533632286994687e-03,1.277904102817598031e-02
8.780487804878047906e-03,3.333333333333333981e-03,4.847533632286994687e-03,1.277904102817598031e-02
8.780487804878047906e-03,3.333333333333333981e-03,4.847533632286994687e-03,1.277904102817598031e-02
8.780487804878047906e-03,3.333333333333333981e-03,4.847533632286994687e-03,1.277904102817598031e-02
8.780487804878047906e-03,3.333333333333333981e-03,4.847533632286994687e-03,1.277904102817598031e-02
8.780487804878047906e-03,3.333333333333333981e-03,4.847533632286994687e-03,1.277904102817598031e-02
8.780487804878047906e-03,3.333333333333333981e-03,4.847533632286994687e-03,1.277904102817598031e-02
8.780487804878047906e-03,3.333333333333333981e-03,4.847533632286994687e-03,1.277904102817598031e-02
8.780487804878047906e-03,3.333333333333333981e-03,4.847533632286994687e-03,1.277904102817598031e-02
8.780487804878047906e-03,3.333333333333333981e-03,4.847533632286994687e-03,1.277904102817598031e-02
8.780487804878047906e-03,3.333333333333333981e-03,4.847533632286994687e-03,1.277904102817598031e-02
8.780487804878047906e-03,3.333333333333333981e-03,4.847533632286994687e-03,1.277904102817598031e-02
8.780487804878047906e-03,3.333333333333333981e-03,4.847533632286994687e-03,1.277904102817598031e-02
8.780487804878047906e-03,3.333333333333333981e-03,4.847533632286994687e-03,1.277904102817598031e-02
8.780487804878047906e-03,3.333333333333333981e-03,4.847533632286994687e-03,1.277904102817598031e-02
8.780487804878047906e-03,3.333333333333333981e-03,4.847533632286994687e-03,1.277904102817598031e-02
8.780487804878047906e-03,3.333333333333333981e-03,4.847533632286994687e-03,1.277904102817598031e-02
8.780487804878047906e-03,3.333333333333333981e-03,4.847533632286994687e-03,1.277904102817598031e-02
8.780487804878047906e-03,3.333333333333333981e-03,4.847533632286994687e-03,1.277904102817598031e-02
8.780487804878047906e-03,3.333333333333333981e-03,4.847533632286994687e-03,1.277904102817598031e-02
8.780487804878047906e-03,3.333333333333333981e-03,4.847533632286994687e-03,1.277904102817598031e-02
8.780487804878047906e-03,3.333333333333333981e-03,4.847533632286994687e-03,1.277904102817598031e-02
8.780487804878047906e-03,3.333333333333333981e-03,4.847533632286994687e-03,1.277904102817598031e-02
8.780487804878047906e-03,3.333333333333333981e-03,4.847533632286994687e-03,1.277904102817598031e-02
8.780487804878047906e-03,3.333333333333333981e-03,4.847533632286994687e-03,1.277904102817598031e-02
8.780487804878047906e-03,3.333333333333333981e-03,4.847533632286994687e-03,1.277904102817598031e-02
8.780487804878047906e-03,3.333333333333333981e-03,4.847533632286994687e-03,1.277904102817598031e-02
8.780487804878047906e-03,3.333333333333333981e-03,4.847533632286994687e-03,1.277904102817598031e-02
8.780487804878047906e-03,3.333333333333333981e-03,4.847533632286994687e-03,1.277904102817598031e-02
8.780487804878047906e-03,3.333333333333333981e-03,4.847533632286994687e-03,1.277904102817598031e-02
8.780487804878047906e-03,3.333333333333333981e-03,4.847533632286994687e-03,1.277904102817598031e-02
8.780487804878047906e-03,3.333333333333333981e-03,4.847533632286994687e-03,1.277904102817598031e-02
8.780487804878047906e-03,3.333333333333333981e-03,4.847533632286994687e-03,1.277904102817598031e-02
8.780487804878047906e-03,3.333333333333333981e-03,4.847533632286994687e-03,1.277904102817598031e-02
8.780487804878047906e-03,3.333333333333333981e-03,4.847533632286994687e-03,1.277904102817598031e-02
8.780487804878047906e-03,3.333333333333333981e-03,4.847533632286994687e-03,1.277904102817598031e-02
8.780487804878047906e-03,3.333333333333333981e-03,4.847533632286994687e-03,1.277904102817598031e-02
8.780487804878047906e-03,3.333333333333333981e-03,4.847533632286994687e-03,1.277904102817598031e-02
8.780487804878047906e-03,3.333333333333333981e-03,4.847533632286994687e-03,1.277904102817598031e-02
8.780487804878047906e-03,3.333333333333333981e-03,4.847533632286994687e-03,1.277904102817598031e-02
8.780487804878047906e-03,3.333333333333333981e-03,4.847533632286994687e-03,1.277904102817598031e-02
8.780487804878047906e-03,3.333333333333333981e-03,4.847533632286994687e-03,1.277904102817598031e-02
8.780487804878047906e-03,3.333333333333333981e-03,4.847533632286994687e-03,1.277904102817598031e-02
8.780487804878047906e-03,3.333333333333333981e-03,4.847533632286994687e-03,1.277904102817598031e-02
8.780487804878047906e-03,3.333333333333333981e-03,4.847533632286994687e-03,1.277904102817598031e-02
8.780487804878047906e-03,3.333333333333333981e-03,4.847533632286994687e-03,1.277904102817598031e-02
8.780487804878047906e-03,3.333333333333333981e-03,4.847533632286994687e-03,1.277904102817598031e-02
8.780487804878047906e-03,3.333333333333333981e-03,4.847533632286994687e-03,1.277904102817598031e-02
8.780487804878047906e-03,3.333333333333333981e-03,4.847533632286994687e-03,1.277904102817598031e-02
8.780487804878047906e-03,3.333333333333333981e-03,4.847533632286994687e-03,1.277904102817598031e-02
8.780487804878047906e-03,3.333333333333333981e-03,4.847533632286994687e-03,1.277904102817598031e-02
8.780487804878047906e-03,3.333333333333333981e-03,4.847533632286994687e-03,1.277904102817598031e-02
8.780487804878047906e-03,3.333333333333333981e-03,4.847533632286994687e-03,1.277904102817598031e-02
8.780487804878047906e-03,3.333333333333333981e-03,4.847533632286994687e-03,1.277904102817598031e-02
8.780487804878047906e-03,3.333333333333333981e-03,4.847533632286994687e-03,1.277904102817598031e-02
8.780487804878047906e-03,3.333333333333333981e-03,4.847533632286994687e-03,1.277904102817598031e-02
8.780487804878047906e-03,3.333333333333333981e-03,4.847533632286994687e-03,1.277904102817598031e-02
8.780487804878047906e-03,3.333333333333333981e-03,4.847533632286994687e-03,1.277904102817598031e-02
8.780487804878047906e-03,3.333333333333333981e-03,4.847533632286994687e-03,1.277904102817598031e-02
8.780487804878047906e-03,3.333333333333333981e-03,4.847533632286994687e-03,1.277904102817598031e-02
8.780487804878047906e-03,3.333333333333333981e-03,4.847533632286994687e-03,1.277904102817598031e-02
8.780487804878047906e-03,3.333333333333333981e-03,4.847533632286994687e-03,1.277904102817598031e-02
8.780487804878047906e-03,3.333333333333333981e-03,4.847533632286994687e-03,1.277904102817598031e-02
8.780487804878047906e-03,3.333333333333333981e-03,4.847533632286994687e-03,1.277904102817598031e-02
8.780487804878047906e-03,3.333333333333333981e-03,4.847533632286994687e-03,1.277904102817598031e-02
8.780487804878047906e-03,3.333333333333333981e-03,4.847533632286994687e-03,1.277904102817598031e-02
8.780487804878047906e-03,3.333333333333333981e-03,4.847533632286994687e-03,1.277904102817598031e-02
8.780487804878047906e-03,3.333333333333333981e-03,4.847533632286994687e-03,1.277904102817598031e-02
8.780487804878047906e-03,3.333333333333333981e-03,4.847533632286994687e-03,1.277904102817598031e-02
8.780487804878047906e-03,3.333333333333333981e-03,4.847533632286994687e-03,1.277904102817598031e-02
8.780487804878047906e-03,3.333333333333333981e-03,4.847533632286994687e-03,1.277904102817598031e-02
8.780487804878047906e-03,3.333333333333333981e-03,4.847533632286994687e-03,1.277904102817598031e-02
8.780487804878047906e-03,3.333333333333333981e-03,4.847533632286994687e-03,1.277904102817598031e-02
8.780487804878047906e-03,3.333333333333333981e-03,4.847533632286994687e-03,1.277904102817598031e-02
8.780487804878047906e-03,3.333333333333333981e-03,4.847533632286994687e-03,1.277904102817598031e-02
8.780487804878047906e-03,3.333333333333333981e-03,4.847533632286994687e-03,1.277904102817598031e-02
8.780487804878047906e-03,3.333333333333333981e-03,4.847533632286994687e-03,1.277904102817598031e-02
8.780487804878047906e-03,3.333333333333333981e-03,4.847533632286994687e-03,1.277904102817598031e-02
8.780487804878047906e-03,3.333333333333333981e-03,4.847533632286994687e-03,1.277904102817598031e-02
8.780487804878047906e-03,3.333333333333333981e-03,4.847533632286994687e-03,1.277904102817598031e-02
8.780487804878047906e-03,3.333333333333333981e-03,4.847533632286994687e-03,1.277904102817598031e-02
8.780487804878047906e-03,3.333333333333333981e-03,4.847533632286994687e-03,1.277904102817598031e-02
8.780487804878047906e-03,3.333333333333333981e-03,4.847533632286994687e-03,1.277904102817598031e-02
8.780487804878047906e-03,3.333333333333333981e-03,4.847533632286994687e-03,1.277904102817598031e-02
8.780487804878047906e-03,3.333333333333333981e-03,4.847533632286994687e-03,1.277904102817598031e-02
8.780487804878047906e-03,3.333333333333333981e-03,4.847533632286994687e-03,1.277904102817598031e-02
8.780487804878047906e-03,3.333333333333333981e-03,4.847533632286994687e-03,1.277904102817598031e-02
8.780487804878047906e-03,3.333333333333333981e-03,4.847533632286994687e-03,1.277904102817598031e-02
8.780487804878047906e-03,3.333333333333333981e-03,4.847533632286994687e-03,1.277904102817598031e-02
8.780487804878047906e-03,3.333333333333333981e-03,4.847533632286994687e-03,1.277904102817598031e-02
8.780487804878047906e-03,3.333333333333333981e-03,4.847533632286994687e-03,1.277904102817598031e-02
8.780487804878047906e-03,3.333333333333333981e-03,4.847533632286994687e-03,1.277904102817598031e-02
8.780487804878047906e-03,3.333333333333333981e-03,4.847533632286994687e-03,1.277904102817598031e-02
8.780487804878047906e-03,3.333333333333333981e-03,4.847533632286994687e-03,1.277904102817598031e-02
8.780487804878047906e-03,3.333333333333333981e-03,4.847533632286994687e-03,1.277904102817598031e-02
8.780487804878047906e-03,3.333333333333333981e-03,4.847533632286994687e-03,1.277904102817598031e-02
8.780487804878047906e-03,3.333333333333333981e-03,4.847533632286994687e-03,1.277904102817598031e-02
8.780487804878047906e-03,3.333333333333333981e-03,4.847533632286994687e-03,1.277904102817598031e-02
8.780487804878047906e-03,3.333333333333333981e-03,4.847533632286994687e-03,1.277904102817598031e-02
8.780487804878047906e-03,3.333333333333333981e-03,4.847533632286994687e-03,1.277904102817598031e-02
8.780487804878047906e-03,3.333333333333333981e-03,4.847533632286994687e-03,1.277904102817598031e-02
8.780487804878047906e-03,3.333333333333333981e-03,4.847533632286994687e-03,1.277904102817598031e-02
8.780487804878047906e-03,3.333333333333333981e-03,4.847533632286994687e-03,1.277904102817598031e-02
8.780487804878047906e-03,3.333333333333333981e-03,4.847533632286994687e-03,1.277904102817598031e-02
8.780487804878047906e-03,3.333333333333333981e-03,4.847533632286994687e-03,1.277904102817598031e-02
8.780487804878047906e-03,3.333333333333333981e-03,4.847533632286994687e-03,1.277904102817598031e-02
8.780487804878047906e-03,3.333333333333333981e-03,4.847533632286994687e-03,1.277904102817598031e-02
8.780487804878047906e-03,3.333333333333333981e-03,4.847533632286994687e-03,1.277904102817598031e-02
8.780487804878047906e-03,3.333333333333333981e-03,4.847533632286994687e-03,1.277904102817598031e-02
8.780487804878047906e-03,3.333333333333333981e-03,4.847533632286994687e-03,1.277904102817598031e-02
8.780487804878047906e-03,3.333333333333333981e-03,4.847533632286994687e-03,1.277904102817598031e-02
8.780487804878047906e-03,3.333333333333333981e-03,4.847533632286994687e-03,1.277904102817598031e-02
8.780487804878047906e-03,3.333333333333333981e-03,4.847533632286994687e-03,1.277904102817598031e-02
8.780487804878047906e-03,3.333333333333333981e-03,4.847533632286994687e-03,1.277904102817598031e-02
8.780487804878047906e-03,3.333333333333333981e-03,4.847533632286994687e-03,1.277904102817598031e-02
8.780487804878047906e-03,3.333333333333333981e-03,4.847533632286994687e-03,1.277904102817598031e-02
8.780487804878047906e-03,3.333333333333333981e-03,4.847533632286994687e-03,1.277904102817598031e-02
8.780487804878047906e-03,3.333333333333333981e-03,4.847533632286994687e-03,1.277904102817598031e-02
8.780487804878047906e-03,3.333333333333333981e-03,4.847533632286994687e-03,1.277904102817598031e-02
8.780487804878047906e-03,3.333333333333333981e-03,4.847533632286994687e-03,1.277904102817598031e-02
8.780487804878047906e-03,3.333333333333333981e-03,4.847533632286994687e-03,1.277904102817598031e-02
8.780487804878047906e-03,3.333333333333333981e-03,4.847533632286994687e-03,1.277904102817598031e-02
8.780487804878047906e-03,3.333333333333333981e-03,4.847533632286994687e-03,1.277904102817598031e-02
8.780487804878047906e-03,3.333333333333333981e-03,4.847533632286994687e-03,1.277904102817598031e-02
8.780487804878047906e-03,3.333333333333333981e-03,4.847533632286994687e-03,1.277904102817598031e-02
8.780487804878047906e-03,3.333333333333333981e-03,4.847533632286994687e-03,1.277904102817598031e-02
8.780487804878047906e-03,3.333333333333333981e-03,4.847533632286994687e-03,1.277904102817598031e-02
8.780487804878047906e-03,3.333333333333333981e-03,4.847533632286994687e-03,1.277904102817598031e-02
8.780487804878047906e-03,3.333333333333333981e-03,4.847533632286994687e-03,1.277904102817598031e-02
8.780487804878047906e-03,3.333333333333333981e-03,4.847533632286994687e-03,1.277904102817598031e-02
8.780487804878047906e-03,3.333333333333333981e-03,4.847533632286994687e-03,1.277904102817598031e-02
8.780487804878047906e-03,3.333333333333333981e-03,4.847533632286994687e-03,1.277904102817598031e-02
8.780487804878047906e-03,3.333333333333333981e-03,4.847533632286994687e-03,1.277904102817598031e-02
8.780487804878047906e-03,3.333333333333333981e-03,4.847533632286994687e-03,1.277904102817598031e-02
8.780487804878047906e-03,3.333333333333333981e-03,4.847533632286994687e-03,1.277904102817598031e-02
8.780487804878047906e-03,3.333333333333333981e-03,4.847533632286994687e-03,1.277904102817598031e-02
8.780487804878047906e-03,3.333333333333333981e-03,4.847533632286994687e-03,1.277904102817598031e-02
8.780487804878047906e-03,3.333333333333333981e-03,4.847533632286994687e-03,1.277904102817598031e-02
8.780487804878047906e-03,3.333333333333333981e-03,4.847533632286994687e-03,1.277904102817598031e-02
8.780487804878047906e-03,3.333333333333333981e-03,4.847533632286994687e-03,1.277904102817598031e-02
8.780487804878047906e-03,3.333333333333333981e-03,4.847533632286994687e-03,1.277904102817598031e-02
8.780487804878047906e-03,3.333333333333333981e-03,4.847533632286994687e-03,1.277904102817598031e-02
8.780487804878047906e-03,3.333333333333333981e-03,4.847533632286994687e-03,1.277904102817598031e-02
8.780487804878047906e-03,3.333333333333333981e-03,4.847533632286994687e-03,1.277904102817598031e-02
8.780487804878047906e-03,3.333333333333333981e-03,4.847533632286994687e-03,1.277904102817598031e-02
8.780487804878047906e-03,3.333333333333333981e-03,4.847533632286994687e-03,1.277904102817598031e-02
8.780487804878047906e-03,3.333333333333333981e-03,4.847533632286994687e-03,1.277904102817598031e-02
8.780487804878047906e-03,3.333333333333333981e-03,4.847533632286994687e-03,1.277904102817598031e-02
8.780487804878047906e-03,3.333333333333333981e-03,4.847533632286994687e-03,1.277904102817598031e-02
8.780487804878047906e-03,3.333333333333333981e-03,4.847533632286994687e-03,1.277904102817598031e-02
8.780487804878047906e-03,3.333333333333333981e-03,4.847533632286994687e-03,1.277904102817598031e-02
8.780487804878047906e-03,3.333333333333333981e-03,4.847533632286994687e-03,1.277904102817598031e-02
8.780487804878047906e-03,3.333333333333333981e-03,4.847533632286994687e-03,1.277904102817598031e-02
8.780487804878047906e-03,3.333333333333333981e-03,4.847533632286994687e-03,1.277904102817598031e-02
8.780487804878047906e-03,3.333333333333333981e-03,4.847533632286994687e-03,1.277904102817598031e-02
8.780487804878047906e-03,3.333333333333333981e-03,4.847533632286994687e-03,1.277904102817598031e-02
8.780487804878047906e-03,3.333333333333333981e-03,4.847533632286994687e-03,1.277904102817598031e-02
8.780487804878047906e-03,3.333333333333333981e-03,4.847533632286994687e-03,1.277904102817598031e-02
8.780487804878047906e-03,3.333333333333333981e-03,4.847533632286994687e-03,1.277904102817598031e-02
8.780487804878047906e-03,3.333333333333333981e-03,4.847533632286994687e-03,1.277904102817598031e-02
8.780487804878047906e-03,3.333333333333333981e-03,4.847533632286994687e-03,1.277904102817598031e-02
8.780487804878047906e-03,3.333333333333333981e-03,4.847533632286994687e-03,1.277904102817598031e-02
8.780487804878047906e-03,3.333333333333333981e-03,4.847533632286994687e-03,1.277904102817598031e-02
8.780487804878047906e-03,3.333333333333333981e-03,4.847533632286994687e-03,1.277904102817598031e-02
8.780487804878047906e-03,3.333333333333333981e-03,4.847533632286994687e-03,1.277904102817598031e-02
8.780487804878047906e-03,3.333333333333333981e-03,4.847533632286994687e-03,1.277904102817598031e-02
8.780487804878047906e-03,3.333333333333333981e-03,4.847533632286994687e-03,1.277904102817598031e-02
8.780487804878047906e-03,3.333333333333333981e-03,4.847533632286994687e-03,1.277904102817598031e-02
8.780487804878047906e-03,3.333333333333333981e-03,4.847533632286994687e-03,1.277904102817598031e-02
8.780487804878047906e-03,3.333333333333333981e-03,4.847533632286994687e-03,1.277904102817598031e-02
8.780487804878047906e-03,3.333333333333333981e-03,4.847533632286994687e-03,1.277904102817598031e-02
8.780487804878047906e-03,3.333333333333333981e-03,4.847533632286994687e-03,1.277904102817598031e-02
8.780487804878047906e-03,3.333333333333333981e-03,4.847533632286994687e-03,1.277904102817598031e-02
8.780487804878047906e-03,3.333333333333333981e-03,4.847533632286994687e-03,1.277904102817598031e-02
8.780487804878047906e-03,3.333333333333333981e-03,4.847533632286994687e-03,1.277904102817598031e-02
8.780487804878047906e-03,3.333333333333333981e-03,4.847533632286994687e-03,1.277904102817598031e-02
8.780487804878047906e-03,3.333333333333333981e-03,4.847533632286994687e-03,1.277904102817598031e-02
8.780487804878047906e-03,3.333333333333333981e-03,4.847533632286994687e-03,1.277904102817598031e-02
8.780487804878047906e-03,3.333333333333333981e-03,4.847533632286994687e-03,1.277904102817598031e-02
8.780487804878047906e-03,3.333333333333333981e-03,4.847533632286994687e-03,1.277904102817598031e-02
8.780487804878047906e-03,3.333333333333333981e-03,4.847533632286994687e-03,1.277904102817598031e-02
8.780487804878047906e-03,3.333333333333333981e-03,4.847533632286994687e-03,1.277904102817598031e-02
8.780487804878047906e-03,3.333333333333333981e-03,4.847533632286994687e-03,1.277904102817598031e-02
8.780487804878047906e-03,3.333333333333333981e-03,4.847533632286994687e-03,1.277904102817598031e-02
8.780487804878047906e-03,3.333333333333333981e-03,4.847533632286994687e-03,1.277904102817598031e-02
8.780487804878047906e-03,3.333333333333333981e-03,4.847533632286994687e-03,1.277904102817598031e-02
8.780487804878047906e-03,3.333333333333333981e-03,4.847533632286994687e-03,1.277904102817598031e-02
8.780487804878047906e-03,3.333333333333333981e-03,4.847533632286994687e-03,1.277904102817598031e-02
8.780487804878047906e-03,3.333333333333333981e-03,4.847533632286994687e-03,1.277904102817598031e-02
8.780487804878047906e-03,3.333333333333333981e-03,4.847533632286994687e-03,1.277904102817598031e-02
8.780487804878047906e-03,3.333333333333333981e-03,4.847533632286994687e-03,1.277904102817598031e-02
8.780487804878047906e-03,3.333333333333333981e-03,4.847533632286994687e-03,1.277904102817598031e-02
8.780487804878047906e-03,3.333333333333333981e-03,4.847533632286994687e-03,1.277904102817598031e-02
8.780487804878047906e-03,3.333333333333333981e-03,4.847533632286994687e-03,1.277904102817598031e-02
8.780487804878047906e-03,3.333333333333333981e-03,4.847533632286994687e-03,1.277904102817598031e-02
8.780487804878047906e-03,3.333333333333333981e-03,4.847533632286994687e-03,1.277904102817598031e-02
8.780487804878047906e-03,3.333333333333333981e-03,4.847533632286994687e-03,1.277904102817598031e-02
8.780487804878047906e-03,3.333333333333333981e-03,4.847533632286994687e-03,1.277904102817598031e-02
8.780487804878047906e-03,3.333333333333333981e-03,4.847533632286994687e-03,1.277904102817598031e-02
8.780487804878047906e-03,3.333333333333333981e-03,4.847533632286994687e-03,1.277904102817598031e-02
8.780487804878047906e-03,3.333333333333333981e-03,4.847533632286994687e-03,1.277904102817598031e-02
8.780487804878047906e-03,3.333333333333333981e-03,4.847533632286994687e-03,1.277904102817598031e-02
8.780487804878047906e-03,3.333333333333333981e-03,4.847533632286994687e-03,1.277904102817598031e-02
8.780487804878047906e-03,3.333333333333333981e-03,4.847533632286994687e-03,1.277904102817598031e-02
8.780487804878047906e-03,3.333333333333333981e-03,4.847533632286994687e-03,1.277904102817598031e-02
8.780487804878047906e-03,3.333333333333333981e-03,4.847533632286994687e-03,1.277904102817598031e-02
8.780487804878047906e-03,3.333333333333333981e-03,4.847533632286994687e-03,1.277904102817598031e-02
8.780487804878047906e-03,3.333333333333333981e-03,4.847533632286994687e-03,1.277904102817598031e-02
8.780487804878047906e-03,3.333333333333333981e-03,4.847533632286994687e-03,1.277904102817598031e-02
8.780487804878047906e-03,3.333333333333333981e-03,4.847533632286994687e-03,1.277904102817598031e-02
8.780487804878047906e-03,3.333333333333333981e-03,4.847533632286994687e-03,1.277904102817598031e-02
8.780487804878047906e-03,3.333333333333333981e-03,4.847533632286994687e-03,1.277904102817598031e-02
8.780487804878047906e-03,3.333333333333333981e-03,4.847533632286994687e-03,1.277904102817598031e-02
8.780487804878047906e-03,3.333333333333333981e-03,4.847533632286994687e-03,1.277904102817598031e-02
8.780487804878047906e-03,3.333333333333333981e-03,4.847533632286994687e-03,1.277904102817598031e-02
8.780487804878047906e-03,3.333333333333333981e-03,4.847533632286994687e-03,1.277904102817598031e-02
8.780487804878047906e-03,3.333333333333333981e-03,4.847533632286994687e-03,1.277904102817598031e-02
8.780487804878047906e-03,3.333333333333333981e-03,4.847533632286994687e-03,1.277904102817598031e-02
8.780487804878047906e-03,3.333333333333333981e-03,4.847533632286994687e-03,1.277904102817598031e-02
8.780487804878047906e-03,3.333333333333333981e-03,4.847533632286994687e-03,1.277904102817598031e-02
8.780487804878047906e-03,3.333333333333333981e-03,4.847533632286994687e-03,1.277904102817598031e-02
8.780487804878047906e-03,3.333333333333333981e-03,4.847533632286994687e-03,1.277904102817598031e-02
8.780487804878047906e-03,3.333333333333333981e-03,4.847533632286994687e-03,1.277904102817598031e-02
8.780487804878047906e-03,3.333333333333333981e-03,4.847533632286994687e-03,1.277904102817598031e-02
8.780487804878047906e-03,3.333333333333333981e-03,4.847533632286994687e-03,1.277904102817598031e-02
8.780487804878047906e-03,3.333333333333333981e-03,4.847533632286994687e-03,1.277904102817598031e-02
8.780487804878047906e-03,3.333333333333333981e-03,4.847533632286994687e-03,1.277904102817598031e-02
8.780487804878047906e-03,3.333333333333333981e-03,4.847533632286994687e-03,1.277904102817598031e-02
8.780487804878047906e-03,3.333333333333333981e-03,4.847533632286994687e-03,1.277904102817598031e-02
8.780487804878047906e-03,3.333333333333333981e-03,4.847533632286994687e-03,1.277904102817598031e-02
8.780487804878047906e-03,3.333333333333333981e-03,4.847533632286994687e-03,1.277904102817598031e-02
8.780487804878047906e-03,3.333333333333333981e-03,4.847533632286994687e-03,1.277904102817598031e-02
8.780487804878047906e-03,3.333333333333333981e-03,4.847533632286994687e-03,1.277904102817598031e-02
8.780487804878047906e-03,3.333333333333333981e-03,4.847533632286994687e-03,1.277904102817598031e-02
8.780487804878047906e-03,3.333333333333333981e-03,4.847533632286994687e-03,1.277904102817598031e-02
8.780487804878047906e-03,3.333333333333333981e-03,4.847533632286994687e-03,1.277904102817598031e-02
8.780487804878047906e-03,3.333333333333333981e-03,4.847533632286994687e-03,1.277904102817598031e-02
8.780487804878047906e-03,3.333333333333333981e-03,4.847533632286994687e-03,1.277904102817598031e-02
8.780487804878047906e-03,3.333333333333333981e-03,4.847533632286994687e-03,1.277904102817598031e-02
8.780487804878047906e-03,3.333333333333333981e-03,4.847533632286994687e-03,1.277904102817598031e-02
8.780487804878047906e-03,3.333333333333333981e-03,4.847533632286994687e-03,1.277904102817598031e-02
8.780487804878047906e-03,3.333333333333333981e-03,4.847533632286994687e-03,1.277904102817598031e-02
8.780487804878047906e-03,3.333333333333333981e-03,4.847533632286994687e-03,1.277904102817598031e-02
8.780487804878047906e-03,3.333333333333333981e-03,4.847533632286994687e-03,1.277904102817598031e-02
8.780487804878047906e-03,3.333333333333333981e-03,4.847533632286994687e-03,1.277904102817598031e-02
8.780487804878047906e-03,3.333333333333333981e-03,4.847533632286994687e-03,1.277904102817598031e-02
8.780487804878047906e-03,3.333333333333333981e-03,4.847533632286994687e-03,1.277904102817598031e-02
8.780487804878047906e-03,3.333333333333333981e-03,4.847533632286994687e-03,1.277904102817598031e-02
8.780487804878047906e-03,3.333333333333333981e-03,4.847533632286994687e-03,1.277904102817598031e-02
8.780487804878047906e-03,3.333333333333333981e-03,4.847533632286994687e-03,1.277904102817598031e-02
8.780487804878047906e-03,3.333333333333333981e-03,4.847533632286994687e-03,1.277904102817598031e-02
8.780487804878047906e-03,3.333333333333333981e-03,4.847533632286994687e-03,1.277904102817598031e-02
8.780487804878047906e-03,3.333333333333333981e-03,4.847533632286994687e-03,1.277904102817598031e-02
8.780487804878047906e-03,3.333333333333333981e-03,4.847533632286994687e-03,1.277904102817598031e-02
8.780487804878047906e-03,3.333333333333333981e-03,4.847533632286994687e-03,1.277904102817598031e-02
8.780487804878047906e-03,3.333333333333333981e-03,4.847533632286994687e-03,1.277904102817598031e-02
8.780487804878047906e-03,3.333333333333333981e-03,4.847533632286994687e-03,1.277904102817598031e-02
8.780487804878047906e-03,3.333333333333333981e-03,4.847533632286994687e-03,1.277904102817598031e-02
8.780487804878047906e-03,3.333333333333333981e-03,4.847533632286994687e-03,1.277904102817598031e-02
8.780487804878047906e-03,3.333333333333333981e-03,4.847533632286994687e-03,1.277904102817598031e-02
8.780487804878047906e-03,3.333333333333333981e-03,4.847533632286994687e-03,1.277904102817598031e-02
8.780487804878047906e-03,3.333333333333333981e-03,4.847533632286994687e-03,1.277904102817598031e-02
8.780487804878047906e-03,3.333333333333333981e-03,4.847533632286994687e-03,1.277904102817598031e-02
8.780487804878047906e-03,3.333333333333333981e-03,4.847533632286994687e-03,1.277904102817598031e-02
8.780487804878047906e-03,3.333333333333333981e-03,4.847533632286994687e-03,1.277904102817598031e-02
8.780487804878047906e-03,3.333333333333333981e-03,4.847533632286994687e-03,1.277904102817598031e-02
8.780487804878047906e-03,3.333333333333333981e-03,4.847533632286994687e-03,1.277904102817598031e-02
8.780487804878047906e-03,3.333333333333333981e-03,4.847533632286994687e-03,1.277904102817598031e-02
8.780487804878047906e-03,3.333333333333333981e-03,4.847533632286994687e-03,1.277904102817598031e-02
8.780487804878047906e-03,3.333333333333333981e-03,4.847533632286994687e-03,1.277904102817598031e-02
8.780487804878047906e-03,3.333333333333333981e-03,4.847533632286994687e-03,1.277904102817598031e-02
8.780487804878047906e-03,3.333333333333333981e-03,4.847533632286994687e-03,1.277904102817598031e-02
8.780487804878047906e-03,3.333333333333333981e-03,4.847533632286994687e-03,1.277904102817598031e-02
8.780487804878047906e-03,3.333333333333333981e-03,4.847533632286994687e-03,1.277904102817598031e-02
8.780487804878047906e-03,3.333333333333333981e-03,4.847533632286994687e-03,1.277904102817598031e-02
8.780487804878047906e-03,3.333333333333333981e-03,4.847533632286994687e-03,1.277904102817598031e-02
8.780487804878047906e-03,3.333333333333333981e-03,4.847533632286994687e-03,1.277904102817598031e-02
8.780487804878047906e-03,3.333333333333333981e-03,4.847533632286994687e-03,1.277904102817598031e-02
8.780487804878047906e-03,3.333333333333333981e-03,4.847533632286994687e-03,1.277904102817598031e-02
8.780487804878047906e-03,3.333333333333333981e-03,4.847533632286994687e-03,1.277904102817598031e-02
8.780487804878047906e-03,3.333333333333333981e-03,4.847533632286994687e-03,1.277904102817598031e-02
8.780487804878047906e-03,3.333333333333333981e-03,4.847533632286994687e-03,1.277904102817598031e-02
8.780487804878047906e-03,3.333333333333333981e-03,4.847533632286994687e-03,1.277904102817598031e-02
8.780487804878047906e-03,3.333333333333333981e-03,4.847533632286994687e-03,1.277904102817598031e-02
8.780487804878047906e-03,3.333333333333333981e-03,4.847533632286994687e-03,1.277904102817598031e-02
8.780487804878047906e-03,3.333333333333333981e-03,4.847533632286994687e-03,1.277904102817598031e-02
8.780487804878047906e-03,3.333333333333333981e-03,4.847533632286994687e-03,1.277904102817598031e-02
8.780487804878047906e-03,3.333333333333333981e-03,4.847533632286994687e-03,1.277904102817598031e-02
8.780487804878047906e-03,3.333333333333333981e-03,4.847533632286994687e-03,1.277904102817598031e-02
8.780487804878047906e-03,3.333333333333333981e-03,4.847533632286994687e-03,1.277904102817598031e-02
8.780487804878047906e-03,3.333333333333333981e-03,4.847533632286994687e-03,1.277904102817598031e-02
8.780487804878047906e-03,3.333333333333333981e-03,4.847533632286994687e-03,1.277904102817598031e-02
8.780487804878047906e-03,3.333333333333333981e-03,4.847533632286994687e-03,1.277904102817598031e-02
8.780487804878047906e-03,3.333333333333333981e-03,4.847533632286994687e-03,1.277904102817598031e-02
8.780487804878047906e-03,3.333333333333333981e-03,4.847533632286994687e-03,1.277904102817598031e-02
8.780487804878047906e-03,3.333333333333333981e-03,4.847533632286994687e-03,1.277904102817598031e-02
8.780487804878047906e-03,3.333333333333333981e-03,4.847533632286994687e-03,1.277904102817598031e-02
8.780487804878047906e-03,3.333333333333333981e-03,4.847533632286994687e-03,1.277904102817598031e-02
8.780487804878047906e-03,3.333333333333333981e-03,4.847533632286994687e-03,1.277904102817598031e-02
8.780487804878047906e-03,3.333333333333333981e-03,4.847533632286994687e-03,1.277904102817598031e-02
8.780487804878047906e-03,3.333333333333333981e-03,4.847533632286994687e-03,1.277904102817598031e-02
8.780487804878047906e-03,3.333333333333333981e-03,4.847533632286994687e-03,1.277904102817598031e-02
8.780487804878047906e-03,3.333333333333333981e-03,4.847533632286994687e-03,1.277904102817598031e-02
8.780487804878047906e-03,3.333333333333333981e-03,4.847533632286994687e-03,1.277904102817598031e-02
8.780487804878047906e-03,3.333333333333333981e-03,4.847533632286994687e-03,1.277904102817598031e-02
8.780487804878047906e-03,3.333333333333333981e-03,4.847533632286994687e-03,1.277904102817598031e-02
8.780487804878047906e-03,3.333333333333333981e-03,4.847533632286994687e-03,1.277904102817598031e-02
8.780487804878047906e-03,3.333333333333333981e-03,4.847533632286994687e-03,1.277904102817598031e-02
8.780487804878047906e-03,3.333333333333333981e-03,4.847533632286994687e-03,1.277904102817598031e-02
8.780487804878047906e-03,3.333333333333333981e-03,4.847533632286994687e-03,1.277904102817598031e-02
8.780487804878047906e-03,3.333333333333333981e-03,4.847533632286994687e-03,1.277904102817598031e-02
8.780487804878047906e-03,3.333333333333333981e-03,4.847533632286994687e-03,1.277904102817598031e-02
8.780487804878047906e-03,3.333333333333333981e-03,4.847533632286994687e-03,1.277904102817598031e-02
8.780487804878047906e-03,3.333333333333333981e-03,4.847533632286994687e-03,1.277904102817598031e-02
8.780487804878047906e-03,3.333333333333333981e-03,4.847533632286994687e-03,1.277904102817598031e-02
8.780487804878047906e-03,3.333333333333333981e-03,4.847533632286994687e-03,1.277904102817598031e-02
8.780487804878047906e-03,3.333333333333333981e-03,4.847533632286994687e-03,1.277904102817598031e-02
8.780487804878047906e-03,3.333333333333333981e-03,4.847533632286994687e-03,1.277904102817598031e-02
8.780487804878047906e-03,3.333333333333333981e-03,4.847533632286994687e-03,1.277904102817598031e-02
8.780487804878047906e-03,3.333333333333333981e-03,4.847533632286994687e-03,1.277904102817598031e-02
8.780487804878047906e-03,3.333333333333333981e-03,4.847533632286994687e-03,1.277904102817598031e-02
8.780487804878047906e-03,3.333333333333333981e-03,4.847533632286994687e-03,1.277904102817598031e-02
8.780487804878047906e-03,3.333333333333333981e-03,4.847533632286994687e-03,1.277904102817598031e-02
8.780487804878047906e-03,3.333333333333333981e-03,4.847533632286994687e-03,1.277904102817598031e-02
8.780487804878047906e-03,3.333333333333333981e-03,4.847533632286994687e-03,1.277904102817598031e-02
8.780487804878047906e-03,3.333333333333333981e-03,4.847533632286994687e-03,1.277904102817598031e-02
8.780487804878047906e-03,3.333333333333333981e-03,4.847533632286994687e-03,1.277904102817598031e-02
8.780487804878047906e-03,3.333333333333333981e-03,4.847533632286994687e-03,1.277904102817598031e-02
8.780487804878047906e-03,3.333333333333333981e-03,4.847533632286994687e-03,1.277904102817598031e-02
8.780487804878047906e-03,3.333333333333333981e-03,4.847533632286994687e-03,1.277904102817598031e-02
8.780487804878047906e-03,3.333333333333333981e-03,4.847533632286994687e-03,1.277904102817598031e-02
8.780487804878047906e-03,3.333333333333333981e-03,4.847533632286994687e-03,1.277904102817598031e-02
8.780487804878047906e-03,3.333333333333333981e-03,4.847533632286994687e-03,1.277904102817598031e-02
8.780487804878047906e-03,3.333333333333333981e-03,4.847533632286994687e-03,1.277904102817598031e-02
8.780487804878047906e-03,3.333333333333333981e-03,4.847533632286994687e-03,1.277904102817598031e-02
8.780487804878047906e-03,3.333333333333333981e-03,4.847533632286994687e-03,1.277904102817598031e-02
8.780487804878047906e-03,3.333333333333333981e-03,4.847533632286994687e-03,1.277904102817598031e-02
8.780487804878047906e-03,3.333333333333333981e-03,4.847533632286994687e-03,1.277904102817598031e-02
8.780487804878047906e-03,3.333333333333333981e-03,4.847533632286994687e-03,1.277904102817598031e-02
8.780487804878047906e-03,3.333333333333333981e-03,4.847533632286994687e-03,1.277904102817598031e-02
8.780487804878047906e-03,3.333333333333333981e-03,4.847533632286994687e-03,1.277904102817598031e-02
8.780487804878047906e-03,3.333333333333333981e-03,4.847533632286994687e-03,1.277904102817598031e-02
8.780487804878047906e-03,3.333333333333333981e-03,4.847533632286994687e-03,1.277904102817598031e-02
8.780487804878047906e-03,3.333333333333333981e-03,4.847533632286994687e-03,1.277904102817598031e-02
8.780487804878047906e-03,3.333333333333333981e-03,4.847533632286994687e-03,1.277904102817598031e-02
8.780487804878047906e-03,3.333333333333333981e-03,4.847533632286994687e-03,1.277904102817598031e-02
8.780487804878047906e-03,3.333333333333333981e-03,4.847533632286994687e-03,1.277904102817598031e-02
8.780487804878047906e-03,3.333333333333333981e-03,4.847533632286994687e-03,1.277904102817598031e-02
8.780487804878047906e-03,3.333333333333333981e-03,4.847533632286994687e-03,1.277904102817598031e-02
8.780487804878047906e-03,3.333333333333333981e-03,4.847533632286994687e-03,1.277904102817598031e-02
8.780487804878047906e-03,3.333333333333333981e-03,4.847533632286994687e-03,1.277904102817598031e-02
8.780487804878047906e-03,3.333333333333333981e-03,4.847533632286994687e-03,1.277904102817598031e-02
8.780487804878047906e-03,3.333333333333333981e-03,4.847533632286994687e-03,1.277904102817598031e-02
8.780487804878047906e-03,3.333333333333333981e-03,4.847533632286994687e-03,1.277904102817598031e-02
8.780487804878047906e-03,3.333333333333333981e-03,4.847533632286994687e-03,1.277904102817598031e-02
8.780487804878047906e-03,3.333333333333333981e-03,4.847533632286994687e-03,1.277904102817598031e-02
8.780487804878047906e-03,3.333333333333333981e-03,4.847533632286994687e-03,1.277904102817598031e-02
8.780487804878047906e-03,3.333333333333333981e-03,4.847533632286994687e-03,1.277904102817598031e-02
8.780487804878047906e-03,3.333333333333333981e-03,4.847533632286994687e-03,1.277904102817598031e-02
8.780487804878047906e-03,3.333333333333333981e-03,4.847533632286994687e-03,1.277904102817598031e-02
8.780487804878047906e-03,3.333333333333333981e-03,4.847533632286994687e-03,1.277904102817598031e-02
8.780487804878047906e-03,3.333333333333333981e-03,4.847533632286994687e-03,1.277904102817598031e-02
8.780487804878047906e-03,3.333333333333333981e-03,4.847533632286994687e-03,1.277904102817598031e-02
8.780487804878047906e-03,3.333333333333333981e-03,4.847533632286994687e-03,1.277904102817598031e-02
8.780487804878047906e-03,3.333333333333333981e-03,4.847533632286994687e-03,1.277904102817598031e-02
8.780487804878047906e-03,3.333333333333333981e-03,4.847533632286994687e-03,1.277904102817598031e-02
8.780487804878047906e-03,3.333333333333333981e-03,4.847533632286994687e-03,1.277904102817598031e-02
8.780487804878047906e-03,3.333333333333333981e-03,4.847533632286994687e-03,1.277904102817598031e-02
8.780487804878047906e-03,3.333333333333333981e-03,4.847533632286994687e-03,1.277904102817598031e-02
8.780487804878047906e-03,3.333333333333333981e-03,4.847533632286994687e-03,1.277904102817598031e-02
8.780487804878047906e-03,3.333333333333333981e-03,4.847533632286994687e-03,1.277904102817598031e-02
8.780487804878047906e-03,3.333333333333333981e-03,4.847533632286994687e-03,1.277904102817598031e-02
8.780487804878047906e-03,3.333333333333333981e-03,4.847533632286994687e-03,1.277904102817598031e-02
8.780487804878047906e-03,3.333333333333333981e-03,4.847533632286994687e-03,1.277904102817598031e-02
8.780487804878047906e-03,3.333333333333333981e-03,4.847533632286994687e-03,1.277904102817598031e-02
8.780487804878047906e-03,3.333333333333333981e-03,4.847533632286994687e-03,1.277904102817598031e-02
8.780487804878047906e-03,3.333333333333333981e-03,4.847533632286994687e-03,1.277904102817598031e-02
8.780487804878047906e-03,3.333333333333333981e-03,4.847533632286994687e-03,1.277904102817598031e-02
8.780487804878047906e-03,3.333333333333333981e-03,4.847533632286994687e-03,1.277904102817598031e-02
8.780487804878047906e-03,3.333333333333333981e-03,4.847533632286994687e-03,1.277904102817598031e-02
8.780487804878047906e-03,3.333333333333333981e-03,4.847533632286994687e-03,1.277904102817598031e-02
8.780487804878047906e-03,3.333333333333333981e-03,4.847533632286994687e-03,1.277904102817598031e-02
8.780487804878047906e-03,3.333333333333333981e-03,4.847533632286994687e-03,1.277904102817598031e-02
8.780487804878047906e-03,3.333333333333333981e-03,4.847533632286994687e-03,1.277904102817598031e-02
8.780487804878047906e-03,3.333333333333333981e-03,4.847533632286994687e-03,1.277904102817598031e-02
8.780487804878047906e-03,3.333333333333333981e-03,4.847533632286994687e-03,1.277904102817598031e-02
8.780487804878047906e-03,3.333333333333333981e-03,4.847533632286994687e-03,1.277904102817598031e-02
8.780487804878047906e-03,3.333333333333333981e-03,4.847533632286994687e-03,1.277904102817598031e-02
8.780487804878047906e-03,3.333333333333333981e-03,4.847533632286994687e-03,1.277904102817598031e-02
8.780487804878047906e-03,3.333333333333333981e-03,4.847533632286994687e-03,1.277904102817598031e-02
8.780487804878047906e-03,3.333333333333333981e-03,4.847533632286994687e-03,1.277904102817598031e-02
8.780487804878047906e-03,3.333333333333333981e-03,4.847533632286994687e-03,1.277904102817598031e-02
8.780487804878047906e-03,3.333333333333333981e-03,4.847533632286994687e-03,1.277904102817598031e-02
8.780487804878047906e-03,3.333333333333333981e-03,4.847533632286994687e-03,1.277904102817598031e-02
8.780487804878047906e-03,3.333333333333333981e-03,4.847533632286994687e-03,1.277904102817598031e-02
8.780487804878047906e-03,3.333333333333333981e-03,4.847533632286994687e-03,1.277904102817598031e-02
8.780487804878047906e-03,3.333333333333333981e-03,4.847533632286994687e-03,1.277904102817598031e-02
8.780487804878047906e-03,3.333333333333333981e-03,4.847533632286994687e-03,1.277904102817598031e-02
8.780487804878047906e-03,3.333333333333333981e-03,4.847533632286994687e-03,1.277904102817598031e-02
8.780487804878047906e-03,3.333333333333333981e-03,4.847533632286994687e-03,1.277904102817598031e-02
8.780487804878047906e-03,3.333333333333333981e-03,4.847533632286994687e-03,1.277904102817598031e-02
8.780487804878047906e-03,3.333333333333333981e-03,4.847533632286994687e-03,1.277904102817598031e-02
8.780487804878047906e-03,3.333333333333333981e-03,4.847533632286994687e-03,1.277904102817598031e-02
8.780487804878047906e-03,3.333333333333333981e-03,4.847533632286994687e-03,1.277904102817598031e-02
8.780487804878047906e-03,3.333333333333333981e-03,4.847533632286994687e-03,1.277904102817598031e-02
8.780487804878047906e-03,3.333333333333333981e-03,4.847533632286994687e-03,1.277904102817598031e-02
8.780487804878047906e-03,3.333333333333333981e-03,4.847533632286994687e-03,1.277904102817598031e-02
8.780487804878047906e-03,3.333333333333333981e-03,4.847533632286994687e-03,1.277904102817598031e-02
8.780487804878047906e-03,3.333333333333333981e-03,4.847533632286994687e-03,1.277904102817598031e-02
8.780487804878047906e-03,3.333333333333333981e-03,4.847533632286994687e-03,1.277904102817598031e-02
8.780487804878047906e-03,3.333333333333333981e-03,4.847533632286994687e-03,1.277904102817598031e-02
8.780487804878047906e-03,3.333333333333333981e-03,4.847533632286994687e-03,1.277904102817598031e-02
8.780487804878047906e-03,3.333333333333333981e-03,4.847533632286994687e-03,1.277904102817598031e-02
8.780487804878047906e-03,3.333333333333333981e-03,4.847533632286994687e-03,1.277904102817598031e-02
8.780487804878047906e-03,3.333333333333333981e-03,4.847533632286994687e-03,1.277904102817598031e-02
8.780487804878047906e-03,3.333333333333333981e-03,4.847533632286994687e-03,1.277904102817598031e-02
8.780487804878047906e-03,3.333333333333333981e-03,4.847533632286994687e-03,1.277904102817598031e-02
8.780487804878047906e-03,3.333333333333333981e-03,4.847533632286994687e-03,1.277904102817598031e-02
8.780487804878047906e-03,3.333333333333333981e-03,4.847533632286994687e-03,1.277904102817598031e-02
8.780487804878047906e-03,3.333333333333333981e-03,4.847533632286994687e-03,1.277904102817598031e-02
8.780487804878047906e-03,3.333333333333333981e-03,4.847533632286994687e-03,1.277904102817598031e-02
8.780487804878047906e-03,3.333333333333333981e-03,4.847533632286994687e-03,1.277904102817598031e-02
8.780487804878047906e-03,3.333333333333333981e-03,4.847533632286994687e-03,1.277904102817598031e-02
8.780487804878047906e-03,3.333333333333333981e-03,4.847533632286994687e-03,1.277904102817598031e-02
8.780487804878047906e-03,3.333333333333333981e-03,4.847533632286994687e-03,1.277904102817598031e-02
8.780487804878047906e-03,3.333333333333333981e-03,4.847533632286994687e-03,1.277904102817598031e-02
8.780487804878047906e-03,3.333333333333333981e-03,4.847533632286994687e-03,1.277904102817598031e-02
8.780487804878047906e-03,3.333333333333333981e-03,4.847533632286994687e-03,1.277904102817598031e-02
8.780487804878047906e-03,3.333333333333333981e-03,4.847533632286994687e-03,1.277904102817598031e-02
8.780487804878047906e-03,3.333333333333333981e-03,4.847533632286994687e-03,1.277904102817598031e-02
8.780487804878047906e-03,3.333333333333333981e-03,4.847533632286994687e-03,1.277904102817598031e-02
8.780487804878047906e-03,3.333333333333333981e-03,4.847533632286994687e-03,1.277904102817598031e-02
8.780487804878047906e-03,3.333333333333333981e-03,4.847533632286994687e-03,1.277904102817598031e-02
8.780487804878047906e-03,3.333333333333333981e-03,4.847533632286994687e-03,1.277904102817598031e-02
8.780487804878047906e-03,3.333333333333333981e-03,4.847533632286994687e-03,1.277904102817598031e-02
8.780487804878047906e-03,3.333333333333333981e-03,4.847533632286994687e-03,1.277904102817598031e-02
8.780487804878047906e-03,3.333333333333333981e-03,4.847533632286994687e-03,1.277904102817598031e-02
8.780487804878047906e-03,3.333333333333333981e-03,4.847533632286994687e-03,1.277904102817598031e-02
8.780487804878047906e-03,3.333333333333333981e-03,4.847533632286994687e-03,1.277904102817598031e-02
8.780487804878047906e-03,3.333333333333333981e-03,4.847533632286994687e-03,1.277904102817598031e-02
8.780487804878047906e-03,3.333333333333333981e-03,4.847533632286994687e-03,1.277904102817598031e-02
8.780487804878047906e-03,3.333333333333333981e-03,4.847533632286994687e-03,1.277904102817598031e-02
8.780487804878047906e-03,3.333333333333333981e-03,4.847533632286994687e-03,1.277904102817598031e-02
8.780487804878047906e-03,3.333333333333333981e-03,4.847533632286994687e-03,1.277904102817598031e-02
8.780487804878047906e-03,3.333333333333333981e-03,4.847533632286994687e-03,1.277904102817598031e-02
8.780487804878047906e-03,3.333333333333333981e-03,4.847533632286994687e-03,1.277904102817598031e-02
8.780487804878047906e-03,3.333333333333333981e-03,4.847533632286994687e-03,1.277904102817598031e-02
8.780487804878047906e-03,3.333333333333333981e-03,4.847533632286994687e-03,1.277904102817598031e-02
8.780487804878047906e-03,3.333333333333333981e-03,4.847533632286994687e-03,1.277904102817598031e-02
8.780487804878047906e-03,3.333333333333333981e-03,4.847533632286994687e-03,1.277904102817598031e-02
8.780487804878047906e-03,3.333333333333333981e-03,4.847533632286994687e-03,1.277904102817598031e-02
8.780487804878047906e-03,3.333333333333333981e-03,4.847533632286994687e-03,1.277904102817598031e-02
8.780487804878047906e-03,3.333333333333333981e-03,4.847533632286994687e-03,1.277904102817598031e-02
8.780487804878047906e-03,3.333333333333333981e-03,4.847533632286994687e-03,1.277904102817598031e-02
8.780487804878047906e-03,3.333333333333333981e-03,4.847533632286994687e-03,1.277904102817598031e-02
8.780487804878047906e-03,3.333333333333333981e-03,4.847533632286994687e-03,1.277904102817598031e-02
8.780487804878047906e-03,3.333333333333333981e-03,4.847533632286994687e-03,1.277904102817598031e-02
8.780487804878047906e-03,3.333333333333333981e-03,4.847533632286994687e-03,1.277904102817598031e-02
8.780487804878047906e-03,3.333333333333333981e-03,4.847533632286994687e-03,1.277904102817598031e-02
8.780487804878047906e-03,3.333333333333333981e-03,4.847533632286994687e-03,1.277904102817598031e-02
8.780487804878047906e-03,3.333333333333333981e-03,4.847533632286994687e-03,1.277904102817598031e-02
8.780487804878047906e-03,3.333333333333333981e-03,4.847533632286994687e-03,1.277904102817598031e-02
8.780487804878047906e-03,3.333333333333333981e-03,4.847533632286994687e-03,1.277904102817598031e-02
8.780487804878047906e-03,3.333333333333333981e-03,4.847533632286994687e-03,1.277904102817598031e-02
8.780487804878047906e-03,3.333333333333333981e-03,4.847533632286994687e-03,1.277904102817598031e-02
8.780487804878047906e-03,3.333333333333333981e-03,4.847533632286994687e-03,1.277904102817598031e-02
8.780487804878047906e-03,3.333333333333333981e-03,4.847533632286994687e-03,1.277904102817598031e-02
8.780487804878047906e-03,3.333333333333333981e-03,4.847533632286994687e-03,1.277904102817598031e-02
8.780487804878047906e-03,3.333333333333333981e-03,4.847533632286994687e-03,1.277904102817598031e-02
8.780487804878047906e-03,3.333333333333333981e-03,4.847533632286994687e-03,1.277904102817598031e-02
8.780487804878047906e-03,3.333333333333333981e-03,4.847533632286994687e-03,1.277904102817598031e-02
8.780487804878047906e-03,3.333333333333333981e-03,4.847533632286994687e-03,1.277904102817598031e-02
8.780487804878047906e-03,3.333333333333333981e-03,4.847533632286994687e-03,1.277904102817598031e-02
8.780487804878047906e-03,3.333333333333333981e-03,4.847533632286994687e-03,1.277904102817598031e-02
8.780487804878047906e-03,3.333333333333333981e-03,4.847533632286994687e-03,1.277904102817598031e-02
8.780487804878047906e-03,3.333333333333333981e-03,4.847533632286994687e-03,1.277904102817598031e-02
8.780487804878047906e-03,3.333333333333333981e-03,4.847533632286994687e-03,1.277904102817598031e-02
8.780487804878047906e-03,3.333333333333333981e-03,4.847533632286994687e-03,1.277904102817598031e-02
8.780487804878047906e-03,3.333333333333333981e-03,4.847533632286994687e-03,1.277904102817598031e-02
8.780487804878047906e-03,3.333333333333333981e-03,4.847533632286994687e-03,1.277904102817598031e-02
8.780487804878047906e-03,3.333333333333333981e-03,4.847533632286994687e-03,1.277904102817598031e-02
8.780487804878047906e-03,3.333333333333333981e-03,4.847533632286994687e-03,1.277904102817598031e-02
8.780487804878047906e-03,3.333333333333333981e-03,4.847533632286994687e-03,1.277904102817598031e-02
8.780487804878047906e-03,3.333333333333333981e-03,4.847533632286994687e-03,1.277904102817598031e-02
8.780487804878047906e-03,3.333333333333333981e-03,4.847533632286994687e-03,1.277904102817598031e-02
8.780487804878047906e-03,3.333333333333333981e-03,4.847533632286994687e-03,1.277904102817598031e-02
8.780487804878047906e-03,3.333333333333333981e-03,4.847533632286994687e-03,1.277904102817598031e-02
8.780487804878047906e-03,3.333333333333333981e-03,4.847533632286994687e-03,1.277904102817598031e-02
8.780487804878047906e-03,3.333333333333333981e-03,4.847533632286994687e-03,1.277904102817598031e-02
8.780487804878047906e-03,3.333333333333333981e-03,4.847533632286994687e-03,1.277904102817598031e-02
8.780487804878047906e-03,3.333333333333333981e-03,4.847533632286994687e-03,1.277904102817598031e-02
8.780487804878047906e-03,3.333333333333333981e-03,4.847533632286994687e-03,1.277904102817598031e-02
8.780487804878047906e-03,3.333333333333333981e-03,4.847533632286994687e-03,1.277904102817598031e-02
8.780487804878047906e-03,3.333333333333333981e-03,4.847533632286994687e-03,1.277904102817598031e-02
8.780487804878047906e-03,3.333333333333333981e-03,4.847533632286994687e-03,1.277904102817598031e-02
8.780487804878047906e-03,3.333333333333333981e-03,4.847533632286994687e-03,1.277904102817598031e-02
8.780487804878047906e-03,3.333333333333333981e-03,4.847533632286994687e-03,1.277904102817598031e-02
8.780487804878047906e-03,3.333333333333333981e-03,4.847533632286994687e-03,1.277904102817598031e-02
8.780487804878047906e-03,3.333333333333333981e-03,4.847533632286994687e-03,1.277904102817598031e-02
8.780487804878047906e-03,3.333333333333333981e-03,4.847533632286994687e-03,1.277904102817598031e-02
8.780487804878047906e-03,3.333333333333333981e-03,4.847533632286994687e-03,1.277904102817598031e-02
8.780487804878047906e-03,3.333333333333333981e-03,4.847533632286994687e-03,1.277904102817598031e-02
8.780487804878047906e-03,3.333333333333333981e-03,4.847533632286994687e-03,1.277904102817598031e-02
8.780487804878047906e-03,3.333333333333333981e-03,4.847533632286994687e-03,1.277904102817598031e-02
8.780487804878047906e-03,3.333333333333333981e-03,4.847533632286994687e-03,1.277904102817598031e-02
8.780487804878047906e-03,3.333333333333333981e-03,4.847533632286994687e-03,1.277904102817598031e-02
8.780487804878047906e-03,3.333333333333333981e-03,4.847533632286994687e-03,1.277904102817598031e-02
8.780487804878047906e-03,3.333333333333333981e-03,4.847533632286994687e-03,1.277904102817598031e-02
8.780487804878047906e-03,3.333333333333333981e-03,4.847533632286994687e-03,1.277904102817598031e-02
8.780487804878047906e-03,3.333333333333333981e-03,4.847533632286994687e-03,1.277904102817598031e-02
8.780487804878047906e-03,3.333333333333333981e-03,4.847533632286994687e-03,1.277904102817598031e-02
8.780487804878047906e-03,3.333333333333333981e-03,4.847533632286994687e-03,1.277904102817598031e-02
8.780487804878047906e-03,3.333333333333333981e-03,4.847533632286994687e-03,1.277904102817598031e-02
8.780487804878047906e-03,3.333333333333333981e-03,4.847533632286994687e-03,1.277904102817598031e-02
8.780487804878047906e-03,3.333333333333333981e-03,4.847533632286994687e-03,1.277904102817598031e-02
8.780487804878047906e-03,3.333333333333333981e-03,4.847533632286994687e-03,1.277904102817598031e-02
8.780487804878047906e-03,3.333333333333333981e-03,4.847533632286994687e-03,1.277904102817598031e-02
8.780487804878047906e-03,3.333333333333333981e-03,4.847533632286994687e-03,1.277904102817598031e-02
8.780487804878047906e-03,3.333333333333333981e-03,4.847533632286994687e-03,1.277904102817598031e-02
8.780487804878047906e-03,3.333333333333333981e-03,4.847533632286994687e-03,1.277904102817598031e-02
8.780487804878047906e-03,3.333333333333333981e-03,4.847533632286994687e-03,1.277904102817598031e-02
8.780487804878047906e-03,3.333333333333333981e-03,4.847533632286994687e-03,1.277904102817598031e-02
8.780487804878047906e-03,3.333333333333333981e-03,4.847533632286994687e-03,1.277904102817598031e-02
8.780487804878047906e-03,3.333333333333333981e-03,4.847533632286994687e-03,1.277904102817598031e-02
8.780487804878047906e-03,3.333333333333333981e-03,4.847533632286994687e-03,1.277904102817598031e-02
8.780487804878047906e-03,3.333333333333333981e-03,4.847533632286994687e-03,1.277904102817598031e-02
8.780487804878047906e-03,3.333333333333333981e-03,4.847533632286994687e-03,1.277904102817598031e-02
8.780487804878047906e-03,3.333333333333333981e-03,4.847533632286994687e-03,1.277904102817598031e-02
8.780487804878047906e-03,3.333333333333333981e-03,4.847533632286994687e-03,1.277904102817598031e-02
8.780487804878047906e-03,3.333333333333333981e-03,4.847533632286994687e-03,1.277904102817598031e-02
8.780487804878047906e-03,3.333333333333333981e-03,4.847533632286994687e-03,1.277904102817598031e-02
8.780487804878047906e-03,3.333333333333333981e-03,4.847533632286994687e-03,1.277904102817598031e-02
8.780487804878047906e-03,3.333333333333333981e-03,4.847533632286994687e-03,1.277904102817598031e-02
8.780487804878047906e-03,3.333333333333333981e-03,4.847533632286994687e-03,1.277904102817598031e-02
8.780487804878047906e-03,3.333333333333333981e-03,4.847533632286994687e-03,1.277904102817598031e-02
8.780487804878047906e-03,3.333333333333333981e-03,4.847533632286994687e-03,1.277904102817598031e-02
8.780487804878047906e-03,3.333333333333333981e-03,4.847533632286994687e-03,1.277904102817598031e-02
8.780487804878047906e-03,3.333333333333333981e-03,4.847533632286994687e-03,1.277904102817598031e-02
8.780487804878047906e-03,3.333333333333333981e-03,4.847533632286994687e-03,1.277904102817598031e-02
8.780487804878047906e-03,3.333333333333333981e-03,4.847533632286994687e-03,1.277904102817598031e-02
8.780487804878047906e-03,3.333333333333333981e-03,4.847533632286994687e-03,1.277904102817598031e-02
8.780487804878047906e-03,3.333333333333333981e-03,4.847533632286994687e-03,1.277904102817598031e-02
8.780487804878047906e-03,3.333333333333333981e-03,4.847533632286994687e-03,1.277904102817598031e-02
8.780487804878047906e-03,3.333333333333333981e-03,4.847533632286994687e-03,1.277904102817598031e-02
8.780487804878047906e-03,3.333333333333333981e-03,4.847533632286994687e-03,1.277904102817598031e-02
8.780487804878047906e-03,3.333333333333333981e-03,4.847533632286994687e-03,1.277904102817598031e-02
8.780487804878047906e-03,3.333333333333333981e-03,4.847533632286994687e-03,1.277904102817598031e-02
8.780487804878047906e-03,3.333333333333333981e-03,4.847533632286994687e-03,1.277904102817598031e-02
8.780487804878047906e-03,3.333333333333333981e-03,4.847533632286994687e-03,1.277904102817598031e-02
8.780487804878047906e-03,3.333333333333333981e-03,4.847533632286994687e-03,1.277904102817598031e-02
8.780487804878047906e-03,3.333333333333333981e-03,4.847533632286994687e-03,1.277904102817598031e-02
8.780487804878047906e-03,3.333333333333333981e-03,4.847533632286994687e-03,1.277904102817598031e-02
8.780487804878047906e-03,3.333333333333333981e-03,4.847533632286994687e-03,1.277904102817598031e-02
8.780487804878047906e-03,3.333333333333333981e-03,4.847533632286994687e-03,1.277904102817598031e-02
8.780487804878047906e-03,3.333333333333333981e-03,4.847533632286994687e-03,1.277904102817598031e-02
8.780487804878047906e-03,3.333333333333333981e-03,4.847533632286994687e-03,1.277904102817598031e-02
8.780487804878047906e-03,3.333333333333333981e-03,4.847533632286994687e-03,1.277904102817598031e-02
8.780487804878047906e-03,3.333333333333333981e-03,4.847533632286994687e-03,1.277904102817598031e-02
8.780487804878047906e-03,3.333333333333333981e-03,4.847533632286994687e-03,1.277904102817598031e-02
8.780487804878047906e-03,3.333333333333333981e-03,4.847533632286994687e-03,1.277904102817598031e-02
8.780487804878047906e-03,3.333333333333333981e-03,4.847533632286994687e-03,1.277904102817598031e-02
8.780487804878047906e-03,3.333333333333333981e-03,4.847533632286994687e-03,1.277904102817598031e-02
8.780487804878047906e-03,3.333333333333333981e-03,4.847533632286994687e-03,1.277904102817598031e-02
8.780487804878047906e-03,3.333333333333333981e-03,4.847533632286994687e-03,1.277904102817598031e-02
8.780487804878047906e-03,3.333333333333333981e-03,4.847533632286994687e-03,1.277904102817598031e-02
8.780487804878047906e-03,3.333333333333333981e-03,4.847533632286994687e-03,1.277904102817598031e-02
8.780487804878047906e-03,3.333333333333333981e-03,4.847533632286994687e-03,1.277904102817598031e-02
8.780487804878047906e-03,3.333333333333333981e-03,4.847533632286994687e-03,1.277904102817598031e-02
8.780487804878047906e-03,3.333333333333333981e-03,4.847533632286994687e-03,1.277904102817598031e-02
8.780487804878047906e-03,3.333333333333333981e-03,4.847533632286994687e-03,1.277904102817598031e-02
8.780487804878047906e-03,3.333333333333333981e-03,4.847533632286994687e-03,1.277904102817598031e-02
8.780487804878047906e-03,3.333333333333333981e-03,4.847533632286994687e-03,1.277904102817598031e-02
8.780487804878047906e-03,3.333333333333333981e-03,4.847533632286994687e-03,1.277904102817598031e-02
8.780487804878047906e-03,3.333333333333333981e-03,4.847533632286994687e-03,1.277904102817598031e-02
8.780487804878047906e-03,3.333333333333333981e-03,4.847533632286994687e-03,1.277904102817598031e-02
8.780487804878047906e-03,3.333333333333333981e-03,4.847533632286994687e-03,1.277904102817598031e-02
8.780487804878047906e-03,3.333333333333333981e-03,4.847533632286994687e-03,1.277904102817598031e-02
8.780487804878047906e-03,3.333333333333333981e-03,4.847533632286994687e-03,1.277904102817598031e-02
8.780487804878047906e-03,3.333333333333333981e-03,4.847533632286994687e-03,1.277904102817598031e-02
8.780487804878047906e-03,3.333333333333333981e-03,4.847533632286994687e-03,1.277904102817598031e-02
8.780487804878047906e-03,3.333333333333333981e-03,4.847533632286994687e-03,1.277904102817598031e-02
8.780487804878047906e-03,3.333333333333333981e-03,4.847533632286994687e-03,1.277904102817598031e-02
8.780487804878047906e-03,3.333333333333333981e-03,4.847533632286994687e-03,1.277904102817598031e-02
8.780487804878047906e-03,3.333333333333333981e-03,4.847533632286994687e-03,1.277904102817598031e-02
8.780487804878047906e-03,3.333333333333333981e-03,4.847533632286994687e-03,1.277904102817598031e-02
8.780487804878047906e-03,3.333333333333333981e-03,4.847533632286994687e-03,1.277904102817598031e-02
8.780487804878047906e-03,3.333333333333333981e-03,4.847533632286994687e-03,1.277904102817598031e-02
8.780487804878047906e-03,3.333333333333333981e-03,4.847533632286994687e-03,1.277904102817598031e-02
8.780487804878047906e-03,3.333333333333333981e-03,4.847533632286994687e-03,1.277904102817598031e-02
8.780487804878047906e-03,3.333333333333333981e-03,4.847533632286994687e-03,1.277904102817598031e-02
8.780487804878047906e-03,3.333333333333333981e-03,4.847533632286994687e-03,1.277904102817598031e-02
8.780487804878047906e-03,3.333333333333333981e-03,4.847533632286994687e-03,1.277904102817598031e-02
8.780487804878047906e-03,3.333333333333333981e-03,4.847533632286994687e-03,1.277904102817598031e-02
8.780487804878047906e-03,3.333333333333333981e-03,4.847533632286994687e-03,1.277904102817598031e-02
8.780487804878047906e-03,3.333333333333333981e-03,4.847533632286994687e-03,1.277904102817598031e-02
8.780487804878047906e-03,3.333333333333333981e-03,4.847533632286994687e-03,1.277904102817598031e-02
8.780487804878047906e-03,3.333333333333333981e-03,4.847533632286994687e-03,1.277904102817598031e-02
8.780487804878047906e-03,3.333333333333333981e-03,4.847533632286994687e-03,1.277904102817598031e-02
8.780487804878047906e-03,3.333333333333333981e-03,4.847533632286994687e-03,1.277904102817598031e-02
8.780487804878047906e-03,3.333333333333333981e-03,4.847533632286994687e-03,1.277904102817598031e-02
8.780487804878047906e-03,3.333333333333333981e-03,4.847533632286994687e-03,1.277904102817598031e-02
8.780487804878047906e-03,3.333333333333333981e-03,4.847533632286994687e-03,1.277904102817598031e-02
8.780487804878047906e-03,3.333333333333333981e-03,4.847533632286994687e-03,1.277904102817598031e-02
8.780487804878047906e-03,3.333333333333333981e-03,4.847533632286994687e-03,1.277904102817598031e-02
8.780487804878047906e-03,3.333333333333333981e-03,4.847533632286994687e-03,1.277904102817598031e-02
8.780487804878047906e-03,3.333333333333333981e-03,4.847533632286994687e-03,1.277904102817598031e-02
8.780487804878047906e-03,3.333333333333333981e-03,4.847533632286994687e-03,1.277904102817598031e-02
8.780487804878047906e-03,3.333333333333333981e-03,4.847533632286994687e-03,1.277904102817598031e-02
8.780487804878047906e-03,3.333333333333333981e-03,4.847533632286994687e-03,1.277904102817598031e-02
8.780487804878047906e-03,3.333333333333333981e-03,4.847533632286994687e-03,1.277904102817598031e-02
8.780487804878047906e-03,3.333333333333333981e-03,4.847533632286994687e-03,1.277904102817598031e-02
8.780487804878047906e-03,3.333333333333333981e-03,4.847533632286994687e-03,1.277904102817598031e-02
8.780487804878047906e-03,3.333333333333333981e-03,4.847533632286994687e-03,1.277904102817598031e-02
8.780487804878047906e-03,3.333333333333333981e-03,4.847533632286994687e-03,1.277904102817598031e-02
8.780487804878047906e-03,3.333333333333333981e-03,4.847533632286994687e-03,1.277904102817598031e-02
8.780487804878047906e-03,3.333333333333333981e-03,4.847533632286994687e-03,1.277904102817598031e-02
8.780487804878047906e-03,3.333333333333333981e-03,4.847533632286994687e-03,1.277904102817598031e-02
8.780487804878047906e-03,3.333333333333333981e-03,4.847533632286994687e-03,1.277904102817598031e-02
8.780487804878047906e-03,3.333333333333333981e-03,4.847533632286994687e-03,1.277904102817598031e-02
8.780487804878047906e-03,3.333333333333333981e-03,4.847533632286994687e-03,1.277904102817598031e-02
8.780487804878047906e-03,3.333333333333333981e-03,4.847533632286994687e-03,1.277904102817598031e-02
8.780487804878047906e-03,3.333333333333333981e-03,4.847533632286994687e-03,1.277904102817598031e-02
8.780487804878047906e-03,3.333333333333333981e-03,4.847533632286994687e-03,1.277904102817598031e-02
8.780487804878047906e-03,3.333333333333333981e-03,4.847533632286994687e-03,1.277904102817598031e-02
8.780487804878047906e-03,3.333333333333333981e-03,4.847533632286994687e-03,1.277904102817598031e-02
8.780487804878047906e-03,3.333333333333333981e-03,4.847533632286994687e-03,1.277904102817598031e-02
8.780487804878047906e-03,3.333333333333333981e-03,4.847533632286994687e-03,1.277904102817598031e-02
8.780487804878047906e-03,3.333333333333333981e-03,4.847533632286994687e-03,1.277904102817598031e-02
8.780487804878047906e-03,3.333333333333333981e-03,4.847533632286994687e-03,1.277904102817598031e-02
8.780487804878047906e-03,3.333333333333333981e-03,4.847533632286994687e-03,1.277904102817598031e-02
8.780487804878047906e-03,3.333333333333333981e-03,4.847533632286994687e-03,1.277904102817598031e-02
8.780487804878047906e-03,3.333333333333333981e-03,4.847533632286994687e-03,1.277904102817598031e-02
8.780487804878047906e-03,3.333333333333333981e-03,4.847533632286994687e-03,1.277904102817598031e-02
8.780487804878047906e-03,3.333333333333333981e-03,4.847533632286994687e-03,1.277904102817598031e-02
8.780487804878047906e-03,3.333333333333333981e-03,4.847533632286994687e-03,1.277904102817598031e-02
8.780487804878047906e-03,3.333333333333333981e-03,4.847533632286994687e-03,1.277904102817598031e-02
8.780487804878047906e-03,3.333333333333333981e-03,4.847533632286994687e-03,1.277904102817598031e-02
8.780487804878047906e-03,3.333333333333333981e-03,4.847533632286994687e-03,1.277904102817598031e-02
8.780487804878047906e-03,3.333333333333333981e-03,4.847533632286994687e-03,1.277904102817598031e-02
8.780487804878047906e-03,3.333333333333333981e-03,4.847533632286994687e-03,1.277904102817598031e-02
8.780487804878047906e-03,3.333333333333333981e-03,4.847533632286994687e-03,1.277904102817598031e-02
8.780487804878047906e-03,3.333333333333333981e-03,4.847533632286994687e-03,1.277904102817598031e-02
8.780487804878047906e-03,3.333333333333333981e-03,4.847533632286994687e-03,1.277904102817598031e-02
8.780487804878047906e-03,3.333333333333333981e-03,4.847533632286994687e-03,1.277904102817598031e-02
8.780487804878047906e-03,3.333333333333333981e-03,4.847533632286994687e-03,1.277904102817598031e-02
8.780487804878047906e-03,3.333333333333333981e-03,4.847533632286994687e-03,1.277904102817598031e-02
8.780487804878047906e-03,3.333333333333333981e-03,4.847533632286994687e-03,1.277904102817598031e-02
8.780487804878047906e-03,3.333333333333333981e-03,4.847533632286994687e-03,1.277904102817598031e-02
8.780487804878047906e-03,3.333333333333333981e-03,4.847533632286994687e-03,1.277904102817598031e-02
8.780487804878047906e-03,3.333333333333333981e-03,4.847533632286994687e-03,1.277904102817598031e-02
8.780487804878047906e-03,3.333333333333333981e-03,4.847533632286994687e-03,1.277904102817598031e-02
8.780487804878047906e-03,3.333333333333333981e-03,4.847533632286994687e-03,1.277904102817598031e-02
8.780487804878047906e-03,3.333333333333333981e-03,4.847533632286994687e-03,1.277904102817598031e-02
8.780487804878047906e-03,3.333333333333333981e-03,4.847533632286994687e-03,1.277904102817598031e-02
8.780487804878047906e-03,3.333333333333333981e-03,4.847533632286994687e-03,1.277904102817598031e-02
8.780487804878047906e-03,3.333333333333333981e-03,4.847533632286994687e-03,1.277904102817598031e-02
8.780487804878047906e-03,3.333333333333333981e-03,4.847533632286994687e-03,1.277904102817598031e-02
8.780487804878047906e-03,3.333333333333333981e-03,4.847533632286994687e-03,1.277904102817598031e-02
8.780487804878047906e-03,3.333333333333333981e-03,4.847533632286994687e-03,1.277904102817598031e-02
8.780487804878047906e-03,3.333333333333333981e-03,4.847533632286994687e-03,1.277904102817598031e-02
8.780487804878047906e-03,3.333333333333333981e-03,4.847533632286994687e-03,1.277904102817598031e-02
8.780487804878047906e-03,3.333333333333333981e-03,4.847533632286994687e-03,1.277904102817598031e-02
8.780487804878047906e-03,3.333333333333333981e-03,4.847533632286994687e-03,1.277904102817598031e-02
8.780487804878047906e-03,3.333333333333333981e-03,4.847533632286994687e-03,1.277904102817598031e-02
8.780487804878047906e-03,3.333333333333333981e-03,4.847533632286994687e-03,1.277904102817598031e-02
8.780487804878047906e-03,3.333333333333333981e-03,4.847533632286994687e-03,1.277904102817598031e-02
8.780487804878047906e-03,3.333333333333333981e-03,4.847533632286994687e-03,1.277904102817598031e-02
8.780487804878047906e-03,3.333333333333333981e-03,4.847533632286994687e-03,1.277904102817598031e-02
8.780487804878047906e-03,3.333333333333333981e-03,4.847533632286994687e-03,1.277904102817598031e-02
8.780487804878047906e-03,3.333333333333333981e-03,4.847533632286994687e-03,1.277904102817598031e-02
8.780487804878047906e-03,3.333333333333333981e-03,4.847533632286994687e-03,1.277904102817598031e-02
8.780487804878047906e-03,3.333333333333333981e-03,4.847533632286994687e-03,1.277904102817598031e-02
8.780487804878047906e-03,3.333333333333333981e-03,4.847533632286994687e-03,1.277904102817598031e-02
8.780487804878047906e-03,3.333333333333333981e-03,4.847533632286994687e-03,1.277904102817598031e-02
8.780487804878047906e-03,3.333333333333333981e-03,4.847533632286994687e-03,1.277904102817598031e-02
8.780487804878047906e-03,3.333333333333333981e-03,4.847533632286994687e-03,1.277904102817598031e-02
8.780487804878047906e-03,3.333333333333333981e-03,4.847533632286994687e-03,1.277904102817598031e-02
8.780487804878047906e-03,3.333333333333333981e-03,4.847533632286994687e-03,1.277904102817598031e-02
8.780487804878047906e-03,3.333333333333333981e-03,4.847533632286994687e-03,1.277904102817598031e-02
8.780487804878047906e-03,3.333333333333333981e-03,4.847533632286994687e-03,1.277904102817598031e-02
8.780487804878047906e-03,3.333333333333333981e-03,4.847533632286994687e-03,1.277904102817598031e-02
8.780487804878047906e-03,3.333333333333333981e-03,4.847533632286994687e-03,1.277904102817598031e-02
8.780487804878047906e-03,3.333333333333333981e-03,4.847533632286994687e-03,1.277904102817598031e-02
8.780487804878047906e-03,3.333333333333333981e-03,4.847533632286994687e-03,1.277904102817598031e-02
8.780487804878047906e-03,3.333333333333333981e-03,4.847533632286994687e-03,1.277904102817598031e-02
8.780487804878047906e-03,3.333333333333333981e-03,4.847533632286994687e-03,1.277904102817598031e-02
8.780487804878047906e-03,3.333333333333333981e-03,4.847533632286994687e-03,1.277904102817598031e-02
8.780487804878047906e-03,3.333333333333333981e-03,4.847533632286994687e-03,1.277904102817598031e-02
8.780487804878047906e-03,3.333333333333333981e-03,4.847533632286994687e-03,1.277904102817598031e-02
8.780487804878047906e-03,3.333333333333333981e-03,4.847533632286994687e-03,1.277904102817598031e-02
8.780487804878047906e-03,3.333333333333333981e-03,4.847533632286994687e-03,1.277904102817598031e-02
8.780487804878047906e-03,3.333333333333333981e-03,4.847533632286994687e-03,1.277904102817598031e-02
8.780487804878047906e-03,3.333333333333333981e-03,4.847533632286994687e-03,1.277904102817598031e-02
8.780487804878047906e-03,3.333333333333333981e-03,4.847533632286994687e-03,1.277904102817598031e-02
8.780487804878047906e-03,3.333333333333333981e-03,4.847533632286994687e-03,1.277904102817598031e-02
8.780487804878047906e-03,3.333333333333333981e-03,4.847533632286994687e-03,1.277904102817598031e-02
8.780487804878047906e-03,3.333333333333333981e-03,4.847533632286994687e-03,1.277904102817598031e-02
8.780487804878047906e-03,3.333333333333333981e-03,4.847533632286994687e-03,1.277904102817598031e-02
8.780487804878047906e-03,3.333333333333333981e-03,4.847533632286994687e-03,1.277904102817598031e-02
8.780487804878047906e-03,3.333333333333333981e-03,4.847533632286994687e-03,1.277904102817598031e-02
8.780487804878047906e-03,3.333333333333333981e-03,4.847533632286994687e-03,1.277904102817598031e-02
8.780487804878047906e-03,3.333333333333333981e-03,4.847533632286994687e-03,1.277904102817598031e-02
8.780487804878047906e-03,3.333333333333333981e-03,4.847533632286994687e-03,1.277904102817598031e-02
8.780487804878047906e-03,3.333333333333333981e-03,4.847533632286994687e-03,1.277904102817598031e-02
8.780487804878047906e-03,3.333333333333333981e-03,4.847533632286994687e-03,1.277904102817598031e-02
8.780487804878047906e-03,3.333333333333333981e-03,4.847533632286994687e-03,1.277904102817598031e-02
8.780487804878047906e-03,3.333333333333333981e-03,4.847533632286994687e-03,1.277904102817598031e-02
8.780487804878047906e-03,3.333333333333333981e-03,4.847533632286994687e-03,1.277904102817598031e-02
8.780487804878047906e-03,3.333333333333333981e-03,4.847533632286994687e-03,1.277904102817598031e-02
8.780487804878047906e-03,3.333333333333333981e-03,4.847533632286994687e-03,1.277904102817598031e-02
8.780487804878047906e-03,3.333333333333333981e-03,4.847533632286994687e-03,1.277904102817598031e-02
8.780487804878047906e-03,3.333333333333333981e-03,4.847533632286994687e-03,1.277904102817598031e-02
8.780487804878047906e-03,3.333333333333333981e-03,4.847533632286994687e-03,1.277904102817598031e-02
8.780487804878047906e-03,3.333333333333333981e-03,4.847533632286994687e-03,1.277904102817598031e-02
8.780487804878047906e-03,3.333333333333333981e-03,4.847533632286994687e-03,1.277904102817598031e-02
8.780487804878047906e-03,3.333333333333333981e-03,4.847533632286994687e-03,1.277904102817598031e-02
8.780487804878047906e-03,3.333333333333333981e-03,4.847533632286994687e-03,1.277904102817598031e-02
8.780487804878047906e-03,3.333333333333333981e-03,4.847533632286994687e-03,1.277904102817598031e-02
8.780487804878047906e-03,3.333333333333333981e-03,4.847533632286994687e-03,1.277904102817598031e-02
8.780487804878047906e-03,3.333333333333333981e-03,4.847533632286994687e-03,1.277904102817598031e-02
8.780487804878047906e-03,3.333333333333333981e-03,4.847533632286994687e-03,1.277904102817598031e-02
8.780487804878047906e-03,3.333333333333333981e-03,4.847533632286994687e-03,1.277904102817598031e-02
8.780487804878047906e-03,3.333333333333333981e-03,4.847533632286994687e-03,1.277904102817598031e-02
8.780487804878047906e-03,3.333333333333333981e-03,4.847533632286994687e-03,1.277904102817598031e-02
8.780487804878047906e-03,3.333333333333333981e-03,4.847533632286994687e-03,1.277904102817598031e-02
8.780487804878047906e-03,3.333333333333333981e-03,4.847533632286994687e-03,1.277904102817598031e-02
8.780487804878047906e-03,3.333333333333333981e-03,4.847533632286994687e-03,1.277904102817598031e-02
8.780487804878047906e-03,3.333333333333333981e-03,4.847533632286994687e-03,1.277904102817598031e-02
8.780487804878047906e-03,3.333333333333333981e-03,4.847533632286994687e-03,1.277904102817598031e-02
8.780487804878047906e-03,3.333333333333333981e-03,4.847533632286994687e-03,1.277904102817598031e-02
8.780487804878047906e-03,3.333333333333333981e-03,4.847533632286994687e-03,1.277904102817598031e-02
8.780487804878047906e-03,3.333333333333333981e-03,4.847533632286994687e-03,1.277904102817598031e-02
8.780487804878047906e-03,3.333333333333333981e-03,4.847533632286994687e-03,1.277904102817598031e-02
8.780487804878047906e-03,3.333333333333333981e-03,4.847533632286994687e-03,1.277904102817598031e-02
8.780487804878047906e-03,3.333333333333333981e-03,4.847533632286994687e-03,1.277904102817598031e-02
8.780487804878047906e-03,3.333333333333333981e-03,4.847533632286994687e-03,1.277904102817598031e-02
8.780487804878047906e-03,3.333333333333333981e-03,4.847533632286994687e-03,1.277904102817598031e-02
8.780487804878047906e-03,3.333333333333333981e-03,4.847533632286994687e-03,1.277904102817598031e-02
8.780487804878047906e-03,3.333333333333333981e-03,4.847533632286994687e-03,1.277904102817598031e-02
8.780487804878047906e-03,3.333333333333333981e-03,4.847533632286994687e-03,1.277904102817598031e-02
8.780487804878047906e-03,3.333333333333333981e-03,4.847533632286994687e-03,1.277904102817598031e-02
8.780487804878047906e-03,3.333333333333333981e-03,4.847533632286994687e-03,1.277904102817598031e-02
8.780487804878047906e-03,3.333333333333333981e-03,4.847533632286994687e-03,1.277904102817598031e-02
8.780487804878047906e-03,3.333333333333333981e-03,4.847533632286994687e-03,1.277904102817598031e-02
8.780487804878047906e-03,3.333333333333333981e-03,4.847533632286994687e-03,1.277904102817598031e-02
8.780487804878047906e-03,3.333333333333333981e-03,4.847533632286994687e-03,1.277904102817598031e-02
8.780487804878047906e-03,3.333333333333333981e-03,4.847533632286994687e-03,1.277904102817598031e-02
8.780487804878047906e-03,3.333333333333333981e-03,4.847533632286994687e-03,1.277904102817598031e-02
8.780487804878047906e-03,3.333333333333333981e-03,4.847533632286994687e-03,1.277904102817598031e-02
8.780487804878047906e-03,3.333333333333333981e-03,4.847533632286994687e-03,1.277904102817598031e-02
8.780487804878047906e-03,3.333333333333333981e-03,4.847533632286994687e-03,1.277904102817598031e-02
8.780487804878047906e-03,3.333333333333333981e-03,4.847533632286994687e-03,1.277904102817598031e-02
8.780487804878047906e-03,3.333333333333333981e-03,4.847533632286994687e-03,1.277904102817598031e-02
8.780487804878047906e-03,3.333333333333333981e-03,4.847533632286994687e-03,1.277904102817598031e-02
8.780487804878047906e-03,3.333333333333333981e-03,4.847533632286994687e-03,1.277904102817598031e-02
8.780487804878047906e-03,3.333333333333333981e-03,4.847533632286994687e-03,1.277904102817598031e-02
8.780487804878047906e-03,3.333333333333333981e-03,4.847533632286994687e-03,1.277904102817598031e-02
8.780487804878047906e-03,3.333333333333333981e-03,4.847533632286994687e-03,1.277904102817598031e-02
8.780487804878047906e-03,3.333333333333333981e-03,4.847533632286994687e-03,1.277904102817598031e-02
8.780487804878047906e-03,3.333333333333333981e-03,4.847533632286994687e-03,1.277904102817598031e-02
8.780487804878047906e-03,3.333333333333333981e-03,4.847533632286994687e-03,1.277904102817598031e-02
8.780487804878047906e-03,3.333333333333333981e-03,4.847533632286994687e-03,1.277904102817598031e-02
8.780487804878047906e-03,3.333333333333333981e-03,4.847533632286994687e-03,1.277904102817598031e-02
8.780487804878047906e-03,3.333333333333333981e-03,4.847533632286994687e-03,1.277904102817598031e-02
8.780487804878047906e-03,3.333333333333333981e-03,4.847533632286994687e-03,1.277904102817598031e-02
8.780487804878047906e-03,3.333333333333333981e-03,4.847533632286994687e-03,1.277904102817598031e-02
8.780487804878047906e-03,3.333333333333333981e-03,4.847533632286994687e-03,1.277904102817598031e-02
8.780487804878047906e-03,3.333333333333333981e-03,4.847533632286994687e-03,1.277904102817598031e-02
8.780487804878047906e-03,3.333333333333333981e-03,4.847533632286994687e-03,1.277904102817598031e-02
8.780487804878047906e-03,3.333333333333333981e-03,4.847533632286994687e-03,1.277904102817598031e-02
8.780487804878047906e-03,3.333333333333333981e-03,4.847533632286994687e-03,1.277904102817598031e-02
8.780487804878047906e-03,3.333333333333333981e-03,4.847533632286994687e-03,1.277904102817598031e-02
8.780487804878047906e-03,3.333333333333333981e-03,4.847533632286994687e-03,1.277904102817598031e-02
8.780487804878047906e-03,3.333333333333333981e-03,4.847533632286994687e-03,1.277904102817598031e-02
8.780487804878047906e-03,3.333333333333333981e-03,4.847533632286994687e-03,1.277904102817598031e-02
8.780487804878047906e-03,3.333333333333333981e-03,4.847533632286994687e-03,1.277904102817598031e-02
8.780487804878047906e-03,3.333333333333333981e-03,4.847533632286994687e-03,1.277904102817598031e-02
8.780487804878047906e-03,3.333333333333333981e-03,4.847533632286994687e-03,1.277904102817598031e-02
8.780487804878047906e-03,3.333333333333333981e-03,4.847533632286994687e-03,1.277904102817598031e-02
8.780487804878047906e-03,3.333333333333333981e-03,4.847533632286994687e-03,1.277904102817598031e-02
8.780487804878047906e-03,3.333333333333333981e-03,4.847533632286994687e-03,1.277904102817598031e-02
8.780487804878047906e-03,3.333333333333333981e-03,4.847533632286994687e-03,1.277904102817598031e-02
8.780487804878047906e-03,3.333333333333333981e-03,4.847533632286994687e-03,1.277904102817598031e-02
8.780487804878047906e-03,3.333333333333333981e-03,4.847533632286994687e-03,1.277904102817598031e-02
8.780487804878047906e-03,3.333333333333333981e-03,4.847533632286994687e-03,1.277904102817598031e-02
8.780487804878047906e-03,3.333333333333333981e-03,4.847533632286994687e-03,1.277904102817598031e-02
8.780487804878047906e-03,3.333333333333333981e-03,4.847533632286994687e-03,1.277904102817598031e-02
8.780487804878047906e-03,3.333333333333333981e-03,4.847533632286994687e-03,1.277904102817598031e-02
8.780487804878047906e-03,3.333333333333333981e-03,4.847533632286994687e-03,1.277904102817598031e-02
8.780487804878047906e-03,3.333333333333333981e-03,4.847533632286994687e-03,1.277904102817598031e-02
8.780487804878047906e-03,3.333333333333333981e-03,4.847533632286994687e-03,1.277904102817598031e-02
8.780487804878047906e-03,3.333333333333333981e-03,4.847533632286994687e-03,1.277904102817598031e-02
8.780487804878047906e-03,3.333333333333333981e-03,4.847533632286994687e-03,1.277904102817598031e-02
8.780487804878047906e-03,3.333333333333333981e-03,4.847533632286994687e-03,1.277904102817598031e-02
8.780487804878047906e-03,3.333333333333333981e-03,4.847533632286994687e-03,1.277904102817598031e-02
8.780487804878047906e-03,3.333333333333333981e-03,4.847533632286994687e-03,1.277904102817598031e-02
8.780487804878047906e-03,3.333333333333333981e-03,4.847533632286994687e-03,1.277904102817598031e-02
8.780487804878047906e-03,3.333333333333333981e-03,4.847533632286994687e-03,1.277904102817598031e-02
8.780487804878047906e-03,3.333333333333333981e-03,4.847533632286994687e-03,1.277904102817598031e-02
8.780487804878047906e-03,3.333333333333333981e-03,4.847533632286994687e-03,1.277904102817598031e-02
8.780487804878047906e-03,3.333333333333333981e-03,4.847533632286994687e-03,1.277904102817598031e-02
8.780487804878047906e-03,3.333333333333333981e-03,4.847533632286994687e-03,1.277904102817598031e-02
8.780487804878047906e-03,3.333333333333333981e-03,4.847533632286994687e-03,1.277904102817598031e-02
8.780487804878047906e-03,3.333333333333333981e-03,4.847533632286994687e-03,1.277904102817598031e-02
8.780487804878047906e-03,3.333333333333333981e-03,4.847533632286994687e-03,1.277904102817598031e-02
8.780487804878047906e-03,3.333333333333333981e-03,4.847533632286994687e-03,1.277904102817598031e-02
8.780487804878047906e-03,3.333333333333333981e-03,4.847533632286994687e-03,1.277904102817598031e-02
8.780487804878047906e-03,3.333333333333333981e-03,4.847533632286994687e-03,1.277904102817598031e-02
8.780487804878047906e-03,3.333333333333333981e-03,4.847533632286994687e-03,1.277904102817598031e-02
8.780487804878047906e-03,3.333333333333333981e-03,4.847533632286994687e-03,1.277904102817598031e-02
8.780487804878047906e-03,3.333333333333333981e-03,4.847533632286994687e-03,1.277904102817598031e-02
8.780487804878047906e-03,3.333333333333333981e-03,4.847533632286994687e-03,1.277904102817598031e-02
8.780487804878047906e-03,3.333333333333333981e-03,4.847533632286994687e-03,1.277904102817598031e-02
8.780487804878047906e-03,3.333333333333333981e-03,4.847533632286994687e-03,1.277904102817598031e-02
8.780487804878047906e-03,3.333333333333333981e-03,4.847533632286994687e-03,1.277904102817598031e-02
8.780487804878047906e-03,3.333333333333333981e-03,4.847533632286994687e-03,1.277904102817598031e-02
8.780487804878047906e-03,3.333333333333333981e-03,4.847533632286994687e-03,1.277904102817598031e-02
8.780487804878047906e-03,3.333333333333333981e-03,4.847533632286994687e-03,1.277904102817598031e-02
8.780487804878047906e-03,3.333333333333333981e-03,4.847533632286994687e-03,1.277904102817598031e-02
8.780487804878047906e-03,3.333333333333333981e-03,4.847533632286994687e-03,1.277904102817598031e-02
8.780487804878047906e-03,3.333333333333333981e-03,4.847533632286994687e-03,1.277904102817598031e-02
8.780487804878047906e-03,3.333333333333333981e-03,4.847533632286994687e-03,1.277904102817598031e-02
8.780487804878047906e-03,3.333333333333333981e-03,4.847533632286994687e-03,1.277904102817598031e-02
8.780487804878047906e-03,3.333333333333333981e-03,4.847533632286994687e-03,1.277904102817598031e-02
8.780487804878047906e-03,3.333333333333333981e-03,4.847533632286994687e-03,1.277904102817598031e-02
8.780487804878047906e-03,3.333333333333333981e-03,4.847533632286994687e-03,1.277904102817598031e-02
8.780487804878047906e-03,3.333333333333333981e-03,4.847533632286994687e-03,1.277904102817598031e-02
8.780487804878047906e-03,3.333333333333333981e-03,4.847533632286994687e-03,1.277904102817598031e-02
8.780487804878047906e-03,3.333333333333333981e-03,4.847533632286994687e-03,1.277904102817598031e-02
8.780487804878047906e-03,3.333333333333333981e-03,4.847533632286994687e-03,1.277904102817598031e-02
8.780487804878047906e-03,3.333333333333333981e-03,4.847533632286994687e-03,1.277904102817598031e-02
8.780487804878047906e-03,3.333333333333333981e-03,4.847533632286994687e-03,1.277904102817598031e-02
8.780487804878047906e-03,3.333333333333333981e-03,4.847533632286994687e-03,1.277904102817598031e-02
8.780487804878047906e-03,3.333333333333333981e-03,4.847533632286994687e-03,1.277904102817598031e-02
8.780487804878047906e-03,3.333333333333333981e-03,4.847533632286994687e-03,1.277904102817598031e-02
8.780487804878047906e-03,3.333333333333333981e-03,4.847533632286994687e-03,1.277904102817598031e-02
8.780487804878047906e-03,3.333333333333333981e-03,4.847533632286994687e-03,1.277904102817598031e-02
8.780487804878047906e-03,3.333333333333333981e-03,4.847533632286994687e-03,1.277904102817598031e-02
8.780487804878047906e-03,3.333333333333333981e-03,4.847533632286994687e-03,1.277904102817598031e-02
8.780487804878047906e-03,3.333333333333333981e-03,4.847533632286994687e-03,1.277904102817598031e-02
8.780487804878047906e-03,3.333333333333333981e-03,4.847533632286994687e-03,1.277904102817598031e-02
8.780487804878047906e-03,3.333333333333333981e-03,4.847533632286994687e-03,1.277904102817598031e-02
8.780487804878047906e-03,3.333333333333333981e-03,4.847533632286994687e-03,1.277904102817598031e-02
8.780487804878047906e-03,3.333333333333333981e-03,4.847533632286994687e-03,1.277904102817598031e-02
8.780487804878047906e-03,3.333333333333333981e-03,4.847533632286994687e-03,1.277904102817598031e-02
8.780487804878047906e-03,3.333333333333333981e-03,4.847533632286994687e-03,1.277904102817598031e-02
8.780487804878047906e-03,3.333333333333333981e-03,4.847533632286994687e-03,1.277904102817598031e-02
8.780487804878047906e-03,3.333333333333333981e-03,4.847533632286994687e-03,1.277904102817598031e-02
8.780487804878047906e-03,3.333333333333333981e-03,4.847533632286994687e-03,1.277904102817598031e-02
8.780487804878047906e-03,3.333333333333333981e-03,4.847533632286994687e-03,1.277904102817598031e-02
8.780487804878047906e-03,3.333333333333333981e-03,4.847533632286994687e-03,1.277904102817598031e-02
8.780487804878047906e-03,3.333333333333333981e-03,4.847533632286994687e-03,1.277904102817598031e-02
8.780487804878047906e-03,3.333333333333333981e-03,4.847533632286994687e-03,1.277904102817598031e-02
8.780487804878047906e-03,3.333333333333333981e-03,4.847533632286994687e-03,1.277904102817598031e-02
8.780487804878047906e-03,3.333333333333333981e-03,4.847533632286994687e-03,1.277904102817598031e-02
8.780487804878047906e-03,3.333333333333333981e-03,4.847533632286994687e-03,1.277904102817598031e-02
8.780487804878047906e-03,3.333333333333333981e-03,4.847533632286994687e-03,1.277904102817598031e-02
8.780487804878047906e-03,3.333333333333333981e-03,4.847533632286994687e-03,1.277904102817598031e-02
8.780487804878047906e-03,3.333333333333333981e-03,4.847533632286994687e-03,1.277904102817598031e-02
8.780487804878047906e-03,3.333333333333333981e-03,4.847533632286994687e-03,1.277904102817598031e-02
8.780487804878047906e-03,3.333333333333333981e-03,4.847533632286994687e-03,1.277904102817598031e-02
8.780487804878047906e-03,3.333333333333333981e-03,4.847533632286994687e-03,1.277904102817598031e-02
8.780487804878047906e-03,3.333333333333333981e-03,4.847533632286994687e-03,1.277904102817598031e-02
8.780487804878047906e-03,3.333333333333333981e-03,4.847533632286994687e-03,1.277904102817598031e-02
8.780487804878047906e-03,3.333333333333333981e-03,4.847533632286994687e-03,1.277904102817598031e-02
8.780487804878047906e-03,3.333333333333333981e-03,4.847533632286994687e-03,1.277904102817598031e-02
8.780487804878047906e-03,3.333333333333333981e-03,4.847533632286994687e-03,1.277904102817598031e-02
8.780487804878047906e-03,3.333333333333333981e-03,4.847533632286994687e-03,1.277904102817598031e-02
8.780487804878047906e-03,3.333333333333333981e-03,4.847533632286994687e-03,1.277904102817598031e-02
8.780487804878047906e-03,3.333333333333333981e-03,4.847533632286994687e-03,1.277904102817598031e-02
8.780487804878047906e-03,3.333333333333333981e-03,4.847533632286994687e-03,1.277904102817598031e-02
8.780487804878047906e-03,3.333333333333333981e-03,4.847533632286994687e-03,1.277904102817598031e-02
8.780487804878047906e-03,3.333333333333333981e-03,4.847533632286994687e-03,1.277904102817598031e-02
8.780487804878047906e-03,3.333333333333333981e-03,4.847533632286994687e-03,1.277904102817598031e-02
8.780487804878047906e-03,3.333333333333333981e-03,4.847533632286994687e-03,1.277904102817598031e-02
8.780487804878047906e-03,3.333333333333333981e-03,4.847533632286994687e-03,1.277904102817598031e-02
8.780487804878047906e-03,3.333333333333333981e-03,4.847533632286994687e-03,1.277904102817598031e-02
8.780487804878047906e-03,3.333333333333333981e-03,4.847533632286994687e-03,1.277904102817598031e-02
8.780487804878047906e-03,3.333333333333333981e-03,4.847533632286994687e-03,1.277904102817598031e-02
8.780487804878047906e-03,3.333333333333333981e-03,4.847533632286994687e-03,1.277904102817598031e-02
8.780487804878047906e-03,3.333333333333333981e-03,4.847533632286994687e-03,1.277904102817598031e-02
8.780487804878047906e-03,3.333333333333333981e-03,4.847533632286994687e-03,1.277904102817598031e-02
8.780487804878047906e-03,3.333333333333333981e-03,4.847533632286994687e-03,1.277904102817598031e-02
8.780487804878047906e-03,3.333333333333333981e-03,4.847533632286994687e-03,1.277904102817598031e-02
8.780487804878047906e-03,3.333333333333333981e-03,4.847533632286994687e-03,1.277904102817598031e-02
8.780487804878047906e-03,3.333333333333333981e-03,4.847533632286994687e-03,1.277904102817598031e-02
8.780487804878047906e-03,3.333333333333333981e-03,4.847533632286994687e-03,1.277904102817598031e-02
8.780487804878047906e-03,3.333333333333333981e-03,4.847533632286994687e-03,1.277904102817598031e-02
8.780487804878047906e-03,3.333333333333333981e-03,4.847533632286994687e-03,1.277904102817598031e-02
8.780487804878047906e-03,3.333333333333333981e-03,4.847533632286994687e-03,1.277904102817598031e-02
8.780487804878047906e-03,3.333333333333333981e-03,4.847533632286994687e-03,1.277904102817598031e-02
8.780487804878047906e-03,3.333333333333333981e-03,4.847533632286994687e-03,1.277904102817598031e-02
8.780487804878047906e-03,3.333333333333333981e-03,4.847533632286994687e-03,1.277904102817598031e-02
8.780487804878047906e-03,3.333333333333333981e-03,4.847533632286994687e-03,1.277904102817598031e-02
8.780487804878047906e-03,3.333333333333333981e-03,4.847533632286994687e-03,1.277904102817598031e-02
8.780487804878047906e-03,3.333333333333333981e-03,4.847533632286994687e-03,1.277904102817598031e-02
8.780487804878047906e-03,3.333333333333333981e-03,4.847533632286994687e-03,1.277904102817598031e-02
8.780487804878047906e-03,3.333333333333333981e-03,4.847533632286994687e-03,1.277904102817598031e-02
8.780487804878047906e-03,3.333333333333333981e-03,4.847533632286994687e-03,1.277904102817598031e-02
8.780487804878047906e-03,3.333333333333333981e-03,4.847533632286994687e-03,1.277904102817598031e-02
8.780487804878047906e-03,3.333333333333333981e-03,4.847533632286994687e-03,1.277904102817598031e-02
8.780487804878047906e-03,3.333333333333333981e-03,4.847533632286994687e-03,1.277904102817598031e-02
8.780487804878047906e-03,3.333333333333333981e-03,4.847533632286994687e-03,1.277904102817598031e-02
8.780487804878047906e-03,3.333333333333333981e-03,4.847533632286994687e-03,1.277904102817598031e-02
8.780487804878047906e-03,3.333333333333333981e-03,4.847533632286994687e-03,1.277904102817598031e-02
8.780487804878047906e-03,3.333333333333333981e-03,4.847533632286994687e-03,1.277904102817598031e-02
8.780487804878047906e-03,3.333333333333333981e-03,4.847533632286994687e-03,1.277904102817598031e-02
8.780487804878047906e-03,3.333333333333333981e-03,4.847533632286994687e-03,1.277904102817598031e-02
8.780487804878047906e-03,3.333333333333333981e-03,4.847533632286994687e-03,1.277904102817598031e-02
8.780487804878047906e-03,3.333333333333333981e-03,4.847533632286994687e-03,1.277904102817598031e-02
8.780487804878047906e-03,3.333333333333333981e-03,4.847533632286994687e-03,1.277904102817598031e-02
8.780487804878047906e-03,3.333333333333333981e-03,4.847533632286994687e-03,1.277904102817598031e-02
8.780487804878047906e-03,3.333333333333333981e-03,4.847533632286994687e-03,1.277904102817598031e-02
8.780487804878047906e-03,3.333333333333333981e-03,4.847533632286994687e-03,1.277904102817598031e-02
8.780487804878047906e-03,3.333333333333333981e-03,4.847533632286994687e-03,1.277904102817598031e-02
8.780487804878047906e-03,3.333333333333333981e-03,4.847533632286994687e-03,1.277904102817598031e-02
8.780487804878047906e-03,3.333333333333333981e-03,4.847533632286994687e-03,1.277904102817598031e-02
8.780487804878047906e-03,3.333333333333333981e-03,4.847533632286994687e-03,1.277904102817598031e-02
8.780487804878047906e-03,3.333333333333333981e-03,4.847533632286994687e-03,1.277904102817598031e-02
8.780487804878047906e-03,3.333333333333333981e-03,4.847533632286994687e-03,1.277904102817598031e-02
8.780487804878047906e-03,3.333333333333333981e-03,4.847533632286994687e-03,1.277904102817598031e-02
8.780487804878047906e-03,3.333333333333333981e-03,4.847533632286994687e-03,1.277904102817598031e-02
8.780487804878047906e-03,3.333333333333333981e-03,4.847533632286994687e-03,1.277904102817598031e-02
8.780487804878047906e-03,3.333333333333333981e-03,4.847533632286994687e-03,1.277904102817598031e-02
8.780487804878047906e-03,3.333333333333333981e-03,4.847533632286994687e-03,1.277904102817598031e-02
8.780487804878047906e-03,3.333333333333333981e-03,4.847533632286994687e-03,1.277904102817598031e-02
8.780487804878047906e-03,3.333333333333333981e-03,4.847533632286994687e-03,1.277904102817598031e-02
8.780487804878047906e-03,3.333333333333333981e-03,4.847533632286994687e-03,1.277904102817598031e-02
8.780487804878047906e-03,3.333333333333333981e-03,4.847533632286994687e-03,1.277904102817598031e-02
8.780487804878047906e-03,3.333333333333333981e-03,4.847533632286994687e-03,1.277904102817598031e-02
8.780487804878047906e-03,3.333333333333333981e-03,4.847533632286994687e-03,1.277904102817598031e-02
8.780487804878047906e-03,3.333333333333333981e-03,4.847533632286994687e-03,1.277904102817598031e-02
8.780487804878047906e-03,3.333333333333333981e-03,4.847533632286994687e-03,1.277904102817598031e-02
8.780487804878047906e-03,3.333333333333333981e-03,4.847533632286994687e-03,1.277904102817598031e-02
8.780487804878047906e-03,3.333333333333333981e-03,4.847533632286994687e-03,1.277904102817598031e-02
8.780487804878047906e-03,3.333333333333333981e-03,4.847533632286994687e-03,1.277904102817598031e-02
8.780487804878047906e-03,3.333333333333333981e-03,4.847533632286994687e-03,1.277904102817598031e-02
8.780487804878047906e-03,3.333333333333333981e-03,4.847533632286994687e-03,1.277904102817598031e-02
8.780487804878047906e-03,3.333333333333333981e-03,4.847533632286994687e-03,1.277904102817598031e-02
8.780487804878047906e-03,3.333333333333333981e-03,4.847533632286994687e-03,1.277904102817598031e-02
8.780487804878047906e-03,3.333333333333333981e-03,4.847533632286994687e-03,1.277904102817598031e-02
8.780487804878047906e-03,3.333333333333333981e-03,4.847533632286994687e-03,1.277904102817598031e-02
8.780487804878047906e-03,3.333333333333333981e-03,4.847533632286994687e-03,1.277904102817598031e-02
8.780487804878047906e-03,3.333333333333333981e-03,4.847533632286994687e-03,1.277904102817598031e-02
8.780487804878047906e-03,3.333333333333333981e-03,4.847533632286994687e-03,1.277904102817598031e-02
8.780487804878047906e-03,3.333333333333333981e-03,4.847533632286994687e-03,1.277904102817598031e-02
8.780487804878047906e-03,3.333333333333333981e-03,4.847533632286994687e-03,1.277904102817598031e-02
8.780487804878047906e-03,3.333333333333333981e-03,4.847533632286994687e-03,1.277904102817598031e-02
8.780487804878047906e-03,3.333333333333333981e-03,4.847533632286994687e-03,1.277904102817598031e-02
8.780487804878047906e-03,3.333333333333333981e-03,4.847533632286994687e-03,1.277904102817598031e-02
8.780487804878047906e-03,3.333333333333333981e-03,4.847533632286994687e-03,1.277904102817598031e-02
8.780487804878047906e-03,3.333333333333333981e-03,4.847533632286994687e-03,1.277904102817598031e-02
8.780487804878047906e-03,3.333333333333333981e-03,4.847533632286994687e-03,1.277904102817598031e-02
8.780487804878047906e-03,3.333333333333333981e-03,4.847533632286994687e-03,1.277904102817598031e-02
8.780487804878047906e-03,3.333333333333333981e-03,4.847533632286994687e-03,1.277904102817598031e-02
8.780487804878047906e-03,3.333333333333333981e-03,4.847533632286994687e-03,1.277904102817598031e-02
8.780487804878047906e-03,3.333333333333333981e-03,4.847533632286994687e-03,1.277904102817598031e-02
8.780487804878047906e-03,3.333333333333333981e-03,4.847533632286994687e-03,1.277904102817598031e-02
8.780487804878047906e-03,3.333333333333333981e-03,4.847533632286994687e-03,1.277904102817598031e-02
8.780487804878047906e-03,3.333333333333333981e-03,4.847533632286994687e-03,1.277904102817598031e-02
8.780487804878047906e-03,3.333333333333333981e-03,4.847533632286994687e-03,1.277904102817598031e-02
8.780487804878047906e-03,3.333333333333333981e-03,4.847533632286994687e-03,1.277904102817598031e-02
8.780487804878047906e-03,3.333333333333333981e-03,4.847533632286994687e-03,1.277904102817598031e-02
8.780487804878047906e-03,3.333333333333333981e-03,4.847533632286994687e-03,1.277904102817598031e-02
8.780487804878047906e-03,3.333333333333333981e-03,4.847533632286994687e-03,1.277904102817598031e-02
8.780487804878047906e-03,3.333333333333333981e-03,4.847533632286994687e-03,1.277904102817598031e-02
8.780487804878047906e-03,3.333333333333333981e-03,4.847533632286994687e-03,1.277904102817598031e-02
8.780487804878047906e-03,3.333333333333333981e-03,4.847533632286994687e-03,1.277904102817598031e-02
8.780487804878047906e-03,3.333333333333333981e-03,4.847533632286994687e-03,1.277904102817598031e-02
8.780487804878047906e-03,3.333333333333333981e-03,4.847533632286994687e-03,1.277904102817598031e-02
8.780487804878047906e-03,3.333333333333333981e-03,4.847533632286994687e-03,1.277904102817598031e-02
8.780487804878047906e-03,3.333333333333333981e-03,4.847533632286994687e-03,1.277904102817598031e-02
8.780487804878047906e-03,3.333333333333333981e-03,4.847533632286994687e-03,1.277904102817598031e-02
8.780487804878047906e-03,3.333333333333333981e-03,4.847533632286994687e-03,1.277904102817598031e-02
8.780487804878047906e-03,3.333333333333333981e-03,4.847533632286994687e-03,1.277904102817598031e-02
8.780487804878047906e-03,3.333333333333333981e-03,4.847533632286994687e-03,1.277904102817598031e-02
8.780487804878047906e-03,3.333333333333333981e-03,4.847533632286994687e-03,1.277904102817598031e-02
8.780487804878047906e-03,3.333333333333333981e-03,4.847533632286994687e-03,1.277904102817598031e-02
8.780487804878047906e-03,3.333333333333333981e-03,4.847533632286994687e-03,1.277904102817598031e-02
8.780487804878047906e-03,3.333333333333333981e-03,4.847533632286994687e-03,1.277904102817598031e-02
8.780487804878047906e-03,3.333333333333333981e-03,4.847533632286994687e-03,1.277904102817598031e-02
8.780487804878047906e-03,3.333333333333333981e-03,4.847533632286994687e-03,1.277904102817598031e-02
8.780487804878047906e-03,3.333333333333333981e-03,4.847533632286994687e-03,1.277904102817598031e-02
8.780487804878047906e-03,3.333333333333333981e-03,4.847533632286994687e-03,1.277904102817598031e-02
8.780487804878047906e-03,3.333333333333333981e-03,4.847533632286994687e-03,1.277904102817598031e-02
8.780487804878047906e-03,3.333333333333333981e-03,4.847533632286994687e-03,1.277904102817598031e-02
8.780487804878047906e-03,3.333333333333333981e-03,4.847533632286994687e-03,1.277904102817598031e-02
8.780487804878047906e-03,3.333333333333333981e-03,4.847533632286994687e-03,1.277904102817598031e-02
8.780487804878047906e-03,3.333333333333333981e-03,4.847533632286994687e-03,1.277904102817598031e-02
8.780487804878047906e-03,3.333333333333333981e-03,4.847533632286994687e-03,1.277904102817598031e-02
8.780487804878047906e-03,3.333333333333333981e-03,4.847533632286994687e-03,1.277904102817598031e-02
8.780487804878047906e-03,3.333333333333333981e-03,4.847533632286994687e-03,1.277904102817598031e-02
8.780487804878047906e-03,3.333333333333333981e-03,4.847533632286994687e-03,1.277904102817598031e-02
8.780487804878047906e-03,3.333333333333333981e-03,4.847533632286994687e-03,1.277904102817598031e-02
8.780487804878047906e-03,3.333333333333333981e-03,4.847533632286994687e-03,1.277904102817598031e-02
8.780487804878047906e-03,3.333333333333333981e-03,4.847533632286994687e-03,1.277904102817598031e-02
8.780487804878047906e-03,3.333333333333333981e-03,4.847533632286994687e-03,1.277904102817598031e-02
8.780487804878047906e-03,3.333333333333333981e-03,4.847533632286994687e-03,1.277904102817598031e-02
8.780487804878047906e-03,3.333333333333333981e-03,4.847533632286994687e-03,1.277904102817598031e-02
8.780487804878047906e-03,3.333333333333333981e-03,4.847533632286994687e-03,1.277904102817598031e-02
8.780487804878047906e-03,3.333333333333333981e-03,4.847533632286994687e-03,1.277904102817598031e-02
8.780487804878047906e-03,3.333333333333333981e-03,4.847533632286994687e-03,1.277904102817598031e-02
8.780487804878047906e-03,3.333333333333333981e-03,4.847533632286994687e-03,1.277904102817598031e-02
8.780487804878047906e-03,3.333333333333333981e-03,4.847533632286994687e-03,1.277904102817598031e-02
8.780487804878047906e-03,3.333333333333333981e-03,4.847533632286994687e-03,1.277904102817598031e-02
8.780487804878047906e-03,3.333333333333333981e-03,4.847533632286994687e-03,1.277904102817598031e-02
8.780487804878047906e-03,3.333333333333333981e-03,4.847533632286994687e-03,1.277904102817598031e-02
8.780487804878047906e-03,3.333333333333333981e-03,4.847533632286994687e-03,1.277904102817598031e-02
8.780487804878047906e-03,3.333333333333333981e-03,4.847533632286994687e-03,1.277904102817598031e-02
8.780487804878047906e-03,3.333333333333333981e-03,4.847533632286994687e-03,1.277904102817598031e-02
8.780487804878047906e-03,3.333333333333333981e-03,4.847533632286994687e-03,1.277904102817598031e-02
8.780487804878047906e-03,3.333333333333333981e-03,4.847533632286994687e-03,1.277904102817598031e-02
8.780487804878047906e-03,3.333333333333333981e-03,4.847533632286994687e-03,1.277904102817598031e-02
8.780487804878047906e-03,3.333333333333333981e-03,4.847533632286994687e-03,1.277904102817598031e-02
8.780487804878047906e-03,3.333333333333333981e-03,4.847533632286994687e-03,1.277904102817598031e-02
8.780487804878047906e-03,3.333333333333333981e-03,4.847533632286994687e-03,1.277904102817598031e-02
8.780487804878047906e-03,3.333333333333333981e-03,4.847533632286994687e-03,1.277904102817598031e-02
8.780487804878047906e-03,3.333333333333333981e-03,4.847533632286994687e-03,1.277904102817598031e-02
8.780487804878047906e-03,3.333333333333333981e-03,4.847533632286994687e-03,1.277904102817598031e-02
8.780487804878047906e-03,3.333333333333333981e-03,4.847533632286994687e-03,1.277904102817598031e-02
8.780487804878047906e-03,3.333333333333333981e-03,4.847533632286994687e-03,1.277904102817598031e-02
8.780487804878047906e-03,3.333333333333333981e-03,4.847533632286994687e-03,1.277904102817598031e-02
8.780487804878047906e-03,3.333333333333333981e-03,4.847533632286994687e-03,1.277904102817598031e-02
8.780487804878047906e-03,3.333333333333333981e-03,4.847533632286994687e-03,1.277904102817598031e-02
8.780487804878047906e-03,3.333333333333333981e-03,4.847533632286994687e-03,1.277904102817598031e-02
8.780487804878047906e-03,3.333333333333333981e-03,4.847533632286994687e-03,1.277904102817598031e-02
8.780487804878047906e-03,3.333333333333333981e-03,4.847533632286994687e-03,1.277904102817598031e-02
8.780487804878047906e-03,3.333333333333333981e-03,4.847533632286994687e-03,1.277904102817598031e-02
8.780487804878047906e-03,3.333333333333333981e-03,4.847533632286994687e-03,1.277904102817598031e-02
8.780487804878047906e-03,3.333333333333333981e-03,4.847533632286994687e-03,1.277904102817598031e-02
8.780487804878047906e-03,3.333333333333333981e-03,4.847533632286994687e-03,1.277904102817598031e-02
8.780487804878047906e-03,3.333333333333333981e-03,4.847533632286994687e-03,1.277904102817598031e-02
8.780487804878047906e-03,3.333333333333333981e-03,4.847533632286994687e-03,1.277904102817598031e-02
8.780487804878047906e-03,3.333333333333333981e-03,4.847533632286994687e-03,1.277904102817598031e-02
8.780487804878047906e-03,3.333333333333333981e-03,4.847533632286994687e-03,1.277904102817598031e-02
8.780487804878047906e-03,3.333333333333333981e-03,4.847533632286994687e-03,1.277904102817598031e-02
8.780487804878047906e-03,3.333333333333333981e-03,4.847533632286994687e-03,1.277904102817598031e-02
8.780487804878047906e-03,3.333333333333333981e-03,4.847533632286994687e-03,1.277904102817598031e-02
8.780487804878047906e-03,3.333333333333333981e-03,4.847533632286994687e-03,1.277904102817598031e-02
8.780487804878047906e-03,3.333333333333333981e-03,4.847533632286994687e-03,1.277904102817598031e-02
8.780487804878047906e-03,3.333333333333333981e-03,4.847533632286994687e-03,1.277904102817598031e-02
8.780487804878047906e-03,3.333333333333333981e-03,4.847533632286994687e-03,1.277904102817598031e-02
8.780487804878047906e-03,3.333333333333333981e-03,4.847533632286994687e-03,1.277904102817598031e-02
8.780487804878047906e-03,3.333333333333333981e-03,4.847533632286994687e-03,1.277904102817598031e-02
8.780487804878047906e-03,3.333333333333333981e-03,4.847533632286994687e-03,1.277904102817598031e-02
8.780487804878047906e-03,3.333333333333333981e-03,4.847533632286994687e-03,1.277904102817598031e-02
8.780487804878047906e-03,3.333333333333333981e-03,4.847533632286994687e-03,1.277904102817598031e-02
8.780487804878047906e-03,3.333333333333333981e-03,4.847533632286994687e-03,1.277904102817598031e-02
8.780487804878047906e-03,3.333333333333333981e-03,4.847533632286994687e-03,1.277904102817598031e-02
8.780487804878047906e-03,3.333333333333333981e-03,4.847533632286994687e-03,1.277904102817598031e-02
8.780487804878047906e-03,3.333333333333333981e-03,4.847533632286994687e-03,1.277904102817598031e-02
8.780487804878047906e-03,3.333333333333333981e-03,4.847533632286994687e-03,1.277904102817598031e-02
8.780487804878047906e-03,3.333333333333333981e-03,4.847533632286994687e-03,1.277904102817598031e-02
8.780487804878047906e-03,3.333333333333333981e-03,4.847533632286994687e-03,1.277904102817598031e-02
8.780487804878047906e-03,3.333333333333333981e-03,4.847533632286994687e-03,1.277904102817598031e-02
8.780487804878047906e-03,3.333333333333333981e-03,4.847533632286994687e-03,1.277904102817598031e-02
8.780487804878047906e-03,3.333333333333333981e-03,4.847533632286994687e-03,1.277904102817598031e-02
8.780487804878047906e-03,3.333333333333333981e-03,4.847533632286994687e-03,1.277904102817598031e-02
8.780487804878047906e-03,3.333333333333333981e-03,4.847533632286994687e-03,1.277904102817598031e-02
8.780487804878047906e-03,3.333333333333333981e-03,4.847533632286994687e-03,1.277904102817598031e-02
8.780487804878047906e-03,3.333333333333333981e-03,4.847533632286994687e-03,1.277904102817598031e-02
8.780487804878047906e-03,3.333333333333333981e-03,4.847533632286994687e-03,1.277904102817598031e-02
8.780487804878047906e-03,3.333333333333333981e-03,4.847533632286994687e-03,1.277904102817598031e-02
8.780487804878047906e-03,3.333333333333333981e-03,4.847533632286994687e-03,1.277904102817598031e-02
8.780487804878047906e-03,3.333333333333333981e-03,4.847533632286994687e-03,1.277904102817598031e-02
8.780487804878047906e-03,3.333333333333333981e-03,4.847533632286994687e-03,1.277904102817598031e-02
8.780487804878047906e-03,3.333333333333333981e-03,4.847533632286994687e-03,1.277904102817598031e-02
8.780487804878047906e-03,3.333333333333333981e-03,4.847533632286994687e-03,1.277904102817598031e-02
8.780487804878047906e-03,3.333333333333333981e-03,4.847533632286994687e-03,1.277904102817598031e-02
8.780487804878047906e-03,3.333333333333333981e-03,4.847533632286994687e-03,1.277904102817598031e-02
8.780487804878047906e-03,3.333333333333333981e-03,4.847533632286994687e-03,1.277904102817598031e-02
8.780487804878047906e-03,3.333333333333333981e-03,4.847533632286994687e-03,1.277904102817598031e-02
8.780487804878047906e-03,3.333333333333333981e-03,4.847533632286994687e-03,1.277904102817598031e-02
8.780487804878047906e-03,3.333333333333333981e-03,4.847533632286994687e-03,1.277904102817598031e-02
8.780487804878047906e-03,3.333333333333333981e-03,4.847533632286994687e-03,1.277904102817598031e-02
8.780487804878047906e-03,3.333333333333333981e-03,4.847533632286994687e-03,1.277904102817598031e-02
8.780487804878047906e-03,3.333333333333333981e-03,4.847533632286994687e-03,1.277904102817598031e-02
8.780487804878047906e-03,3.333333333333333981e-03,4.847533632286994687e-03,1.277904102817598031e-02
8.780487804878047906e-03,3.333333333333333981e-03,4.847533632286994687e-03,1.277904102817598031e-02
8.780487804878047906e-03,3.333333333333333981e-03,4.847533632286994687e-03,1.277904102817598031e-02
8.780487804878047906e-03,3.333333333333333981e-03,4.847533632286994687e-03,1.277904102817598031e-02
8.780487804878047906e-03,3.333333333333333981e-03,4.847533632286994687e-03,1.277904102817598031e-02
8.780487804878047906e-03,3.333333333333333981e-03,4.847533632286994687e-03,1.277904102817598031e-02
8.780487804878047906e-03,3.333333333333333981e-03,4.847533632286994687e-03,1.277904102817598031e-02
8.780487804878047906e-03,3.333333333333333981e-03,4.847533632286994687e-03,1.277904102817598031e-02
8.780487804878047906e-03,3.333333333333333981e-03,4.847533632286994687e-03,1.277904102817598031e-02
8.780487804878047906e-03,3.333333333333333981e-03,4.847533632286994687e-03,1.277904102817598031e-02
8.780487804878047906e-03,3.333333333333333981e-03,4.847533632286994687e-03,1.277904102817598031e-02
8.780487804878047906e-03,3.333333333333333981e-03,4.847533632286994687e-03,1.277904102817598031e-02
8.780487804878047906e-03,3.333333333333333981e-03,4.847533632286994687e-03,1.277904102817598031e-02
8.780487804878047906e-03,3.333333333333333981e-03,4.847533632286994687e-03,1.277904102817598031e-02
8.780487804878047906e-03,3.333333333333333981e-03,4.847533632286994687e-03,1.277904102817598031e-02
8.780487804878047906e-03,3.333333333333333981e-03,4.847533632286994687e-03,1.277904102817598031e-02
8.780487804878047906e-03,3.333333333333333981e-03,4.847533632286994687e-03,1.277904102817598031e-02
8.780487804878047906e-03,3.333333333333333981e-03,4.847533632286994687e-03,1.277904102817598031e-02
8.780487804878047906e-03,3.333333333333333981e-03,4.847533632286994687e-03,1.277904102817598031e-02
8.780487804878047906e-03,3.333333333333333981e-03,4.847533632286994687e-03,1.277904102817598031e-02
8.780487804878047906e-03,3.333333333333333981e-03,4.847533632286994687e-03,1.277904102817598031e-02
8.780487804878047906e-03,3.333333333333333981e-03,4.847533632286994687e-03,1.277904102817598031e-02
8.780487804878047906e-03,3.333333333333333981e-03,4.847533632286994687e-03,1.277904102817598031e-02
8.780487804878047906e-03,3.333333333333333981e-03,4.847533632286994687e-03,1.277904102817598031e-02
8.780487804878047906e-03,3.333333333333333981e-03,4.847533632286994687e-03,1.277904102817598031e-02
8.780487804878047906e-03,3.333333333333333981e-03,4.847533632286994687e-03,1.277904102817598031e-02
8.780487804878047906e-03,3.333333333333333981e-03,4.847533632286994687e-03,1.277904102817598031e-02
8.780487804878047906e-03,3.333333333333333981e-03,4.847533632286994687e-03,1.277904102817598031e-02
8.780487804878047906e-03,3.333333333333333981e-03,4.847533632286994687e-03,1.277904102817598031e-02
8.780487804878047906e-03,3.333333333333333981e-03,4.847533632286994687e-03,1.277904102817598031e-02
8.780487804878047906e-03,3.333333333333333981e-03,4.847533632286994687e-03,1.277904102817598031e-02
8.780487804878047906e-03,3.333333333333333981e-03,4.847533632286994687e-03,1.277904102817598031e-02
8.780487804878047906e-03,3.333333333333333981e-03,4.847533632286994687e-03,1.277904102817598031e-02
8.780487804878047906e-03,3.333333333333333981e-03,4.847533632286994687e-03,1.277904102817598031e-02
8.780487804878047906e-03,3.333333333333333981e-03,4.847533632286994687e-03,1.277904102817598031e-02
8.780487804878047906e-03,3.333333333333333981e-03,4.847533632286994687e-03,1.277904102817598031e-02
8.780487804878047906e-03,3.333333333333333981e-03,4.847533632286994687e-03,1.277904102817598031e-02
8.780487804878047906e-03,3.333333333333333981e-03,4.847533632286994687e-03,1.277904102817598031e-02
8.780487804878047906e-03,3.333333333333333981e-03,4.847533632286994687e-03,1.277904102817598031e-02
8.780487804878047906e-03,3.333333333333333981e-03,4.847533632286994687e-03,1.277904102817598031e-02
8.780487804878047906e-03,3.333333333333333981e-03,4.847533632286994687e-03,1.277904102817598031e-02
8.780487804878047906e-03,3.333333333333333981e-03,4.847533632286994687e-03,1.277904102817598031e-02
8.780487804878047906e-03,3.333333333333333981e-03,4.847533632286994687e-03,1.277904102817598031e-02
8.780487804878047906e-03,3.333333333333333981e-03,4.847533632286994687e-03,1.277904102817598031e-02
8.780487804878047906e-03,3.333333333333333981e-03,4.847533632286994687e-03,1.277904102817598031e-02
8.780487804878047906e-03,3.333333333333333981e-03,4.847533632286994687e-03,1.277904102817598031e-02
8.780487804878047906e-03,3.333333333333333981e-03,4.847533632286994687e-03,1.277904102817598031e-02
8.780487804878047906e-03,3.333333333333333981e-03,4.847533632286994687e-03,1.277904102817598031e-02
8.780487804878047906e-03,3.333333333333333981e-03,4.847533632286994687e-03,1.277904102817598031e-02
8.780487804878047906e-03,3.333333333333333981e-03,4.847533632286994687e-03,1.277904102817598031e-02
8.780487804878047906e-03,3.333333333333333981e-03,4.847533632286994687e-03,1.277904102817598031e-02
8.780487804878047906e-03,3.333333333333333981e-03,4.847533632286994687e-03,1.277904102817598031e-02
8.780487804878047906e-03,3.333333333333333981e-03,4.847533632286994687e-03,1.277904102817598031e-02
8.780487804878047906e-03,3.333333333333333981e-03,4.847533632286994687e-03,1.277904102817598031e-02
8.780487804878047906e-03,3.333333333333333981e-03,4.847533632286994687e-03,1.277904102817598031e-02
8.780487804878047906e-03,3.333333333333333981e-03,4.847533632286994687e-03,1.277904102817598031e-02
8.780487804878047906e-03,3.333333333333333981e-03,4.847533632286994687e-03,1.277904102817598031e-02
8.780487804878047906e-03,3.333333333333333981e-03,4.847533632286994687e-03,1.277904102817598031e-02
8.780487804878047906e-03,3.333333333333333981e-03,4.847533632286994687e-03,1.277904102817598031e-02
8.780487804878047906e-03,3.333333333333333981e-03,4.847533632286994687e-03,1.277904102817598031e-02
8.780487804878047906e-03,3.333333333333333981e-03,4.847533632286994687e-03,1.277904102817598031e-02
8.780487804878047906e-03,3.333333333333333981e-03,4.847533632286994687e-03,1.277904102817598031e-02
8.780487804878047906e-03,3.333333333333333981e-03,4.847533632286994687e-03,1.277904102817598031e-02
8.780487804878047906e-03,3.333333333333333981e-03,4.847533632286994687e-03,1.277904102817598031e-02
8.780487804878047906e-03,3.333333333333333981e-03,4.847533632286994687e-03,1.277904102817598031e-02
8.780487804878047906e-03,3.333333333333333981e-03,4.847533632286994687e-03,1.277904102817598031e-02
8.780487804878047906e-03,3.333333333333333981e-03,4.847533632286994687e-03,1.277904102817598031e-02
8.780487804878047906e-03,3.333333333333333981e-03,4.847533632286994687e-03,1.277904102817598031e-02
8.780487804878047906e-03,3.333333333333333981e-03,4.847533632286994687e-03,1.277904102817598031e-02
8.780487804878047906e-03,3.333333333333333981e-03,4.847533632286994687e-03,1.277904102817598031e-02
8.780487804878047906e-03,3.333333333333333981e-03,4.847533632286994687e-03,1.277904102817598031e-02
8.780487804878047906e-03,3.333333333333333981e-03,4.847533632286994687e-03,1.277904102817598031e-02
8.780487804878047906e-03,3.333333333333333981e-03,4.847533632286994687e-03,1.277904102817598031e-02
8.780487804878047906e-03,3.333333333333333981e-03,4.847533632286994687e-03,1.277904102817598031e-02
8.780487804878047906e-03,3.333333333333333981e-03,4.847533632286994687e-03,1.277904102817598031e-02
8.780487804878047906e-03,3.333333333333333981e-03,4.847533632286994687e-03,1.277904102817598031e-02
8.780487804878047906e-03,3.333333333333333981e-03,4.847533632286994687e-03,1.277904102817598031e-02
8.780487804878047906e-03,3.333333333333333981e-03,4.847533632286994687e-03,1.277904102817598031e-02
8.780487804878047906e-03,3.333333333333333981e-03,4.847533632286994687e-03,1.277904102817598031e-02
8.780487804878047906e-03,3.333333333333333981e-03,4.847533632286994687e-03,1.277904102817598031e-02
8.780487804878047906e-03,3.333333333333333981e-03,4.847533632286994687e-03,1.277904102817598031e-02
8.780487804878047906e-03,3.333333333333333981e-03,4.847533632286994687e-03,1.277904102817598031e-02
8.780487804878047906e-03,3.333333333333333981e-03,4.847533632286994687e-03,1.277904102817598031e-02
8.780487804878047906e-03,3.333333333333333981e-03,4.847533632286994687e-03,1.277904102817598031e-02
8.780487804878047906e-03,3.333333333333333981e-03,4.847533632286994687e-03,1.277904102817598031e-02
8.780487804878047906e-03,3.333333333333333981e-03,4.847533632286994687e-03,1.277904102817598031e-02
8.780487804878047906e-03,3.333333333333333981e-03,4.847533632286994687e-03,1.277904102817598031e-02
8.780487804878047906e-03,3.333333333333333981e-03,4.847533632286994687e-03,1.277904102817598031e-02
8.780487804878047906e-03,3.333333333333333981e-03,4.847533632286994687e-03,1.277904102817598031e-02
8.780487804878047906e-03,3.333333333333333981e-03,4.847533632286994687e-03,1.277904102817598031e-02
8.780487804878047906e-03,3.333333333333333981e-03,4.847533632286994687e-03,1.277904102817598031e-02
8.780487804878047906e-03,3.333333333333333981e-03,4.847533632286994687e-03,1.277904102817598031e-02
8.780487804878047906e-03,3.333333333333333981e-03,4.847533632286994687e-03,1.277904102817598031e-02
8.780487804878047906e-03,3.333333333333333981e-03,4.847533632286994687e-03,1.277904102817598031e-02
8.780487804878047906e-03,3.333333333333333981e-03,4.847533632286994687e-03,1.277904102817598031e-02
8.780487804878047906e-03,3.333333333333333981e-03,4.847533632286994687e-03,1.277904102817598031e-02
8.780487804878047906e-03,3.333333333333333981e-03,4.847533632286994687e-03,1.277904102817598031e-02
8.780487804878047906e-03,3.333333333333333981e-03,4.847533632286994687e-03,1.277904102817598031e-02
8.780487804878047906e-03,3.333333333333333981e-03,4.847533632286994687e-03,1.277904102817598031e-02
8.780487804878047906e-03,3.333333333333333981e-03,4.847533632286994687e-03,1.277904102817598031e-02
8.780487804878047906e-03,3.333333333333333981e-03,4.847533632286994687e-03,1.277904102817598031e-02
8.780487804878047906e-03,3.333333333333333981e-03,4.847533632286994687e-03,1.277904102817598031e-02
8.780487804878047906e-03,3.333333333333333981e-03,4.847533632286994687e-03,1.277904102817598031e-02
8.780487804878047906e-03,3.333333333333333981e-03,4.847533632286994687e-03,1.277904102817598031e-02
8.780487804878047906e-03,3.333333333333333981e-03,4.847533632286994687e-03,1.277904102817598031e-02
8.780487804878047906e-03,3.333333333333333981e-03,4.847533632286994687e-03,1.277904102817598031e-02
8.780487804878047906e-03,3.333333333333333981e-03,4.847533632286994687e-03,1.277904102817598031e-02
8.780487804878047906e-03,3.333333333333333981e-03,4.847533632286994687e-03,1.277904102817598031e-02
8.780487804878047906e-03,3.333333333333333981e-03,4.847533632286994687e-03,1.277904102817598031e-02
8.780487804878047906e-03,3.333333333333333981e-03,4.847533632286994687e-03,1.277904102817598031e-02
8.780487804878047906e-03,3.333333333333333981e-03,4.847533632286994687e-03,1.277904102817598031e-02
8.780487804878047906e-03,3.333333333333333981e-03,4.847533632286994687e-03,1.277904102817598031e-02
8.780487804878047906e-03,3.333333333333333981e-03,4.847533632286994687e-03,1.277904102817598031e-02
8.780487804878047906e-03,3.333333333333333981e-03,4.847533632286994687e-03,1.277904102817598031e-02
8.780487804878047906e-03,3.333333333333333981e-03,4.847533632286994687e-03,1.277904102817598031e-02
8.780487804878047906e-03,3.333333333333333981e-03,4.847533632286994687e-03,1.277904102817598031e-02
8.780487804878047906e-03,3.333333333333333981e-03,4.847533632286994687e-03,1.277904102817598031e-02
8.780487804878047906e-03,3.333333333333333981e-03,4.847533632286994687e-03,1.277904102817598031e-02
8.780487804878047906e-03,3.333333333333333981e-03,4.847533632286994687e-03,1.277904102817598031e-02
8.780487804878047906e-03,3.333333333333333981e-03,4.847533632286994687e-03,1.277904102817598031e-02
8.780487804878047906e-03,3.333333333333333981e-03,4.847533632286994687e-03,1.277904102817598031e-02
8.780487804878047906e-03,3.333333333333333981e-03,4.847533632286994687e-03,1.277904102817598031e-02
8.780487804878047906e-03,3.333333333333333981e-03,4.847533632286994687e-03,1.277904102817598031e-02
8.780487804878047906e-03,3.333333333333333981e-03,4.847533632286994687e-03,1.277904102817598031e-02
8.780487804878047906e-03,3.333333333333333981e-03,4.847533632286994687e-03,1.277904102817598031e-02
8.780487804878047906e-03,3.333333333333333981e-03,4.847533632286994687e-03,1.277904102817598031e-02
8.780487804878047906e-03,3.333333333333333981e-03,4.847533632286994687e-03,1.277904102817598031e-02
8.780487804878047906e-03,3.333333333333333981e-03,4.847533632286994687e-03,1.277904102817598031e-02
8.780487804878047906e-03,3.333333333333333981e-03,4.847533632286994687e-03,1.277904102817598031e-02
8.780487804878047906e-03,3.333333333333333981e-03,4.847533632286994687e-03,1.277904102817598031e-02
8.780487804878047906e-03,3.333333333333333981e-03,4.847533632286994687e-03,1.277904102817598031e-02
8.780487804878047906e-03,3.333333333333333981e-03,4.847533632286994687e-03,1.277904102817598031e-02
8.780487804878047906e-03,3.333333333333333981e-03,4.847533632286994687e-03,1.277904102817598031e-02
8.780487804878047906e-03,3.333333333333333981e-03,4.847533632286994687e-03,1.277904102817598031e-02
8.780487804878047906e-03,3.333333333333333981e-03,4.847533632286994687e-03,1.277904102817598031e-02
8.780487804878047906e-03,3.333333333333333981e-03,4.847533632286994687e-03,1.277904102817598031e-02
8.780487804878047906e-03,3.333333333333333981e-03,4.847533632286994687e-03,1.277904102817598031e-02
8.780487804878047906e-03,3.333333333333333981e-03,4.847533632286994687e-03,1.277904102817598031e-02
8.780487804878047906e-03,3.333333333333333981e-03,4.847533632286994687e-03,1.277904102817598031e-02
8.780487804878047906e-03,3.333333333333333981e-03,4.847533632286994687e-03,1.277904102817598031e-02
8.780487804878047906e-03,3.333333333333333981e-03,4.847533632286994687e-03,1.277904102817598031e-02
8.780487804878047906e-03,3.333333333333333981e-03,4.847533632286994687e-03,1.277904102817598031e-02
8.780487804878047906e-03,3.333333333333333981e-03,4.847533632286994687e-03,1.277904102817598031e-02
8.780487804878047906e-03,3.333333333333333981e-03,4.847533632286994687e-03,1.277904102817598031e-02
8.780487804878047906e-03,3.333333333333333981e-03,4.847533632286994687e-03,1.277904102817598031e-02
8.780487804878047906e-03,3.333333333333333981e-03,4.847533632286994687e-03,1.277904102817598031e-02
8.780487804878047906e-03,3.333333333333333981e-03,4.847533632286994687e-03,1.277904102817598031e-02
8.780487804878047906e-03,3.333333333333333981e-03,4.847533632286994687e-03,1.277904102817598031e-02
8.780487804878047906e-03,3.333333333333333981e-03,4.847533632286994687e-03,1.277904102817598031e-02
8.780487804878047906e-03,3.333333333333333981e-03,4.847533632286994687e-03,1.277904102817598031e-02
8.780487804878047906e-03,3.333333333333333981e-03,4.847533632286994687e-03,1.277904102817598031e-02
8.780487804878047906e-03,3.333333333333333981e-03,4.847533632286994687e-03,1.277904102817598031e-02
8.780487804878047906e-03,3.333333333333333981e-03,4.847533632286994687e-03,1.277904102817598031e-02
8.780487804878047906e-03,3.333333333333333981e-03,4.847533632286994687e-03,1.277904102817598031e-02
8.780487804878047906e-03,3.333333333333333981e-03,4.847533632286994687e-03,1.277904102817598031e-02
8.780487804878047906e-03,3.333333333333333981e-03,4.847533632286994687e-03,1.277904102817598031e-02
8.780487804878047906e-03,3.333333333333333981e-03,4.847533632286994687e-03,1.277904102817598031e-02
8.780487804878047906e-03,3.333333333333333981e-03,4.847533632286994687e-03,1.277904102817598031e-02
8.780487804878047906e-03,3.333333333333333981e-03,4.847533632286994687e-03,1.277904102817598031e-02
8.780487804878047906e-03,3.333333333333333981e-03,4.847533632286994687e-03,1.277904102817598031e-02
8.780487804878047906e-03,3.333333333333333981e-03,4.847533632286994687e-03,1.277904102817598031e-02
8.780487804878047906e-03,3.333333333333333981e-03,4.847533632286994687e-03,1.277904102817598031e-02
8.780487804878047906e-03,3.333333333333333981e-03,4.847533632286994687e-03,1.277904102817598031e-02
8.780487804878047906e-03,3.333333333333333981e-03,4.847533632286994687e-03,1.277904102817598031e-02
8.780487804878047906e-03,3.333333333333333981e-03,4.847533632286994687e-03,1.277904102817598031e-02
8.780487804878047906e-03,3.333333333333333981e-03,4.847533632286994687e-03,1.277904102817598031e-02
8.780487804878047906e-03,3.333333333333333981e-03,4.847533632286994687e-03,1.277904102817598031e-02
8.780487804878047906e-03,3.333333333333333981e-03,4.847533632286994687e-03,1.277904102817598031e-02
8.780487804878047906e-03,3.333333333333333981e-03,4.847533632286994687e-03,1.277904102817598031e-02
8.780487804878047906e-03,3.333333333333333981e-03,4.847533632286994687e-03,1.277904102817598031e-02
8.780487804878047906e-03,3.333333333333333981e-03,4.847533632286994687e-03,1.277904102817598031e-02
8.780487804878047906e-03,3.333333333333333981e-03,4.847533632286994687e-03,1.277904102817598031e-02
8.780487804878047906e-03,3.333333333333333981e-03,4.847533632286994687e-03,1.277904102817598031e-02
8.780487804878047906e-03,3.333333333333333981e-03,4.847533632286994687e-03,1.277904102817598031e-02
8.780487804878047906e-03,3.333333333333333981e-03,4.847533632286994687e-03,1.277904102817598031e-02
8.780487804878047906e-03,3.333333333333333981e-03,4.847533632286994687e-03,1.277904102817598031e-02
8.780487804878047906e-03,3.333333333333333981e-03,4.847533632286994687e-03,1.277904102817598031e-02
8.780487804878047906e-03,3.333333333333333981e-03,4.847533632286994687e-03,1.277904102817598031e-02
8.780487804878047906e-03,3.333333333333333981e-03,4.847533632286994687e-03,1.277904102817598031e-02
8.780487804878047906e-03,3.333333333333333981e-03,4.847533632286994687e-03,1.277904102817598031e-02
8.780487804878047906e-03,3.333333333333333981e-03,4.847533632286994687e-03,1.277904102817598031e-02
8.780487804878047906e-03,3.333333333333333981e-03,4.847533632286994687e-03,1.277904102817598031e-02
8.780487804878047906e-03,3.333333333333333981e-03,4.847533632286994687e-03,1.277904102817598031e-02
8.780487804878047906e-03,3.333333333333333981e-03,4.847533632286994687e-03,1.277904102817598031e-02
8.780487804878047906e-03,3.333333333333333981e-03,4.847533632286994687e-03,1.277904102817598031e-02
8.780487804878047906e-03,3.333333333333333981e-03,4.847533632286994687e-03,1.277904102817598031e-02
8.780487804878047906e-03,3.333333333333333981e-03,4.847533632286994687e-03,1.277904102817598031e-02
8.780487804878047906e-03,3.333333333333333981e-03,4.847533632286994687e-03,1.277904102817598031e-02
8.780487804878047906e-03,3.333333333333333981e-03,4.847533632286994687e-03,1.277904102817598031e-02
8.780487804878047906e-03,3.333333333333333981e-03,4.847533632286994687e-03,1.277904102817598031e-02
8.780487804878047906e-03,3.333333333333333981e-03,4.847533632286994687e-03,1.277904102817598031e-02
8.780487804878047906e-03,3.333333333333333981e-03,4.847533632286994687e-03,1.277904102817598031e-02
8.780487804878047906e-03,3.333333333333333981e-03,4.847533632286994687e-03,1.277904102817598031e-02
8.780487804878047906e-03,3.333333333333333981e-03,4.847533632286994687e-03,1.277904102817598031e-02
8.780487804878047906e-03,3.333333333333333981e-03,4.847533632286994687e-03,1.277904102817598031e-02
8.780487804878047906e-03,3.333333333333333981e-03,4.847533632286994687e-03,1.277904102817598031e-02
8.780487804878047906e-03,3.333333333333333981e-03,4.847533632286994687e-03,1.277904102817598031e-02
8.780487804878047906e-03,3.333333333333333981e-03,4.847533632286994687e-03,1.277904102817598031e-02
8.780487804878047906e-03,3.333333333333333981e-03,4.847533632286994687e-03,1.277904102817598031e-02
8.780487804878047906e-03,3.333333333333333981e-03,4.847533632286994687e-03,1.277904102817598031e-02
8.780487804878047906e-03,3.333333333333333981e-03,4.847533632286994687e-03,1.277904102817598031e-02
8.780487804878047906e-03,3.333333333333333981e-03,4.847533632286994687e-03,1.277904102817598031e-02
8.780487804878047906e-03,3.333333333333333981e-03,4.847533632286994687e-03,1.277904102817598031e-02
8.780487804878047906e-03,3.333333333333333981e-03,4.847533632286994687e-03,1.277904102817598031e-02
8.780487804878047906e-03,3.333333333333333981e-03,4.847533632286994687e-03,1.277904102817598031e-02
8.780487804878047906e-03,3.333333333333333981e-03,4.847533632286994687e-03,1.277904102817598031e-02
8.780487804878047906e-03,3.333333333333333981e-03,4.847533632286994687e-03,1.277904102817598031e-02
8.780487804878047906e-03,3.333333333333333981e-03,4.847533632286994687e-03,1.277904102817598031e-02
8.780487804878047906e-03,3.333333333333333981e-03,4.847533632286994687e-03,1.277904102817598031e-02
8.780487804878047906e-03,3.333333333333333981e-03,4.847533632286994687e-03,1.277904102817598031e-02
8.780487804878047906e-03,3.333333333333333981e-03,4.847533632286994687e-03,1.277904102817598031e-02
8.780487804878047906e-03,3.333333333333333981e-03,4.847533632286994687e-03,1.277904102817598031e-02
8.780487804878047906e-03,3.333333333333333981e-03,4.847533632286994687e-03,1.277904102817598031e-02
8.780487804878047906e-03,3.333333333333333981e-03,4.847533632286994687e-03,1.277904102817598031e-02
8.780487804878047906e-03,3.333333333333333981e-03,4.847533632286994687e-03,1.277904102817598031e-02
8.780487804878047906e-03,3.333333333333333981e-03,4.847533632286994687e-03,1.277904102817598031e-02
8.780487804878047906e-03,3.333333333333333981e-03,4.847533632286994687e-03,1.277904102817598031e-02
8.780487804878047906e-03,3.333333333333333981e-03,4.847533632286994687e-03,1.277904102817598031e-02
8.780487804878047906e-03,3.333333333333333981e-03,4.847533632286994687e-03,1.277904102817598031e-02
8.780487804878047906e-03,3.333333333333333981e-03,4.847533632286994687e-03,1.277904102817598031e-02
8.780487804878047906e-03,3.333333333333333981e-03,4.847533632286994687e-03,1.277904102817598031e-02
8.780487804878047906e-03,3.333333333333333981e-03,4.847533632286994687e-03,1.277904102817598031e-02
8.780487804878047906e-03,3.333333333333333981e-03,4.847533632286994687e-03,1.277904102817598031e-02
8.780487804878047906e-03,3.333333333333333981e-03,4.847533632286994687e-03,1.277904102817598031e-02
8.780487804878047906e-03,3.333333333333333981e-03,4.847533632286994687e-03,1.277904102817598031e-02
8.780487804878047906e-03,3.333333333333333981e-03,4.847533632286994687e-03,1.277904102817598031e-02
8.780487804878047906e-03,3.333333333333333981e-03,4.847533632286994687e-03,1.277904102817598031e-02
8.780487804878047906e-03,3.333333333333333981e-03,4.847533632286994687e-03,1.277904102817598031e-02
8.780487804878047906e-03,3.333333333333333981e-03,4.847533632286994687e-03,1.277904102817598031e-02
8.780487804878047906e-03,3.333333333333333981e-03,4.847533632286994687e-03,1.277904102817598031e-02
8.780487804878047906e-03,3.333333333333333981e-03,4.847533632286994687e-03,1.277904102817598031e-02
8.780487804878047906e-03,3.333333333333333981e-03,4.847533632286994687e-03,1.277904102817598031e-02
8.780487804878047906e-03,3.333333333333333981e-03,4.847533632286994687e-03,1.277904102817598031e-02
8.780487804878047906e-03,3.333333333333333981e-03,4.847533632286994687e-03,1.277904102817598031e-02
8.780487804878047906e-03,3.333333333333333981e-03,4.847533632286994687e-03,1.277904102817598031e-02
8.780487804878047906e-03,3.333333333333333981e-03,4.847533632286994687e-03,1.277904102817598031e-02
8.780487804878047906e-03,3.333333333333333981e-03,4.847533632286994687e-03,1.277904102817598031e-02
8.780487804878047906e-03,3.333333333333333981e-03,4.847533632286994687e-03,1.277904102817598031e-02
8.780487804878047906e-03,3.333333333333333981e-03,4.847533632286994687e-03,1.277904102817598031e-02
8.780487804878047906e-03,3.333333333333333981e-03,4.847533632286994687e-03,1.277904102817598031e-02
8.780487804878047906e-03,3.333333333333333981e-03,4.847533632286994687e-03,1.277904102817598031e-02
8.780487804878047906e-03,3.333333333333333981e-03,4.847533632286994687e-03,1.277904102817598031e-02
8.780487804878047906e-03,3.333333333333333981e-03,4.847533632286994687e-03,1.277904102817598031e-02
8.780487804878047906e-03,3.333333333333333981e-03,4.847533632286994687e-03,1.277904102817598031e-02
8.780487804878047906e-03,3.333333333333333981e-03,4.847533632286994687e-03,1.277904102817598031e-02
8.780487804878047906e-03,3.333333333333333981e-03,4.847533632286994687e-03,1.277904102817598031e-02
8.780487804878047906e-03,3.333333333333333981e-03,4.847533632286994687e-03,1.277904102817598031e-02
8.780487804878047906e-03,3.333333333333333981e-03,4.847533632286994687e-03,1.277904102817598031e-02
8.780487804878047906e-03,3.333333333333333981e-03,4.847533632286994687e-03,1.277904102817598031e-02
8.780487804878047906e-03,3.333333333333333981e-03,4.847533632286994687e-03,1.277904102817598031e-02
8.780487804878047906e-03,3.333333333333333981e-03,4.847533632286994687e-03,1.277904102817598031e-02
8.780487804878047906e-03,3.333333333333333981e-03,4.847533632286994687e-03,1.277904102817598031e-02
8.780487804878047906e-03,3.333333333333333981e-03,4.847533632286994687e-03,1.277904102817598031e-02
8.780487804878047906e-03,3.333333333333333981e-03,4.847533632286994687e-03,1.277904102817598031e-02
8.780487804878047906e-03,3.333333333333333981e-03,4.847533632286994687e-03,1.277904102817598031e-02
8.780487804878047906e-03,3.333333333333333981e-03,4.847533632286994687e-03,1.277904102817598031e-02
8.780487804878047906e-03,3.333333333333333981e-03,4.847533632286994687e-03,1.277904102817598031e-02
8.780487804878047906e-03,3.333333333333333981e-03,4.847533632286994687e-03,1.277904102817598031e-02
8.780487804878047906e-03,3.333333333333333981e-03,4.847533632286994687e-03,1.277904102817598031e-02
8.780487804878047906e-03,3.333333333333333981e-03,4.847533632286994687e-03,1.277904102817598031e-02
8.780487804878047906e-03,3.333333333333333981e-03,4.847533632286994687e-03,1.277904102817598031e-02
8.780487804878047906e-03,3.333333333333333981e-03,4.847533632286994687e-03,1.277904102817598031e-02
8.780487804878047906e-03,3.333333333333333981e-03,4.847533632286994687e-03,1.277904102817598031e-02
8.780487804878047906e-03,3.333333333333333981e-03,4.847533632286994687e-03,1.277904102817598031e-02
8.780487804878047906e-03,3.333333333333333981e-03,4.847533632286994687e-03,1.277904102817598031e-02
8.780487804878047906e-03,3.333333333333333981e-03,4.847533632286994687e-03,1.277904102817598031e-02
8.780487804878047906e-03,3.333333333333333981e-03,4.847533632286994687e-03,1.277904102817598031e-02
8.780487804878047906e-03,3.333333333333333981e-03,4.847533632286994687e-03,1.277904102817598031e-02
8.780487804878047906e-03,3.333333333333333981e-03,4.847533632286994687e-03,1.277904102817598031e-02
8.780487804878047906e-03,3.333333333333333981e-03,4.847533632286994687e-03,1.277904102817598031e-02
8.780487804878047906e-03,3.333333333333333981e-03,4.847533632286994687e-03,1.277904102817598031e-02
8.780487804878047906e-03,3.333333333333333981e-03,4.847533632286994687e-03,1.277904102817598031e-02
8.780487804878047906e-03,3.333333333333333981e-03,4.847533632286994687e-03,1.277904102817598031e-02
8.780487804878047906e-03,3.333333333333333981e-03,4.847533632286994687e-03,1.277904102817598031e-02
8.780487804878047906e-03,3.333333333333333981e-03,4.847533632286994687e-03,1.277904102817598031e-02
8.780487804878047906e-03,3.333333333333333981e-03,4.847533632286994687e-03,1.277904102817598031e-02
8.780487804878047906e-03,3.333333333333333981e-03,4.847533632286994687e-03,1.277904102817598031e-02
8.780487804878047906e-03,3.333333333333333981e-03,4.847533632286994687e-03,1.277904102817598031e-02
8.780487804878047906e-03,3.333333333333333981e-03,4.847533632286994687e-03,1.277904102817598031e-02
8.780487804878047906e-03,3.333333333333333981e-03,4.847533632286994687e-03,1.277904102817598031e-02
8.780487804878047906e-03,3.333333333333333981e-03,4.847533632286994687e-03,1.277904102817598031e-02
8.780487804878047906e-03,3.333333333333333981e-03,4.847533632286994687e-03,1.277904102817598031e-02
8.780487804878047906e-03,3.333333333333333981e-03,4.847533632286994687e-03,1.277904102817598031e-02
8.780487804878047906e-03,3.333333333333333981e-03,4.847533632286994687e-03,1.277904102817598031e-02
8.780487804878047906e-03,3.333333333333333981e-03,4.847533632286994687e-03,1.277904102817598031e-02
8.780487804878047906e-03,3.333333333333333981e-03,4.847533632286994687e-03,1.277904102817598031e-02
8.780487804878047906e-03,3.333333333333333981e-03,4.847533632286994687e-03,1.277904102817598031e-02
8.780487804878047906e-03,3.333333333333333981e-03,4.847533632286994687e-03,1.277904102817598031e-02
8.780487804878047906e-03,3.333333333333333981e-03,4.847533632286994687e-03,1.277904102817598031e-02
8.780487804878047906e-03,3.333333333333333981e-03,4.847533632286994687e-03,1.277904102817598031e-02
8.780487804878047906e-03,3.333333333333333981e-03,4.847533632286994687e-03,1.277904102817598031e-02
8.780487804878047906e-03,3.333333333333333981e-03,4.847533632286994687e-03,1.277904102817598031e-02
8.780487804878047906e-03,3.333333333333333981e-03,4.847533632286994687e-03,1.277904102817598031e-02
8.780487804878047906e-03,3.333333333333333981e-03,4.847533632286994687e-03,1.277904102817598031e-02
8.780487804878047906e-03,3.333333333333333981e-03,4.847533632286994687e-03,1.277904102817598031e-02
8.780487804878047906e-03,3.333333333333333981e-03,4.847533632286994687e-03,1.277904102817598031e-02
8.780487804878047906e-03,3.333333333333333981e-03,4.847533632286994687e-03,1.277904102817598031e-02
8.780487804878047906e-03,3.333333333333333981e-03,4.847533632286994687e-03,1.277904102817598031e-02
8.780487804878047906e-03,3.333333333333333981e-03,4.847533632286994687e-03,1.277904102817598031e-02
8.780487804878047906e-03,3.333333333333333981e-03,4.847533632286994687e-03,1.277904102817598031e-02
8.780487804878047906e-03,3.333333333333333981e-03,4.847533632286994687e-03,1.277904102817598031e-02
8.780487804878047906e-03,3.333333333333333981e-03,4.847533632286994687e-03,1.277904102817598031e-02
8.780487804878047906e-03,3.333333333333333981e-03,4.847533632286994687e-03,1.277904102817598031e-02
8.780487804878047906e-03,3.333333333333333981e-03,4.847533632286994687e-03,1.277904102817598031e-02
8.780487804878047906e-03,3.333333333333333981e-03,4.847533632286994687e-03,1.277904102817598031e-02
8.780487804878047906e-03,3.333333333333333981e-03,4.847533632286994687e-03,1.277904102817598031e-02
8.780487804878047906e-03,3.333333333333333981e-03,4.847533632286994687e-03,1.277904102817598031e-02
8.780487804878047906e-03,3.333333333333333981e-03,4.847533632286994687e-03,1.277904102817598031e-02
8.780487804878047906e-03,3.333333333333333981e-03,4.847533632286994687e-03,1.277904102817598031e-02
8.780487804878047906e-03,3.333333333333333981e-03,4.847533632286994687e-03,1.277904102817598031e-02
8.780487804878047906e-03,3.333333333333333981e-03,4.847533632286994687e-03,1.277904102817598031e-02
8.780487804878047906e-03,3.333333333333333981e-03,4.847533632286994687e-03,1.277904102817598031e-02
8.780487804878047906e-03,3.333333333333333981e-03,4.847533632286994687e-03,1.277904102817598031e-02
8.780487804878047906e-03,3.333333333333333981e-03,4.847533632286994687e-03,1.277904102817598031e-02
8.780487804878047906e-03,3.333333333333333981e-03,4.847533632286994687e-03,1.277904102817598031e-02
8.780487804878047906e-03,3.333333333333333981e-03,4.847533632286994687e-03,1.277904102817598031e-02
8.780487804878047906e-03,3.333333333333333981e-03,4.847533632286994687e-03,1.277904102817598031e-02
8.780487804878047906e-03,3.333333333333333981e-03,4.847533632286994687e-03,1.277904102817598031e-02
8.780487804878047906e-03,3.333333333333333981e-03,4.847533632286994687e-03,1.277904102817598031e-02
8.780487804878047906e-03,3.333333333333333981e-03,4.847533632286994687e-03,1.277904102817598031e-02
8.780487804878047906e-03,3.333333333333333981e-03,4.847533632286994687e-03,1.277904102817598031e-02
8.780487804878047906e-03,3.333333333333333981e-03,4.847533632286994687e-03,1.277904102817598031e-02
8.780487804878047906e-03,3.333333333333333981e-03,4.847533632286994687e-03,1.277904102817598031e-02
8.780487804878047906e-03,3.333333333333333981e-03,4.847533632286994687e-03,1.277904102817598031e-02
8.780487804878047906e-03,3.333333333333333981e-03,4.847533632286994687e-03,1.277904102817598031e-02
8.780487804878047906e-03,3.333333333333333981e-03,4.847533632286994687e-03,1.277904102817598031e-02
8.780487804878047906e-03,3.333333333333333981e-03,4.847533632286994687e-03,1.277904102817598031e-02
8.780487804878047906e-03,3.333333333333333981e-03,4.847533632286994687e-03,1.277904102817598031e-02
8.780487804878047906e-03,3.333333333333333981e-03,4.847533632286994687e-03,1.277904102817598031e-02
8.780487804878047906e-03,3.333333333333333981e-03,4.847533632286994687e-03,1.277904102817598031e-02
8.780487804878047906e-03,3.333333333333333981e-03,4.847533632286994687e-03,1.277904102817598031e-02
8.780487804878047906e-03,3.333333333333333981e-03,4.847533632286994687e-03,1.277904102817598031e-02
8.780487804878047906e-03,3.333333333333333981e-03,4.847533632286994687e-03,1.277904102817598031e-02
8.780487804878047906e-03,3.333333333333333981e-03,4.847533632286994687e-03,1.277904102817598031e-02
8.780487804878047906e-03,3.333333333333333981e-03,4.847533632286994687e-03,1.277904102817598031e-02
8.780487804878047906e-03,3.333333333333333981e-03,4.847533632286994687e-03,1.277904102817598031e-02
8.780487804878047906e-03,3.333333333333333981e-03,4.847533632286994687e-03,1.277904102817598031e-02
8.780487804878047906e-03,3.333333333333333981e-03,4.847533632286994687e-03,1.277904102817598031e-02
8.780487804878047906e-03,3.333333333333333981e-03,4.847533632286994687e-03,1.277904102817598031e-02
8.780487804878047906e-03,3.333333333333333981e-03,4.847533632286994687e-03,1.277904102817598031e-02
8.780487804878047906e-03,3.333333333333333981e-03,4.847533632286994687e-03,1.277904102817598031e-02
8.780487804878047906e-03,3.333333333333333981e-03,4.847533632286994687e-03,1.277904102817598031e-02
8.780487804878047906e-03,3.333333333333333981e-03,4.847533632286994687e-03,1.277904102817598031e-02
8.780487804878047906e-03,3.333333333333333981e-03,4.847533632286994687e-03,1.277904102817598031e-02
8.780487804878047906e-03,3.333333333333333981e-03,4.847533632286994687e-03,1.277904102817598031e-02
8.780487804878047906e-03,3.333333333333333981e-03,4.847533632286994687e-03,1.277904102817598031e-02
8.780487804878047906e-03,3.333333333333333981e-03,4.847533632286994687e-03,1.277904102817598031e-02
8.780487804878047906e-03,3.333333333333333981e-03,4.847533632286994687e-03,1.277904102817598031e-02
8.780487804878047906e-03,3.333333333333333981e-03,4.847533632286994687e-03,1.277904102817598031e-02
8.780487804878047906e-03,3.333333333333333981e-03,4.847533632286994687e-03,1.277904102817598031e-02
8.780487804878047906e-03,3.333333333333333981e-03,4.847533632286994687e-03,1.277904102817598031e-02
8.780487804878047906e-03,3.333333333333333981e-03,4.847533632286994687e-03,1.277904102817598031e-02
8.780487804878047906e-03,3.333333333333333981e-03,4.847533632286994687e-03,1.277904102817598031e-02
8.780487804878047906e-03,3.333333333333333981e-03,4.847533632286994687e-03,1.277904102817598031e-02
8.780487804878047906e-03,3.333333333333333981e-03,4.847533632286994687e-03,1.277904102817598031e-02
8.780487804878047906e-03,3.333333333333333981e-03,4.847533632286994687e-03,1.277904102817598031e-02
8.780487804878047906e-03,3.333333333333333981e-03,4.847533632286994687e-03,1.277904102817598031e-02
8.780487804878047906e-03,3.333333333333333981e-03,4.847533632286994687e-03,1.277904102817598031e-02
8.780487804878047906e-03,3.333333333333333981e-03,4.847533632286994687e-03,1.277904102817598031e-02
8.780487804878047906e-03,3.333333333333333981e-03,4.847533632286994687e-03,1.277904102817598031e-02
8.780487804878047906e-03,3.333333333333333981e-03,4.847533632286994687e-03,1.277904102817598031e-02
8.780487804878047906e-03,3.333333333333333981e-03,4.847533632286994687e-03,1.277904102817598031e-02
8.780487804878047906e-03,3.333333333333333981e-03,4.847533632286994687e-03,1.277904102817598031e-02
8.780487804878047906e-03,3.333333333333333981e-03,4.847533632286994687e-03,1.277904102817598031e-02
8.780487804878047906e-03,3.333333333333333981e-03,4.847533632286994687e-03,1.277904102817598031e-02
8.780487804878047906e-03,3.333333333333333981e-03,4.847533632286994687e-03,1.277904102817598031e-02
8.780487804878047906e-03,3.333333333333333981e-03,4.847533632286994687e-03,1.277904102817598031e-02
8.780487804878047906e-03,3.333333333333333981e-03,4.847533632286994687e-03,1.277904102817598031e-02
8.780487804878047906e-03,3.333333333333333981e-03,4.847533632286994687e-03,1.277904102817598031e-02
8.780487804878047906e-03,3.333333333333333981e-03,4.847533632286994687e-03,1.277904102817598031e-02
8.780487804878047906e-03,3.333333333333333981e-03,4.847533632286994687e-03,1.277904102817598031e-02
8.780487804878047906e-03,3.333333333333333981e-03,4.847533632286994687e-03,1.277904102817598031e-02
8.780487804878047906e-03,3.333333333333333981e-03,4.847533632286994687e-03,1.277904102817598031e-02
8.780487804878047906e-03,3.333333333333333981e-03,4.847533632286994687e-03,1.277904102817598031e-02
8.780487804878047906e-03,3.333333333333333981e-03,4.847533632286994687e-03,1.277904102817598031e-02
8.780487804878047906e-03,3.333333333333333981e-03,4.847533632286994687e-03,1.277904102817598031e-02
8.780487804878047906e-03,3.333333333333333981e-03,4.847533632286994687e-03,1.277904102817598031e-02
8.780487804878047906e-03,3.333333333333333981e-03,4.847533632286994687e-03,1.277904102817598031e-02
8.780487804878047906e-03,3.333333333333333981e-03,4.847533632286994687e-03,1.277904102817598031e-02
8.780487804878047906e-03,3.333333333333333981e-03,4.847533632286994687e-03,1.277904102817598031e-02
8.780487804878047906e-03,3.333333333333333981e-03,4.847533632286994687e-03,1.277904102817598031e-02
8.780487804878047906e-03,3.333333333333333981e-03,4.847533632286994687e-03,1.277904102817598031e-02
8.780487804878047906e-03,3.333333333333333981e-03,4.847533632286994687e-03,1.277904102817598031e-02
8.780487804878047906e-03,3.333333333333333981e-03,4.847533632286994687e-03,1.277904102817598031e-02
8.780487804878047906e-03,3.333333333333333981e-03,4.847533632286994687e-03,1.277904102817598031e-02
8.780487804878047906e-03,3.333333333333333981e-03,4.847533632286994687e-03,1.277904102817598031e-02
8.780487804878047906e-03,3.333333333333333981e-03,4.847533632286994687e-03,1.277904102817598031e-02
8.780487804878047906e-03,3.333333333333333981e-03,4.847533632286994687e-03,1.277904102817598031e-02
8.780487804878047906e-03,3.333333333333333981e-03,4.847533632286994687e-03,1.277904102817598031e-02
8.780487804878047906e-03,3.333333333333333981e-03,4.847533632286994687e-03,1.277904102817598031e-02
8.780487804878047906e-03,3.333333333333333981e-03,4.847533632286994687e-03,1.277904102817598031e-02
8.780487804878047906e-03,3.333333333333333981e-03,4.847533632286994687e-03,1.277904102817598031e-02
8.780487804878047906e-03,3.333333333333333981e-03,4.847533632286994687e-03,1.277904102817598031e-02
8.780487804878047906e-03,3.333333333333333981e-03,4.847533632286994687e-03,1.277904102817598031e-02
8.780487804878047906e-03,3.333333333333333981e-03,4.847533632286994687e-03,1.277904102817598031e-02
8.780487804878047906e-03,3.333333333333333981e-03,4.847533632286994687e-03,1.277904102817598031e-02
8.780487804878047906e-03,3.333333333333333981e-03,4.847533632286994687e-03,1.277904102817598031e-02
8.780487804878047906e-03,3.333333333333333981e-03,4.847533632286994687e-03,1.277904102817598031e-02
8.780487804878047906e-03,3.333333333333333981e-03,4.847533632286994687e-03,1.277904102817598031e-02
8.780487804878047906e-03,3.333333333333333981e-03,4.847533632286994687e-03,1.277904102817598031e-02
8.780487804878047906e-03,3.333333333333333981e-03,4.847533632286994687e-03,1.277904102817598031e-02
8.780487804878047906e-03,3.333333333333333981e-03,4.847533632286994687e-03,1.277904102817598031e-02
8.780487804878047906e-03,3.333333333333333981e-03,4.847533632286994687e-03,1.277904102817598031e-02
8.780487804878047906e-03,3.333333333333333981e-03,4.847533632286994687e-03,1.277904102817598031e-02
8.780487804878047906e-03,3.333333333333333981e-03,4.847533632286994687e-03,1.277904102817598031e-02
8.780487804878047906e-03,3.333333333333333981e-03,4.847533632286994687e-03,1.277904102817598031e-02
8.780487804878047906e-03,3.333333333333333981e-03,4.847533632286994687e-03,1.277904102817598031e-02
8.780487804878047906e-03,3.333333333333333981e-03,4.847533632286994687e-03,1.277904102817598031e-02
8.780487804878047906e-03,3.333333333333333981e-03,4.847533632286994687e-03,1.277904102817598031e-02
8.780487804878047906e-03,3.333333333333333981e-03,4.847533632286994687e-03,1.277904102817598031e-02
8.780487804878047906e-03,3.333333333333333981e-03,4.847533632286994687e-03,1.277904102817598031e-02
8.780487804878047906e-03,3.333333333333333981e-03,4.847533632286994687e-03,1.277904102817598031e-02
8.780487804878047906e-03,3.333333333333333981e-03,4.847533632286994687e-03,1.277904102817598031e-02
8.780487804878047906e-03,3.333333333333333981e-03,4.847533632286994687e-03,1.277904102817598031e-02
8.780487804878047906e-03,3.333333333333333981e-03,4.847533632286994687e-03,1.277904102817598031e-02
8.780487804878047906e-03,3.333333333333333981e-03,4.847533632286994687e-03,1.277904102817598031e-02
8.780487804878047906e-03,3.333333333333333981e-03,4.847533632286994687e-03,1.277904102817598031e-02
8.780487804878047906e-03,3.333333333333333981e-03,4.847533632286994687e-03,1.277904102817598031e-02
8.780487804878047906e-03,3.333333333333333981e-03,4.847533632286994687e-03,1.277904102817598031e-02
8.780487804878047906e-03,3.333333333333333981e-03,4.847533632286994687e-03,1.277904102817598031e-02
8.780487804878047906e-03,3.333333333333333981e-03,4.847533632286994687e-03,1.277904102817598031e-02
8.780487804878047906e-03,3.333333333333333981e-03,4.847533632286994687e-03,1.277904102817598031e-02
8.780487804878047906e-03,3.333333333333333981e-03,4.847533632286994687e-03,1.277904102817598031e-02
8.780487804878047906e-03,3.333333333333333981e-03,4.847533632286994687e-03,1.277904102817598031e-02
8.780487804878047906e-03,3.333333333333333981e-03,4.847533632286994687e-03,1.277904102817598031e-02
8.780487804878047906e-03,3.333333333333333981e-03,4.847533632286994687e-03,1.277904102817598031e-02
8.780487804878047906e-03,3.333333333333333981e-03,4.847533632286994687e-03,1.277904102817598031e-02
8.780487804878047906e-03,3.333333333333333981e-03,4.847533632286994687e-03,1.277904102817598031e-02
8.780487804878047906e-03,3.333333333333333981e-03,4.847533632286994687e-03,1.277904102817598031e-02
8.780487804878047906e-03,3.333333333333333981e-03,4.847533632286994687e-03,1.277904102817598031e-02
8.780487804878047906e-03,3.333333333333333981e-03,4.847533632286994687e-03,1.277904102817598031e-02
8.780487804878047906e-03,3.333333333333333981e-03,4.847533632286994687e-03,1.277904102817598031e-02
8.780487804878047906e-03,3.333333333333333981e-03,4.847533632286994687e-03,1.277904102817598031e-02
8.780487804878047906e-03,3.333333333333333981e-03,4.847533632286994687e-03,1.277904102817598031e-02
8.780487804878047906e-03,3.333333333333333981e-03,4.847533632286994687e-03,1.277904102817598031e-02
8.780487804878047906e-03,3.333333333333333981e-03,4.847533632286994687e-03,1.277904102817598031e-02
8.780487804878047906e-03,3.333333333333333981e-03,4.847533632286994687e-03,1.277904102817598031e-02
8.780487804878047906e-03,3.333333333333333981e-03,4.847533632286994687e-03,1.277904102817598031e-02
8.780487804878047906e-03,3.333333333333333981e-03,4.847533632286994687e-03,1.277904102817598031e-02
8.780487804878047906e-03,3.333333333333333981e-03,4.847533632286994687e-03,1.277904102817598031e-02
8.780487804878047906e-03,3.333333333333333981e-03,4.847533632286994687e-03,1.277904102817598031e-02
8.780487804878047906e-03,3.333333333333333981e-03,4.847533632286994687e-03,1.277904102817598031e-02
8.780487804878047906e-03,3.333333333333333981e-03,4.847533632286994687e-03,1.277904102817598031e-02
8.780487804878047906e-03,3.333333333333333981e-03,4.847533632286994687e-03,1.277904102817598031e-02
8.780487804878047906e-03,3.333333333333333981e-03,4.847533632286994687e-03,1.277904102817598031e-02
8.780487804878047906e-03,3.333333333333333981e-03,4.847533632286994687e-03,1.277904102817598031e-02
8.780487804878047906e-03,3.333333333333333981e-03,4.847533632286994687e-03,1.277904102817598031e-02
8.780487804878047906e-03,3.333333333333333981e-03,4.847533632286994687e-03,1.277904102817598031e-02
8.780487804878047906e-03,3.333333333333333981e-03,4.847533632286994687e-03,1.277904102817598031e-02
8.780487804878047906e-03,3.333333333333333981e-03,4.847533632286994687e-03,1.277904102817598031e-02
8.780487804878047906e-03,3.333333333333333981e-03,4.847533632286994687e-03,1.277904102817598031e-02
8.780487804878047906e-03,3.333333333333333981e-03,4.847533632286994687e-03,1.277904102817598031e-02
8.780487804878047906e-03,3.333333333333333981e-03,4.847533632286994687e-03,1.277904102817598031e-02
8.780487804878047906e-03,3.333333333333333981e-03,4.847533632286994687e-03,1.277904102817598031e-02
8.780487804878047906e-03,3.333333333333333981e-03,4.847533632286994687e-03,1.277904102817598031e-02
8.780487804878047906e-03,3.333333333333333981e-03,4.847533632286994687e-03,1.277904102817598031e-02
8.780487804878047906e-03,3.333333333333333981e-03,4.847533632286994687e-03,1.277904102817598031e-02
8.780487804878047906e-03,3.333333333333333981e-03,4.847533632286994687e-03,1.277904102817598031e-02
8.780487804878047906e-03,3.333333333333333981e-03,4.847533632286994687e-03,1.277904102817598031e-02
8.780487804878047906e-03,3.333333333333333981e-03,4.847533632286994687e-03,1.277904102817598031e-02
8.780487804878047906e-03,3.333333333333333981e-03,4.847533632286994687e-03,1.277904102817598031e-02
8.780487804878047906e-03,3.333333333333333981e-03,4.847533632286994687e-03,1.277904102817598031e-02
8.780487804878047906e-03,3.333333333333333981e-03,4.847533632286994687e-03,1.277904102817598031e-02
8.780487804878047906e-03,3.333333333333333981e-03,4.847533632286994687e-03,1.277904102817598031e-02
8.780487804878047906e-03,3.333333333333333981e-03,4.847533632286994687e-03,1.277904102817598031e-02
8.780487804878047906e-03,3.333333333333333981e-03,4.847533632286994687e-03,1.277904102817598031e-02
8.780487804878047906e-03,3.333333333333333981e-03,4.847533632286994687e-03,1.277904102817598031e-02
8.780487804878047906e-03,3.333333333333333981e-03,4.847533632286994687e-03,1.277904102817598031e-02
8.780487804878047906e-03,3.333333333333333981e-03,4.847533632286994687e-03,1.277904102817598031e-02
8.780487804878047906e-03,3.333333333333333981e-03,4.847533632286994687e-03,1.277904102817598031e-02
8.780487804878047906e-03,3.333333333333333981e-03,4.847533632286994687e-03,1.277904102817598031e-02
8.780487804878047906e-03,3.333333333333333981e-03,4.847533632286994687e-03,1.277904102817598031e-02
8.780487804878047906e-03,3.333333333333333981e-03,4.847533632286994687e-03,1.277904102817598031e-02
8.780487804878047906e-03,3.333333333333333981e-03,4.847533632286994687e-03,1.277904102817598031e-02
8.780487804878047906e-03,3.333333333333333981e-03,4.847533632286994687e-03,1.277904102817598031e-02
8.780487804878047906e-03,3.333333333333333981e-03,4.847533632286994687e-03,1.277904102817598031e-02
8.780487804878047906e-03,3.333333333333333981e-03,4.847533632286994687e-03,1.277904102817598031e-02
8.780487804878047906e-03,3.333333333333333981e-03,4.847533632286994687e-03,1.277904102817598031e-02
8.780487804878047906e-03,3.333333333333333981e-03,4.847533632286994687e-03,1.277904102817598031e-02
8.780487804878047906e-03,3.333333333333333981e-03,4.847533632286994687e-03,1.277904102817598031e-02
8.780487804878047906e-03,3.333333333333333981e-03,4.847533632286994687e-03,1.277904102817598031e-02
8.780487804878047906e-03,3.333333333333333981e-03,4.847533632286994687e-03,1.277904102817598031e-02
8.780487804878047906e-03,3.333333333333333981e-03,4.847533632286994687e-03,1.277904102817598031e-02
8.780487804878047906e-03,3.333333333333333981e-03,4.847533632286994687e-03,1.277904102817598031e-02
8.780487804878047906e-03,3.333333333333333981e-03,4.847533632286994687e-03,1.277904102817598031e-02
8.780487804878047906e-03,3.333333333333333981e-03,4.847533632286994687e-03,1.277904102817598031e-02
8.780487804878047906e-03,3.333333333333333981e-03,4.847533632286994687e-03,1.277904102817598031e-02
8.780487804878047906e-03,3.333333333333333981e-03,4.847533632286994687e-03,1.277904102817598031e-02
8.780487804878047906e-03,3.333333333333333981e-03,4.847533632286994687e-03,1.277904102817598031e-02
8.780487804878047906e-03,3.333333333333333981e-03,4.847533632286994687e-03,1.277904102817598031e-02
8.780487804878047906e-03,3.333333333333333981e-03,4.847533632286994687e-03,1.277904102817598031e-02
8.780487804878047906e-03,3.333333333333333981e-03,4.847533632286994687e-03,1.277904102817598031e-02
8.780487804878047906e-03,3.333333333333333981e-03,4.847533632286994687e-03,1.277904102817598031e-02
8.780487804878047906e-03,3.333333333333333981e-03,4.847533632286994687e-03,1.277904102817598031e-02
8.780487804878047906e-03,3.333333333333333981e-03,4.847533632286994687e-03,1.277904102817598031e-02
8.780487804878047906e-03,3.333333333333333981e-03,4.847533632286994687e-03,1.277904102817598031e-02
8.780487804878047906e-03,3.333333333333333981e-03,4.847533632286994687e-03,1.277904102817598031e-02
8.780487804878047906e-03,3.333333333333333981e-03,4.847533632286994687e-03,1.277904102817598031e-02
8.780487804878047906e-03,3.333333333333333981e-03,4.847533632286994687e-03,1.277904102817598031e-02
8.780487804878047906e-03,3.333333333333333981e-03,4.847533632286994687e-03,1.277904102817598031e-02
8.780487804878047906e-03,3.333333333333333981e-03,4.847533632286994687e-03,1.277904102817598031e-02
8.780487804878047906e-03,3.333333333333333981e-03,4.847533632286994687e-03,1.277904102817598031e-02
8.780487804878047906e-03,3.333333333333333981e-03,4.847533632286994687e-03,1.277904102817598031e-02
8.780487804878047906e-03,3.333333333333333981e-03,4.847533632286994687e-03,1.277904102817598031e-02
8.780487804878047906e-03,3.333333333333333981e-03,4.847533632286994687e-03,1.277904102817598031e-02
8.780487804878047906e-03,3.333333333333333981e-03,4.847533632286994687e-03,1.277904102817598031e-02
8.780487804878047906e-03,3.333333333333333981e-03,4.847533632286994687e-03,1.277904102817598031e-02
8.780487804878047906e-03,3.333333333333333981e-03,4.847533632286994687e-03,1.277904102817598031e-02
8.780487804878047906e-03,3.333333333333333981e-03,4.847533632286994687e-03,1.277904102817598031e-02
8.780487804878047906e-03,3.333333333333333981e-03,4.847533632286994687e-03,1.277904102817598031e-02
8.780487804878047906e-03,3.333333333333333981e-03,4.847533632286994687e-03,1.277904102817598031e-02
8.780487804878047906e-03,3.333333333333333981e-03,4.847533632286994687e-03,1.277904102817598031e-02
8.780487804878047906e-03,3.333333333333333981e-03,4.847533632286994687e-03,1.277904102817598031e-02
8.780487804878047906e-03,3.333333333333333981e-03,4.847533632286994687e-03,1.277904102817598031e-02
8.780487804878047906e-03,3.333333333333333981e-03,4.847533632286994687e-03,1.277904102817598031e-02
8.780487804878047906e-03,3.333333333333333981e-03,4.847533632286994687e-03,1.277904102817598031e-02
8.780487804878047906e-03,3.333333333333333981e-03,4.847533632286994687e-03,1.277904102817598031e-02
8.780487804878047906e-03,3.333333333333333981e-03,4.847533632286994687e-03,1.277904102817598031e-02
8.780487804878047906e-03,3.333333333333333981e-03,4.847533632286994687e-03,1.277904102817598031e-02
8.780487804878047906e-03,3.333333333333333981e-03,4.847533632286994687e-03,1.277904102817598031e-02
8.780487804878047906e-03,3.333333333333333981e-03,4.847533632286994687e-03,1.277904102817598031e-02
8.780487804878047906e-03,3.333333333333333981e-03,4.847533632286994687e-03,1.277904102817598031e-02
8.780487804878047906e-03,3.333333333333333981e-03,4.847533632286994687e-03,1.277904102817598031e-02
8.780487804878047906e-03,3.333333333333333981e-03,4.847533632286994687e-03,1.277904102817598031e-02
8.780487804878047906e-03,3.333333333333333981e-03,4.847533632286994687e-03,1.277904102817598031e-02
8.780487804878047906e-03,3.333333333333333981e-03,4.847533632286994687e-03,1.277904102817598031e-02
8.780487804878047906e-03,3.333333333333333981e-03,4.847533632286994687e-03,1.277904102817598031e-02
8.780487804878047906e-03,3.333333333333333981e-03,4.847533632286994687e-03,1.277904102817598031e-02
8.780487804878047906e-03,3.333333333333333981e-03,4.847533632286994687e-03,1.277904102817598031e-02
8.780487804878047906e-03,3.333333333333333981e-03,4.847533632286994687e-03,1.277904102817598031e-02
8.780487804878047906e-03,3.333333333333333981e-03,4.847533632286994687e-03,1.277904102817598031e-02
8.780487804878047906e-03,3.333333333333333981e-03,4.847533632286994687e-03,1.277904102817598031e-02
8.780487804878047906e-03,3.333333333333333981e-03,4.847533632286994687e-03,1.277904102817598031e-02
8.780487804878047906e-03,3.333333333333333981e-03,4.847533632286994687e-03,1.277904102817598031e-02
8.780487804878047906e-03,3.333333333333333981e-03,4.847533632286994687e-03,1.277904102817598031e-02
8.780487804878047906e-03,3.333333333333333981e-03,4.847533632286994687e-03,1.277904102817598031e-02
8.780487804878047906e-03,3.333333333333333981e-03,4.847533632286994687e-03,1.277904102817598031e-02
8.780487804878047906e-03,3.333333333333333981e-03,4.847533632286994687e-03,1.277904102817598031e-02
8.780487804878047906e-03,3.333333333333333981e-03,4.847533632286994687e-03,1.277904102817598031e-02
8.780487804878047906e-03,3.333333333333333981e-03,4.847533632286994687e-03,1.277904102817598031e-02
8.780487804878047906e-03,3.333333333333333981e-03,4.847533632286994687e-03,1.277904102817598031e-02
8.780487804878047906e-03,3.333333333333333981e-03,4.847533632286994687e-03,1.277904102817598031e-02
8.780487804878047906e-03,3.333333333333333981e-03,4.847533632286994687e-03,1.277904102817598031e-02
8.780487804878047906e-03,3.333333333333333981e-03,4.847533632286994687e-03,1.277904102817598031e-02
8.780487804878047906e-03,3.333333333333333981e-03,4.847533632286994687e-03,1.277904102817598031e-02
8.780487804878047906e-03,3.333333333333333981e-03,4.847533632286994687e-03,1.277904102817598031e-02
8.780487804878047906e-03,3.333333333333333981e-03,4.847533632286994687e-03,1.277904102817598031e-02
8.780487804878047906e-03,3.333333333333333981e-03,4.847533632286994687e-03,1.277904102817598031e-02
8.780487804878047906e-03,3.333333333333333981e-03,4.847533632286994687e-03,1.277904102817598031e-02
8.780487804878047906e-03,3.333333333333333981e-03,4.847533632286994687e-03,1.277904102817598031e-02
8.780487804878047906e-03,3.333333333333333981e-03,4.847533632286994687e-03,1.277904102817598031e-02
8.780487804878047906e-03,3.333333333333333981e-03,4.847533632286994687e-03,1.277904102817598031e-02
8.780487804878047906e-03,3.333333333333333981e-03,4.847533632286994687e-03,1.277904102817598031e-02
8.780487804878047906e-03,3.333333333333333981e-03,4.847533632286994687e-03,1.277904102817598031e-02
8.780487804878047906e-03,3.333333333333333981e-03,4.847533632286994687e-03,1.277904102817598031e-02
8.780487804878047906e-03,3.333333333333333981e-03,4.847533632286994687e-03,1.277904102817598031e-02
8.780487804878047906e-03,3.333333333333333981e-03,4.847533632286994687e-03,1.277904102817598031e-02
8.780487804878047906e-03,3.333333333333333981e-03,4.847533632286994687e-03,1.277904102817598031e-02
8.780487804878047906e-03,3.333333333333333981e-03,4.847533632286994687e-03,1.277904102817598031e-02
8.780487804878047906e-03,3.333333333333333981e-03,4.847533632286994687e-03,1.277904102817598031e-02
8.780487804878047906e-03,3.333333333333333981e-03,4.847533632286994687e-03,1.277904102817598031e-02
8.780487804878047906e-03,3.333333333333333981e-03,4.847533632286994687e-03,1.277904102817598031e-02
8.780487804878047906e-03,3.333333333333333981e-03,4.847533632286994687e-03,1.277904102817598031e-02
8.780487804878047906e-03,3.333333333333333981e-03,4.847533632286994687e-03,1.277904102817598031e-02
8.780487804878047906e-03,3.333333333333333981e-03,4.847533632286994687e-03,1.277904102817598031e-02
8.780487804878047906e-03,3.333333333333333981e-03,4.847533632286994687e-03,1.277904102817598031e-02
8.780487804878047906e-03,3.333333333333333981e-03,4.847533632286994687e-03,1.277904102817598031e-02
8.780487804878047906e-03,3.333333333333333981e-03,4.847533632286994687e-03,1.277904102817598031e-02
8.780487804878047906e-03,3.333333333333333981e-03,4.847533632286994687e-03,1.277904102817598031e-02
8.780487804878047906e-03,3.333333333333333981e-03,4.847533632286994687e-03,1.277904102817598031e-02
8.780487804878047906e-03,3.333333333333333981e-03,4.847533632286994687e-03,1.277904102817598031e-02
8.780487804878047906e-03,3.333333333333333981e-03,4.847533632286994687e-03,1.277904102817598031e-02
8.780487804878047906e-03,3.333333333333333981e-03,4.847533632286994687e-03,1.277904102817598031e-02
8.780487804878047906e-03,3.333333333333333981e-03,4.847533632286994687e-03,1.277904102817598031e-02
8.780487804878047906e-03,3.333333333333333981e-03,4.847533632286994687e-03,1.277904102817598031e-02
8.780487804878047906e-03,3.333333333333333981e-03,4.847533632286994687e-03,1.277904102817598031e-02
8.780487804878047906e-03,3.333333333333333981e-03,4.847533632286994687e-03,1.277904102817598031e-02
8.780487804878047906e-03,3.333333333333333981e-03,4.847533632286994687e-03,1.277904102817598031e-02
8.780487804878047906e-03,3.333333333333333981e-03,4.847533632286994687e-03,1.277904102817598031e-02
8.780487804878047906e-03,3.333333333333333981e-03,4.847533632286994687e-03,1.277904102817598031e-02
8.780487804878047906e-03,3.333333333333333981e-03,4.847533632286994687e-03,1.277904102817598031e-02
8.780487804878047906e-03,3.333333333333333981e-03,4.847533632286994687e-03,1.277904102817598031e-02
8.780487804878047906e-03,3.333333333333333981e-03,4.847533632286994687e-03,1.277904102817598031e-02
8.780487804878047906e-03,3.333333333333333981e-03,4.847533632286994687e-03,1.277904102817598031e-02
8.780487804878047906e-03,3.333333333333333981e-03,4.847533632286994687e-03,1.277904102817598031e-02
8.780487804878047906e-03,3.333333333333333981e-03,4.847533632286994687e-03,1.277904102817598031e-02
8.780487804878047906e-03,3.333333333333333981e-03,4.847533632286994687e-03,1.277904102817598031e-02
8.780487804878047906e-03,3.333333333333333981e-03,4.847533632286994687e-03,1.277904102817598031e-02
8.780487804878047906e-03,3.333333333333333981e-03,4.847533632286994687e-03,1.277904102817598031e-02
8.780487804878047906e-03,3.333333333333333981e-03,4.847533632286994687e-03,1.277904102817598031e-02
8.780487804878047906e-03,3.333333333333333981e-03,4.847533632286994687e-03,1.277904102817598031e-02
8.780487804878047906e-03,3.333333333333333981e-03,4.847533632286994687e-03,1.277904102817598031e-02
8.780487804878047906e-03,3.333333333333333981e-03,4.847533632286994687e-03,1.277904102817598031e-02
8.780487804878047906e-03,3.333333333333333981e-03,4.847533632286994687e-03,1.277904102817598031e-02
8.780487804878047906e-03,3.333333333333333981e-03,4.847533632286994687e-03,1.277904102817598031e-02
8.780487804878047906e-03,3.333333333333333981e-03,4.847533632286994687e-03,1.277904102817598031e-02
8.780487804878047906e-03,3.333333333333333981e-03,4.847533632286994687e-03,1.277904102817598031e-02
8.780487804878047906e-03,3.333333333333333981e-03,4.847533632286994687e-03,1.277904102817598031e-02
8.780487804878047906e-03,3.333333333333333981e-03,4.847533632286994687e-03,1.277904102817598031e-02
8.780487804878047906e-03,3.333333333333333981e-03,4.847533632286994687e-03,1.277904102817598031e-02
8.780487804878047906e-03,3.333333333333333981e-03,4.847533632286994687e-03,1.277904102817598031e-02
8.780487804878047906e-03,3.333333333333333981e-03,4.847533632286994687e-03,1.277904102817598031e-02
8.780487804878047906e-03,3.333333333333333981e-03,4.847533632286994687e-03,1.277904102817598031e-02
8.780487804878047906e-03,3.333333333333333981e-03,4.847533632286994687e-03,1.277904102817598031e-02
8.780487804878047906e-03,3.333333333333333981e-03,4.847533632286994687e-03,1.277904102817598031e-02
8.780487804878047906e-03,3.333333333333333981e-03,4.847533632286994687e-03,1.277904102817598031e-02
8.780487804878047906e-03,3.333333333333333981e-03,4.847533632286994687e-03,1.277904102817598031e-02
8.780487804878047906e-03,3.333333333333333981e-03,4.847533632286994687e-03,1.277904102817598031e-02
8.780487804878047906e-03,3.333333333333333981e-03,4.847533632286994687e-03,1.277904102817598031e-02
8.780487804878047906e-03,3.333333333333333981e-03,4.847533632286994687e-03,1.277904102817598031e-02
8.780487804878047906e-03,3.333333333333333981e-03,4.847533632286994687e-03,1.277904102817598031e-02
8.780487804878047906e-03,3.333333333333333981e-03,4.847533632286994687e-03,1.277904102817598031e-02
8.780487804878047906e-03,3.333333333333333981e-03,4.847533632286994687e-03,1.277904102817598031e-02
8.780487804878047906e-03,3.333333333333333981e-03,4.847533632286994687e-03,1.277904102817598031e-02
8.780487804878047906e-03,3.333333333333333981e-03,4.847533632286994687e-03,1.277904102817598031e-02
8.780487804878047906e-03,3.333333333333333981e-03,4.847533632286994687e-03,1.277904102817598031e-02
8.780487804878047906e-03,3.333333333333333981e-03,4.847533632286994687e-03,1.277904102817598031e-02
8.780487804878047906e-03,3.333333333333333981e-03,4.847533632286994687e-03,1.277904102817598031e-02
8.780487804878047906e-03,3.333333333333333981e-03,4.847533632286994687e-03,1.277904102817598031e-02
8.780487804878047906e-03,3.333333333333333981e-03,4.847533632286994687e-03,1.277904102817598031e-02
8.780487804878047906e-03,3.333333333333333981e-03,4.847533632286994687e-03,1.277904102817598031e-02
8.780487804878047906e-03,3.333333333333333981e-03,4.847533632286994687e-03,1.277904102817598031e-02
8.780487804878047906e-03,3.333333333333333981e-03,4.847533632286994687e-03,1.277904102817598031e-02
8.780487804878047906e-03,3.333333333333333981e-03,4.847533632286994687e-03,1.277904102817598031e-02
8.780487804878047906e-03,3.333333333333333981e-03,4.847533632286994687e-03,1.277904102817598031e-02
8.780487804878047906e-03,3.333333333333333981e-03,4.847533632286994687e-03,1.277904102817598031e-02
8.780487804878047906e-03,3.333333333333333981e-03,4.847533632286994687e-03,1.277904102817598031e-02
8.780487804878047906e-03,3.333333333333333981e-03,4.847533632286994687e-03,1.277904102817598031e-02
8.780487804878047906e-03,3.333333333333333981e-03,4.847533632286994687e-03,1.277904102817598031e-02
8.780487804878047906e-03,3.333333333333333981e-03,4.847533632286994687e-03,1.277904102817598031e-02
8.780487804878047906e-03,3.333333333333333981e-03,4.847533632286994687e-03,1.277904102817598031e-02
8.780487804878047906e-03,3.333333333333333981e-03,4.847533632286994687e-03,1.277904102817598031e-02
8.780487804878047906e-03,3.333333333333333981e-03,4.847533632286994687e-03,1.277904102817598031e-02
8.780487804878047906e-03,3.333333333333333981e-03,4.847533632286994687e-03,1.277904102817598031e-02
8.780487804878047906e-03,3.333333333333333981e-03,4.847533632286994687e-03,1.277904102817598031e-02
8.780487804878047906e-03,3.333333333333333981e-03,4.847533632286994687e-03,1.277904102817598031e-02
8.780487804878047906e-03,3.333333333333333981e-03,4.847533632286994687e-03,1.277904102817598031e-02
8.780487804878047906e-03,3.333333333333333981e-03,4.847533632286994687e-03,1.277904102817598031e-02
8.780487804878047906e-03,3.333333333333333981e-03,4.847533632286994687e-03,1.277904102817598031e-02
8.780487804878047906e-03,3.333333333333333981e-03,4.847533632286994687e-03,1.277904102817598031e-02
8.780487804878047906e-03,3.333333333333333981e-03,4.847533632286994687e-03,1.277904102817598031e-02
8.780487804878047906e-03,3.333333333333333981e-03,4.847533632286994687e-03,1.277904102817598031e-02
8.780487804878047906e-03,3.333333333333333981e-03,4.847533632286994687e-03,1.277904102817598031e-02
8.780487804878047906e-03,3.333333333333333981e-03,4.847533632286994687e-03,1.277904102817598031e-02
8.780487804878047906e-03,3.333333333333333981e-03,4.847533632286994687e-03,1.277904102817598031e-02
8.780487804878047906e-03,3.333333333333333981e-03,4.847533632286994687e-03,1.277904102817598031e-02
8.780487804878047906e-03,3.333333333333333981e-03,4.847533632286994687e-03,1.277904102817598031e-02
8.780487804878047906e-03,3.333333333333333981e-03,4.847533632286994687e-03,1.277904102817598031e-02
8.780487804878047906e-03,3.333333333333333981e-03,4.847533632286994687e-03,1.277904102817598031e-02
8.780487804878047906e-03,3.333333333333333981e-03,4.847533632286994687e-03,1.277904102817598031e-02
8.780487804878047906e-03,3.333333333333333981e-03,4.847533632286994687e-03,1.277904102817598031e-02
8.780487804878047906e-03,3.333333333333333981e-03,4.847533632286994687e-03,1.277904102817598031e-02
8.780487804878047906e-03,3.333333333333333981e-03,4.847533632286994687e-03,1.277904102817598031e-02
8.780487804878047906e-03,3.333333333333333981e-03,4.847533632286994687e-03,1.277904102817598031e-02
8.780487804878047906e-03,3.333333333333333981e-03,4.847533632286994687e-03,1.277904102817598031e-02
8.780487804878047906e-03,3.333333333333333981e-03,4.847533632286994687e-03,1.277904102817598031e-02
8.780487804878047906e-03,3.333333333333333981e-03,4.847533632286994687e-03,1.277904102817598031e-02
8.780487804878047906e-03,3.333333333333333981e-03,4.847533632286994687e-03,1.277904102817598031e-02
8.780487804878047906e-03,3.333333333333333981e-03,4.847533632286994687e-03,1.277904102817598031e-02
8.780487804878047906e-03,3.333333333333333981e-03,4.847533632286994687e-03,1.277904102817598031e-02
8.780487804878047906e-03,3.333333333333333981e-03,4.847533632286994687e-03,1.277904102817598031e-02
8.780487804878047906e-03,3.333333333333333981e-03,4.847533632286994687e-03,1.277904102817598031e-02
8.780487804878047906e-03,3.333333333333333981e-03,4.847533632286994687e-03,1.277904102817598031e-02
8.780487804878047906e-03,3.333333333333333981e-03,4.847533632286994687e-03,1.277904102817598031e-02
8.780487804878047906e-03,3.333333333333333981e-03,4.847533632286994687e-03,1.277904102817598031e-02
8.780487804878047906e-03,3.333333333333333981e-03,4.847533632286994687e-03,1.277904102817598031e-02
8.780487804878047906e-03,3.333333333333333981e-03,4.847533632286994687e-03,1.277904102817598031e-02
8.780487804878047906e-03,3.333333333333333981e-03,4.847533632286994687e-03,1.277904102817598031e-02
8.780487804878047906e-03,3.333333333333333981e-03,4.847533632286994687e-03,1.277904102817598031e-02
8.780487804878047906e-03,3.333333333333333981e-03,4.847533632286994687e-03,1.277904102817598031e-02
8.780487804878047906e-03,3.333333333333333981e-03,4.847533632286994687e-03,1.277904102817598031e-02
8.780487804878047906e-03,3.333333333333333981e-03,4.847533632286994687e-03,1.277904102817598031e-02
8.780487804878047906e-03,3.333333333333333981e-03,4.847533632286994687e-03,1.277904102817598031e-02
8.780487804878047906e-03,3.333333333333333981e-03,4.847533632286994687e-03,1.277904102817598031e-02
8.780487804878047906e-03,3.333333333333333981e-03,4.847533632286994687e-03,1.277904102817598031e-02
8.780487804878047906e-03,3.333333333333333981e-03,4.847533632286994687e-03,1.277904102817598031e-02
8.780487804878047906e-03,3.333333333333333981e-03,4.847533632286994687e-03,1.277904102817598031e-02
8.780487804878047906e-03,3.333333333333333981e-03,4.847533632286994687e-03,1.277904102817598031e-02
8.780487804878047906e-03,3.333333333333333981e-03,4.847533632286994687e-03,1.277904102817598031e-02
8.780487804878047906e-03,3.333333333333333981e-03,4.847533632286994687e-03,1.277904102817598031e-02
8.780487804878047906e-03,3.333333333333333981e-03,4.847533632286994687e-03,1.277904102817598031e-02
8.780487804878047906e-03,3.333333333333333981e-03,4.847533632286994687e-03,1.277904102817598031e-02
8.780487804878047906e-03,3.333333333333333981e-03,4.847533632286994687e-03,1.277904102817598031e-02
8.780487804878047906e-03,3.333333333333333981e-03,4.847533632286994687e-03,1.277904102817598031e-02
8.780487804878047906e-03,3.333333333333333981e-03,4.847533632286994687e-03,1.277904102817598031e-02
8.780487804878047906e-03,3.333333333333333981e-03,4.847533632286994687e-03,1.277904102817598031e-02
8.780487804878047906e-03,3.333333333333333981e-03,4.847533632286994687e-03,1.277904102817598031e-02
8.780487804878047906e-03,3.333333333333333981e-03,4.847533632286994687e-03,1.277904102817598031e-02
8.780487804878047906e-03,3.333333333333333981e-03,4.847533632286994687e-03,1.277904102817598031e-02
8.780487804878047906e-03,3.333333333333333981e-03,4.847533632286994687e-03,1.277904102817598031e-02
8.780487804878047906e-03,3.333333333333333981e-03,4.847533632286994687e-03,1.277904102817598031e-02
8.780487804878047906e-03,3.333333333333333981e-03,4.847533632286994687e-03,1.277904102817598031e-02
8.780487804878047906e-03,3.333333333333333981e-03,4.847533632286994687e-03,1.277904102817598031e-02
8.780487804878047906e-03,3.333333333333333981e-03,4.847533632286994687e-03,1.277904102817598031e-02
8.780487804878047906e-03,3.333333333333333981e-03,4.847533632286994687e-03,1.277904102817598031e-02
8.780487804878047906e-03,3.333333333333333981e-03,4.847533632286994687e-03,1.277904102817598031e-02
8.780487804878047906e-03,3.333333333333333981e-03,4.847533632286994687e-03,1.277904102817598031e-02
8.780487804878047906e-03,3.333333333333333981e-03,4.847533632286994687e-03,1.277904102817598031e-02
8.780487804878047906e-03,3.333333333333333981e-03,4.847533632286994687e-03,1.277904102817598031e-02
8.780487804878047906e-03,3.333333333333333981e-03,4.847533632286994687e-03,1.277904102817598031e-02
8.780487804878047906e-03,3.333333333333333981e-03,4.847533632286994687e-03,1.277904102817598031e-02
8.780487804878047906e-03,3.333333333333333981e-03,4.847533632286994687e-03,1.277904102817598031e-02
8.780487804878047906e-03,3.333333333333333981e-03,4.847533632286994687e-03,1.277904102817598031e-02
8.780487804878047906e-03,3.333333333333333981e-03,4.847533632286994687e-03,1.277904102817598031e-02
8.780487804878047906e-03,3.333333333333333981e-03,4.847533632286994687e-03,1.277904102817598031e-02
8.780487804878047906e-03,3.333333333333333981e-03,4.847533632286994687e-03,1.277904102817598031e-02
8.780487804878047906e-03,3.333333333333333981e-03,4.847533632286994687e-03,1.277904102817598031e-02
8.780487804878047906e-03,3.333333333333333981e-03,4.847533632286994687e-03,1.277904102817598031e-02
8.780487804878047906e-03,3.333333333333333981e-03,4.847533632286994687e-03,1.277904102817598031e-02
8.780487804878047906e-03,3.333333333333333981e-03,4.847533632286994687e-03,1.277904102817598031e-02
8.780487804878047906e-03,3.333333333333333981e-03,4.847533632286994687e-03,1.277904102817598031e-02
8.780487804878047906e-03,3.333333333333333981e-03,4.847533632286994687e-03,1.277904102817598031e-02
8.780487804878047906e-03,3.333333333333333981e-03,4.847533632286994687e-03,1.277904102817598031e-02
8.780487804878047906e-03,3.333333333333333981e-03,4.847533632286994687e-03,1.277904102817598031e-02
8.780487804878047906e-03,3.333333333333333981e-03,4.847533632286994687e-03,1.277904102817598031e-02
8.780487804878047906e-03,3.333333333333333981e-03,4.847533632286994687e-03,1.277904102817598031e-02
8.780487804878047906e-03,3.333333333333333981e-03,4.847533632286994687e-03,1.277904102817598031e-02
8.780487804878047906e-03,3.333333333333333981e-03,4.847533632286994687e-03,1.277904102817598031e-02
8.780487804878047906e-03,3.333333333333333981e-03,4.847533632286994687e-03,1.277904102817598031e-02
8.780487804878047906e-03,3.333333333333333981e-03,4.847533632286994687e-03,1.277904102817598031e-02
8.780487804878047906e-03,3.333333333333333981e-03,4.847533632286994687e-03,1.277904102817598031e-02
8.780487804878047906e-03,3.333333333333333981e-03,4.847533632286994687e-03,1.277904102817598031e-02
8.780487804878047906e-03,3.333333333333333981e-03,4.847533632286994687e-03,1.277904102817598031e-02
8.780487804878047906e-03,3.333333333333333981e-03,4.847533632286994687e-03,1.277904102817598031e-02
8.780487804878047906e-03,3.333333333333333981e-03,4.847533632286994687e-03,1.277904102817598031e-02
8.780487804878047906e-03,3.333333333333333981e-03,4.847533632286994687e-03,1.277904102817598031e-02
8.780487804878047906e-03,3.333333333333333981e-03,4.847533632286994687e-03,1.277904102817598031e-02
8.780487804878047906e-03,3.333333333333333981e-03,4.847533632286994687e-03,1.277904102817598031e-02
8.780487804878047906e-03,3.333333333333333981e-03,4.847533632286994687e-03,1.277904102817598031e-02
8.780487804878047906e-03,3.333333333333333981e-03,4.847533632286994687e-03,1.277904102817598031e-02
8.780487804878047906e-03,3.333333333333333981e-03,4.847533632286994687e-03,1.277904102817598031e-02
8.780487804878047906e-03,3.333333333333333981e-03,4.847533632286994687e-03,1.277904102817598031e-02
8.780487804878047906e-03,3.333333333333333981e-03,4.847533632286994687e-03,1.277904102817598031e-02
8.780487804878047906e-03,3.333333333333333981e-03,4.847533632286994687e-03,1.277904102817598031e-02
8.780487804878047906e-03,3.333333333333333981e-03,4.847533632286994687e-03,1.277904102817598031e-02
8.780487804878047906e-03,3.333333333333333981e-03,4.847533632286994687e-03,1.277904102817598031e-02
8.780487804878047906e-03,3.333333333333333981e-03,4.847533632286994687e-03,1.277904102817598031e-02
8.780487804878047906e-03,3.333333333333333981e-03,4.847533632286994687e-03,1.277904102817598031e-02
8.780487804878047906e-03,3.333333333333333981e-03,4.847533632286994687e-03,1.277904102817598031e-02
8.780487804878047906e-03,3.333333333333333981e-03,4.847533632286994687e-03,1.277904102817598031e-02
8.780487804878047906e-03,3.333333333333333981e-03,4.847533632286994687e-03,1.277904102817598031e-02
8.780487804878047906e-03,3.333333333333333981e-03,4.847533632286994687e-03,1.277904102817598031e-02
8.780487804878047906e-03,3.333333333333333981e-03,4.847533632286994687e-03,1.277904102817598031e-02
8.780487804878047906e-03,3.333333333333333981e-03,4.847533632286994687e-03,1.277904102817598031e-02
8.780487804878047906e-03,3.333333333333333981e-03,4.847533632286994687e-03,1.277904102817598031e-02
8.780487804878047906e-03,3.333333333333333981e-03,4.847533632286994687e-03,1.277904102817598031e-02
8.780487804878047906e-03,3.333333333333333981e-03,4.847533632286994687e-03,1.277904102817598031e-02
8.780487804878047906e-03,3.333333333333333981e-03,4.847533632286994687e-03,1.277904102817598031e-02
8.780487804878047906e-03,3.333333333333333981e-03,4.847533632286994687e-03,1.277904102817598031e-02
8.780487804878047906e-03,3.333333333333333981e-03,4.847533632286994687e-03,1.277904102817598031e-02
8.780487804878047906e-03,3.333333333333333981e-03,4.847533632286994687e-03,1.277904102817598031e-02
8.780487804878047906e-03,3.333333333333333981e-03,4.847533632286994687e-03,1.277904102817598031e-02
8.780487804878047906e-03,3.333333333333333981e-03,4.847533632286994687e-03,1.277904102817598031e-02
8.780487804878047906e-03,3.333333333333333981e-03,4.847533632286994687e-03,1.277904102817598031e-02
8.780487804878047906e-03,3.333333333333333981e-03,4.847533632286994687e-03,1.277904102817598031e-02
8.780487804878047906e-03,3.333333333333333981e-03,4.847533632286994687e-03,1.277904102817598031e-02
8.780487804878047906e-03,3.333333333333333981e-03,4.847533632286994687e-03,1.277904102817598031e-02
8.780487804878047906e-03,3.333333333333333981e-03,4.847533632286994687e-03,1.277904102817598031e-02
8.780487804878047906e-03,3.333333333333333981e-03,4.847533632286994687e-03,1.277904102817598031e-02
8.780487804878047906e-03,3.333333333333333981e-03,4.847533632286994687e-03,1.277904102817598031e-02
8.780487804878047906e-03,3.333333333333333981e-03,4.847533632286994687e-03,1.277904102817598031e-02
8.780487804878047906e-03,3.333333333333333981e-03,4.847533632286994687e-03,1.277904102817598031e-02
8.780487804878047906e-03,3.333333333333333981e-03,4.847533632286994687e-03,1.277904102817598031e-02
8.780487804878047906e-03,3.333333333333333981e-03,4.847533632286994687e-03,1.277904102817598031e-02
8.780487804878047906e-03,3.333333333333333981e-03,4.847533632286994687e-03,1.277904102817598031e-02
8.780487804878047906e-03,3.333333333333333981e-03,4.847533632286994687e-03,1.277904102817598031e-02
8.780487804878047906e-03,3.333333333333333981e-03,4.847533632286994687e-03,1.277904102817598031e-02
8.780487804878047906e-03,3.333333333333333981e-03,4.847533632286994687e-03,1.277904102817598031e-02
8.780487804878047906e-03,3.333333333333333981e-03,4.847533632286994687e-03,1.277904102817598031e-02
8.780487804878047906e-03,3.333333333333333981e-03,4.847533632286994687e-03,1.277904102817598031e-02
8.780487804878047906e-03,3.333333333333333981e-03,4.847533632286994687e-03,1.277904102817598031e-02
8.780487804878047906e-03,3.333333333333333981e-03,4.847533632286994687e-03,1.277904102817598031e-02
8.780487804878047906e-03,3.333333333333333981e-03,4.847533632286994687e-03,1.277904102817598031e-02
8.780487804878047906e-03,3.333333333333333981e-03,4.847533632286994687e-03,1.277904102817598031e-02
8.780487804878047906e-03,3.333333333333333981e-03,4.847533632286994687e-03,1.277904102817598031e-02
8.780487804878047906e-03,3.333333333333333981e-03,4.847533632286994687e-03,1.277904102817598031e-02
8.780487804878047906e-03,3.333333333333333981e-03,4.847533632286994687e-03,1.277904102817598031e-02
8.780487804878047906e-03,3.333333333333333981e-03,4.847533632286994687e-03,1.277904102817598031e-02
8.780487804878047906e-03,3.333333333333333981e-03,4.847533632286994687e-03,1.277904102817598031e-02
8.780487804878047906e-03,3.333333333333333981e-03,4.847533632286994687e-03,1.277904102817598031e-02
8.780487804878047906e-03,3.333333333333333981e-03,4.847533632286994687e-03,1.277904102817598031e-02
8.780487804878047906e-03,3.333333333333333981e-03,4.847533632286994687e-03,1.277904102817598031e-02
8.780487804878047906e-03,3.333333333333333981e-03,4.847533632286994687e-03,1.277904102817598031e-02
8.780487804878047906e-03,3.333333333333333981e-03,4.847533632286994687e-03,1.277904102817598031e-02
8.780487804878047906e-03,3.333333333333333981e-03,4.847533632286994687e-03,1.277904102817598031e-02
8.780487804878047906e-03,3.333333333333333981e-03,4.847533632286994687e-03,1.277904102817598031e-02
8.780487804878047906e-03,3.333333333333333981e-03,4.847533632286994687e-03,1.277904102817598031e-02
8.780487804878047906e-03,3.333333333333333981e-03,4.847533632286994687e-03,1.277904102817598031e-02
8.780487804878047906e-03,3.333333333333333981e-03,4.847533632286994687e-03,1.277904102817598031e-02
8.780487804878047906e-03,3.333333333333333981e-03,4.847533632286994687e-03,1.277904102817598031e-02
8.780487804878047906e-03,3.333333333333333981e-03,4.847533632286994687e-03,1.277904102817598031e-02
8.780487804878047906e-03,3.333333333333333981e-03,4.847533632286994687e-03,1.277904102817598031e-02
8.780487804878047906e-03,3.333333333333333981e-03,4.847533632286994687e-03,1.277904102817598031e-02
8.780487804878047906e-03,3.333333333333333981e-03,4.847533632286994687e-03,1.277904102817598031e-02
8.780487804878047906e-03,3.333333333333333981e-03,4.847533632286994687e-03,1.277904102817598031e-02
8.780487804878047906e-03,3.333333333333333981e-03,4.847533632286994687e-03,1.277904102817598031e-02
8.780487804878047906e-03,3.333333333333333981e-03,4.847533632286994687e-03,1.277904102817598031e-02
8.780487804878047906e-03,3.333333333333333981e-03,4.847533632286994687e-03,1.277904102817598031e-02
8.780487804878047906e-03,3.333333333333333981e-03,4.847533632286994687e-03,1.277904102817598031e-02
8.780487804878047906e-03,3.333333333333333981e-03,4.847533632286994687e-03,1.277904102817598031e-02
8.780487804878047906e-03,3.333333333333333981e-03,4.847533632286994687e-03,1.277904102817598031e-02
8.780487804878047906e-03,3.333333333333333981e-03,4.847533632286994687e-03,1.277904102817598031e-02
8.780487804878047906e-03,3.333333333333333981e-03,4.847533632286994687e-03,1.277904102817598031e-02
8.780487804878047906e-03,3.333333333333333981e-03,4.847533632286994687e-03,1.277904102817598031e-02
8.780487804878047906e-03,3.333333333333333981e-03,4.847533632286994687e-03,1.277904102817598031e-02
8.780487804878047906e-03,3.333333333333333981e-03,4.847533632286994687e-03,1.277904102817598031e-02
8.780487804878047906e-03,3.333333333333333981e-03,4.847533632286994687e-03,1.277904102817598031e-02
8.780487804878047906e-03,3.333333333333333981e-03,4.847533632286994687e-03,1.277904102817598031e-02
8.780487804878047906e-03,3.333333333333333981e-03,4.847533632286994687e-03,1.277904102817598031e-02
8.780487804878047906e-03,3.333333333333333981e-03,4.847533632286994687e-03,1.277904102817598031e-02
8.780487804878047906e-03,3.333333333333333981e-03,4.847533632286994687e-03,1.277904102817598031e-02
8.780487804878047906e-03,3.333333333333333981e-03,4.847533632286994687e-03,1.277904102817598031e-02
8.780487804878047906e-03,3.333333333333333981e-03,4.847533632286994687e-03,1.277904102817598031e-02
8.780487804878047906e-03,3.333333333333333981e-03,4.847533632286994687e-03,1.277904102817598031e-02
8.780487804878047906e-03,3.333333333333333981e-03,4.847533632286994687e-03,1.277904102817598031e-02
8.780487804878047906e-03,3.333333333333333981e-03,4.847533632286994687e-03,1.277904102817598031e-02
8.780487804878047906e-03,3.333333333333333981e-03,4.847533632286994687e-03,1.277904102817598031e-02
8.780487804878047906e-03,3.333333333333333981e-03,4.847533632286994687e-03,1.277904102817598031e-02
8.780487804878047906e-03,3.333333333333333981e-03,4.847533632286994687e-03,1.277904102817598031e-02
8.780487804878047906e-03,3.333333333333333981e-03,4.847533632286994687e-03,1.277904102817598031e-02
8.780487804878047906e-03,3.333333333333333981e-03,4.847533632286994687e-03,1.277904102817598031e-02
8.780487804878047906e-03,3.333333333333333981e-03,4.847533632286994687e-03,1.277904102817598031e-02
8.780487804878047906e-03,3.333333333333333981e-03,4.847533632286994687e-03,1.277904102817598031e-02
8.780487804878047906e-03,3.333333333333333981e-03,4.847533632286994687e-03,1.277904102817598031e-02
8.780487804878047906e-03,3.333333333333333981e-03,4.847533632286994687e-03,1.277904102817598031e-02
8.780487804878047906e-03,3.333333333333333981e-03,4.847533632286994687e-03,1.277904102817598031e-02
8.780487804878047906e-03,3.333333333333333981e-03,4.847533632286994687e-03,1.277904102817598031e-02
8.780487804878047906e-03,3.333333333333333981e-03,4.847533632286994687e-03,1.277904102817598031e-02
8.780487804878047906e-03,3.333333333333333981e-03,4.847533632286994687e-03,1.277904102817598031e-02
8.780487804878047906e-03,3.333333333333333981e-03,4.847533632286994687e-03,1.277904102817598031e-02
8.780487804878047906e-03,3.333333333333333981e-03,4.847533632286994687e-03,1.277904102817598031e-02
8.780487804878047906e-03,3.333333333333333981e-03,4.847533632286994687e-03,1.277904102817598031e-02
8.780487804878047906e-03,3.333333333333333981e-03,4.847533632286994687e-03,1.277904102817598031e-02
8.780487804878047906e-03,3.333333333333333981e-03,4.847533632286994687e-03,1.277904102817598031e-02
8.780487804878047906e-03,3.333333333333333981e-03,4.847533632286994687e-03,1.277904102817598031e-02
8.780487804878047906e-03,3.333333333333333981e-03,4.847533632286994687e-03,1.277904102817598031e-02
8.780487804878047906e-03,3.333333333333333981e-03,4.847533632286994687e-03,1.277904102817598031e-02
8.780487804878047906e-03,3.333333333333333981e-03,4.847533632286994687e-03,1.277904102817598031e-02
8.780487804878047906e-03,3.333333333333333981e-03,4.847533632286994687e-03,1.277904102817598031e-02
8.780487804878047906e-03,3.333333333333333981e-03,4.847533632286994687e-03,1.277904102817598031e-02
8.780487804878047906e-03,3.333333333333333981e-03,4.847533632286994687e-03,1.277904102817598031e-02
8.780487804878047906e-03,3.333333333333333981e-03,4.847533632286994687e-03,1.277904102817598031e-02
8.780487804878047906e-03,3.333333333333333981e-03,4.847533632286994687e-03,1.277904102817598031e-02
8.780487804878047906e-03,3.333333333333333981e-03,4.847533632286994687e-03,1.277904102817598031e-02
8.780487804878047906e-03,3.333333333333333981e-03,4.847533632286994687e-03,1.277904102817598031e-02
8.780487804878047906e-03,3.333333333333333981e-03,4.847533632286994687e-03,1.277904102817598031e-02
8.780487804878047906e-03,3.333333333333333981e-03,4.847533632286994687e-03,1.277904102817598031e-02
8.780487804878047906e-03,3.333333333333333981e-03,4.847533632286994687e-03,1.277904102817598031e-02
8.780487804878047906e-03,3.333333333333333981e-03,4.847533632286994687e-03,1.277904102817598031e-02
8.780487804878047906e-03,3.333333333333333981e-03,4.847533632286994687e-03,1.277904102817598031e-02
8.780487804878047906e-03,3.333333333333333981e-03,4.847533632286994687e-03,1.277904102817598031e-02
8.780487804878047906e-03,3.333333333333333981e-03,4.847533632286994687e-03,1.277904102817598031e-02
8.780487804878047906e-03,3.333333333333333981e-03,4.847533632286994687e-03,1.277904102817598031e-02
8.780487804878047906e-03,3.333333333333333981e-03,4.847533632286994687e-03,1.277904102817598031e-02
8.780487804878047906e-03,3.333333333333333981e-03,4.847533632286994687e-03,1.277904102817598031e-02
8.780487804878047906e-03,3.333333333333333981e-03,4.847533632286994687e-03,1.277904102817598031e-02
8.780487804878047906e-03,3.333333333333333981e-03,4.847533632286994687e-03,1.277904102817598031e-02
8.780487804878047906e-03,3.333333333333333981e-03,4.847533632286994687e-03,1.277904102817598031e-02
8.780487804878047906e-03,3.333333333333333981e-03,4.847533632286994687e-03,1.277904102817598031e-02
8.780487804878047906e-03,3.333333333333333981e-03,4.847533632286994687e-03,1.277904102817598031e-02
8.780487804878047906e-03,3.333333333333333981e-03,4.847533632286994687e-03,1.277904102817598031e-02
8.780487804878047906e-03,3.333333333333333981e-03,4.847533632286994687e-03,1.277904102817598031e-02
8.780487804878047906e-03,3.333333333333333981e-03,4.847533632286994687e-03,1.277904102817598031e-02
8.780487804878047906e-03,3.333333333333333981e-03,4.847533632286994687e-03,1.277904102817598031e-02
8.780487804878047906e-03,3.333333333333333981e-03,4.847533632286994687e-03,1.277904102817598031e-02
8.780487804878047906e-03,3.333333333333333981e-03,4.847533632286994687e-03,1.277904102817598031e-02
8.780487804878047906e-03,3.333333333333333981e-03,4.847533632286994687e-03,1.277904102817598031e-02
8.780487804878047906e-03,3.333333333333333981e-03,4.847533632286994687e-03,1.277904102817598031e-02
8.780487804878047906e-03,3.333333333333333981e-03,4.847533632286994687e-03,1.277904102817598031e-02
8.780487804878047906e-03,3.333333333333333981e-03,4.847533632286994687e-03,1.277904102817598031e-02
8.780487804878047906e-03,3.333333333333333981e-03,4.847533632286994687e-03,1.277904102817598031e-02
8.780487804878047906e-03,3.333333333333333981e-03,4.847533632286994687e-03,1.277904102817598031e-02
8.780487804878047906e-03,3.333333333333333981e-03,4.847533632286994687e-03,1.277904102817598031e-02
8.780487804878047906e-03,3.333333333333333981e-03,4.847533632286994687e-03,1.277904102817598031e-02
8.780487804878047906e-03,3.333333333333333981e-03,4.847533632286994687e-03,1.277904102817598031e-02
8.780487804878047906e-03,3.333333333333333981e-03,4.847533632286994687e-03,1.277904102817598031e-02
8.780487804878047906e-03,3.333333333333333981e-03,4.847533632286994687e-03,1.277904102817598031e-02
8.780487804878047906e-03,3.333333333333333981e-03,4.847533632286994687e-03,1.277904102817598031e-02
8.780487804878047906e-03,3.333333333333333981e-03,4.847533632286994687e-03,1.277904102817598031e-02
8.780487804878047906e-03,3.333333333333333981e-03,4.847533632286994687e-03,1.277904102817598031e-02
8.780487804878047906e-03,3.333333333333333981e-03,4.847533632286994687e-03,1.277904102817598031e-02
8.780487804878047906e-03,3.333333333333333981e-03,4.847533632286994687e-03,1.277904102817598031e-02
8.780487804878047906e-03,3.333333333333333981e-03,4.847533632286994687e-03,1.277904102817598031e-02
8.780487804878047906e-03,3.333333333333333981e-03,4.847533632286994687e-03,1.277904102817598031e-02
8.780487804878047906e-03,3.333333333333333981e-03,4.847533632286994687e-03,1.277904102817598031e-02
8.780487804878047906e-03,3.333333333333333981e-03,4.847533632286994687e-03,1.277904102817598031e-02
8.780487804878047906e-03,3.333333333333333981e-03,4.847533632286994687e-03,1.277904102817598031e-02
8.780487804878047906e-03,3.333333333333333981e-03,4.847533632286994687e-03,1.277904102817598031e-02
8.780487804878047906e-03,3.333333333333333981e-03,4.847533632286994687e-03,1.277904102817598031e-02
8.780487804878047906e-03,3.333333333333333981e-03,4.847533632286994687e-03,1.277904102817598031e-02
8.780487804878047906e-03,3.333333333333333981e-03,4.847533632286994687e-03,1.277904102817598031e-02
8.780487804878047906e-03,3.333333333333333981e-03,4.847533632286994687e-03,1.277904102817598031e-02
8.780487804878047906e-03,3.333333333333333981e-03,4.847533632286994687e-03,1.277904102817598031e-02
8.780487804878047906e-03,3.333333333333333981e-03,4.847533632286994687e-03,1.277904102817598031e-02
8.780487804878047906e-03,3.333333333333333981e-03,4.847533632286994687e-03,1.277904102817598031e-02
8.780487804878047906e-03,3.333333333333333981e-03,4.847533632286994687e-03,1.277904102817598031e-02
8.780487804878047906e-03,3.333333333333333981e-03,4.847533632286994687e-03,1.277904102817598031e-02
8.780487804878047906e-03,3.333333333333333981e-03,4.847533632286994687e-03,1.277904102817598031e-02
8.780487804878047906e-03,3.333333333333333981e-03,4.847533632286994687e-03,1.277904102817598031e-02
8.780487804878047906e-03,3.333333333333333981e-03,4.847533632286994687e-03,1.277904102817598031e-02
8.780487804878047906e-03,3.333333333333333981e-03,4.847533632286994687e-03,1.277904102817598031e-02
8.780487804878047906e-03,3.333333333333333981e-03,4.847533632286994687e-03,1.277904102817598031e-02
8.780487804878047906e-03,3.333333333333333981e-03,4.847533632286994687e-03,1.277904102817598031e-02
8.780487804878047906e-03,3.333333333333333981e-03,4.847533632286994687e-03,1.277904102817598031e-02
8.780487804878047906e-03,3.333333333333333981e-03,4.847533632286994687e-03,1.277904102817598031e-02
8.780487804878047906e-03,3.333333333333333981e-03,4.847533632286994687e-03,1.277904102817598031e-02
8.780487804878047906e-03,3.333333333333333981e-03,4.847533632286994687e-03,1.277904102817598031e-02
8.780487804878047906e-03,3.333333333333333981e-03,4.847533632286994687e-03,1.277904102817598031e-02
8.780487804878047906e-03,3.333333333333333981e-03,4.847533632286994687e-03,1.277904102817598031e-02
8.780487804878047906e-03,3.333333333333333981e-03,4.847533632286994687e-03,1.277904102817598031e-02
8.780487804878047906e-03,3.333333333333333981e-03,4.847533632286994687e-03,1.277904102817598031e-02
8.780487804878047906e-03,3.333333333333333981e-03,4.847533632286994687e-03,1.277904102817598031e-02
8.780487804878047906e-03,3.333333333333333981e-03,4.847533632286994687e-03,1.277904102817598031e-02
8.780487804878047906e-03,3.333333333333333981e-03,4.847533632286994687e-03,1.277904102817598031e-02
8.780487804878047906e-03,3.333333333333333981e-03,4.847533632286994687e-03,1.277904102817598031e-02
8.780487804878047906e-03,3.333333333333333981e-03,4.847533632286994687e-03,1.277904102817598031e-02
8.780487804878047906e-03,3.333333333333333981e-03,4.847533632286994687e-03,1.277904102817598031e-02
8.780487804878047906e-03,3.333333333333333981e-03,4.847533632286994687e-03,1.277904102817598031e-02
8.780487804878047906e-03,3.333333333333333981e-03,4.847533632286994687e-03,1.277904102817598031e-02
8.780487804878047906e-03,3.333333333333333981e-03,4.847533632286994687e-03,1.277904102817598031e-02
8.780487804878047906e-03,3.333333333333333981e-03,4.847533632286994687e-03,1.277904102817598031e-02
8.780487804878047906e-03,3.333333333333333981e-03,4.847533632286994687e-03,1.277904102817598031e-02
8.780487804878047906e-03,3.333333333333333981e-03,4.847533632286994687e-03,1.277904102817598031e-02
8.780487804878047906e-03,3.333333333333333981e-03,4.847533632286994687e-03,1.277904102817598031e-02
8.780487804878047906e-03,3.333333333333333981e-03,4.847533632286994687e-03,1.277904102817598031e-02
8.780487804878047906e-03,3.333333333333333981e-03,4.847533632286994687e-03,1.277904102817598031e-02
8.780487804878047906e-03,3.333333333333333981e-03,4.847533632286994687e-03,1.277904102817598031e-02
8.780487804878047906e-03,3.333333333333333981e-03,4.847533632286994687e-03,1.277904102817598031e-02
8.780487804878047906e-03,3.333333333333333981e-03,4.847533632286994687e-03,1.277904102817598031e-02
8.780487804878047906e-03,3.333333333333333981e-03,4.847533632286994687e-03,1.277904102817598031e-02
8.780487804878047906e-03,3.333333333333333981e-03,4.847533632286994687e-03,1.277904102817598031e-02
8.780487804878047906e-03,3.333333333333333981e-03,4.847533632286994687e-03,1.277904102817598031e-02
8.780487804878047906e-03,3.333333333333333981e-03,4.847533632286994687e-03,1.277904102817598031e-02
8.780487804878047906e-03,3.333333333333333981e-03,4.847533632286994687e-03,1.277904102817598031e-02
8.780487804878047906e-03,3.333333333333333981e-03,4.847533632286994687e-03,1.277904102817598031e-02
8.780487804878047906e-03,3.333333333333333981e-03,4.847533632286994687e-03,1.277904102817598031e-02
8.780487804878047906e-03,3.333333333333333981e-03,4.847533632286994687e-03,1.277904102817598031e-02
8.780487804878047906e-03,3.333333333333333981e-03,4.847533632286994687e-03,1.277904102817598031e-02
8.780487804878047906e-03,3.333333333333333981e-03,4.847533632286994687e-03,1.277904102817598031e-02
8.780487804878047906e-03,3.333333333333333981e-03,4.847533632286994687e-03,1.277904102817598031e-02
8.780487804878047906e-03,3.333333333333333981e-03,4.847533632286994687e-03,1.277904102817598031e-02
8.780487804878047906e-03,3.333333333333333981e-03,4.847533632286994687e-03,1.277904102817598031e-02
8.780487804878047906e-03,3.333333333333333981e-03,4.847533632286994687e-03,1.277904102817598031e-02
8.780487804878047906e-03,3.333333333333333981e-03,4.847533632286994687e-03,1.277904102817598031e-02
8.780487804878047906e-03,3.333333333333333981e-03,4.847533632286994687e-03,1.277904102817598031e-02
8.780487804878047906e-03,3.333333333333333981e-03,4.847533632286994687e-03,1.277904102817598031e-02
8.780487804878047906e-03,3.333333333333333981e-03,4.847533632286994687e-03,1.277904102817598031e-02
8.780487804878047906e-03,3.333333333333333981e-03,4.847533632286994687e-03,1.277904102817598031e-02
8.780487804878047906e-03,3.333333333333333981e-03,4.847533632286994687e-03,1.277904102817598031e-02
8.780487804878047906e-03,3.333333333333333981e-03,4.847533632286994687e-03,1.277904102817598031e-02
8.780487804878047906e-03,3.333333333333333981e-03,4.847533632286994687e-03,1.277904102817598031e-02
8.780487804878047906e-03,3.333333333333333981e-03,4.847533632286994687e-03,1.277904102817598031e-02
8.780487804878047906e-03,3.333333333333333981e-03,4.847533632286994687e-03,1.277904102817598031e-02
8.780487804878047906e-03,3.333333333333333981e-03,4.847533632286994687e-03,1.277904102817598031e-02
8.780487804878047906e-03,3.333333333333333981e-03,4.847533632286994687e-03,1.277904102817598031e-02
8.780487804878047906e-03,3.333333333333333981e-03,4.847533632286994687e-03,1.277904102817598031e-02
8.780487804878047906e-03,3.333333333333333981e-03,4.847533632286994687e-03,1.277904102817598031e-02
8.780487804878047906e-03,3.333333333333333981e-03,4.847533632286994687e-03,1.277904102817598031e-02
8.780487804878047906e-03,3.333333333333333981e-03,4.847533632286994687e-03,1.277904102817598031e-02
8.780487804878047906e-03,3.333333333333333981e-03,4.847533632286994687e-03,1.277904102817598031e-02
8.780487804878047906e-03,3.333333333333333981e-03,4.847533632286994687e-03,1.277904102817598031e-02
8.780487804878047906e-03,3.333333333333333981e-03,4.847533632286994687e-03,1.277904102817598031e-02
8.780487804878047906e-03,3.333333333333333981e-03,4.847533632286994687e-03,1.277904102817598031e-02
8.780487804878047906e-03,3.333333333333333981e-03,4.847533632286994687e-03,1.277904102817598031e-02
8.780487804878047906e-03,3.333333333333333981e-03,4.847533632286994687e-03,1.277904102817598031e-02
8.780487804878047906e-03,3.333333333333333981e-03,4.847533632286994687e-03,1.277904102817598031e-02
8.780487804878047906e-03,3.333333333333333981e-03,4.847533632286994687e-03,1.277904102817598031e-02
8.780487804878047906e-03,3.333333333333333981e-03,4.847533632286994687e-03,1.277904102817598031e-02
8.780487804878047906e-03,3.333333333333333981e-03,4.847533632286994687e-03,1.277904102817598031e-02
8.780487804878047906e-03,3.333333333333333981e-03,4.847533632286994687e-03,1.277904102817598031e-02
8.780487804878047906e-03,3.333333333333333981e-03,4.847533632286994687e-03,1.277904102817598031e-02
8.780487804878047906e-03,3.333333333333333981e-03,4.847533632286994687e-03,1.277904102817598031e-02
8.780487804878047906e-03,3.333333333333333981e-03,4.847533632286994687e-03,1.277904102817598031e-02
8.780487804878047906e-03,3.333333333333333981e-03,4.847533632286994687e-03,1.277904102817598031e-02
8.780487804878047906e-03,3.333333333333333981e-03,4.847533632286994687e-03,1.277904102817598031e-02
8.780487804878047906e-03,3.333333333333333981e-03,4.847533632286994687e-03,1.277904102817598031e-02
8.780487804878047906e-03,3.333333333333333981e-03,4.847533632286994687e-03,1.277904102817598031e-02
8.780487804878047906e-03,3.333333333333333981e-03,4.847533632286994687e-03,1.277904102817598031e-02
8.780487804878047906e-03,3.333333333333333981e-03,4.847533632286994687e-03,1.277904102817598031e-02
8.780487804878047906e-03,3.333333333333333981e-03,4.847533632286994687e-03,1.277904102817598031e-02
8.780487804878047906e-03,3.333333333333333981e-03,4.847533632286994687e-03,1.277904102817598031e-02
8.780487804878047906e-03,3.333333333333333981e-03,4.847533632286994687e-03,1.277904102817598031e-02
8.780487804878047906e-03,3.333333333333333981e-03,4.847533632286994687e-03,1.277904102817598031e-02
8.780487804878047906e-03,3.333333333333333981e-03,4.847533632286994687e-03,1.277904102817598031e-02
8.780487804878047906e-03,3.333333333333333981e-03,4.847533632286994687e-03,1.277904102817598031e-02
8.780487804878047906e-03,3.333333333333333981e-03,4.847533632286994687e-03,1.277904102817598031e-02
8.780487804878047906e-03,3.333333333333333981e-03,4.847533632286994687e-03,1.277904102817598031e-02
8.780487804878047906e-03,3.333333333333333981e-03,4.847533632286994687e-03,1.277904102817598031e-02
8.780487804878047906e-03,3.333333333333333981e-03,4.847533632286994687e-03,1.277904102817598031e-02
8.780487804878047906e-03,3.333333333333333981e-03,4.847533632286994687e-03,1.277904102817598031e-02
8.780487804878047906e-03,3.333333333333333981e-03,4.847533632286994687e-03,1.277904102817598031e-02
8.780487804878047906e-03,3.333333333333333981e-03,4.847533632286994687e-03,1.277904102817598031e-02
8.780487804878047906e-03,3.333333333333333981e-03,4.847533632286994687e-03,1.277904102817598031e-02
8.780487804878047906e-03,3.333333333333333981e-03,4.847533632286994687e-03,1.277904102817598031e-02
8.780487804878047906e-03,3.333333333333333981e-03,4.847533632286994687e-03,1.277904102817598031e-02
8.780487804878047906e-03,3.333333333333333981e-03,4.847533632286994687e-03,1.277904102817598031e-02
8.780487804878047906e-03,3.333333333333333981e-03,4.847533632286994687e-03,1.277904102817598031e-02
8.780487804878047906e-03,3.333333333333333981e-03,4.847533632286994687e-03,1.277904102817598031e-02
8.780487804878047906e-03,3.333333333333333981e-03,4.847533632286994687e-03,1.277904102817598031e-02
8.780487804878047906e-03,3.333333333333333981e-03,4.847533632286994687e-03,1.277904102817598031e-02
8.780487804878047906e-03,3.333333333333333981e-03,4.847533632286994687e-03,1.277904102817598031e-02
8.780487804878047906e-03,3.333333333333333981e-03,4.847533632286994687e-03,1.277904102817598031e-02
8.780487804878047906e-03,3.333333333333333981e-03,4.847533632286994687e-03,1.277904102817598031e-02
8.780487804878047906e-03,3.333333333333333981e-03,4.847533632286994687e-03,1.277904102817598031e-02
8.780487804878047906e-03,3.333333333333333981e-03,4.847533632286994687e-03,1.277904102817598031e-02
8.780487804878047906e-03,3.333333333333333981e-03,4.847533632286994687e-03,1.277904102817598031e-02
8.780487804878047906e-03,3.333333333333333981e-03,4.847533632286994687e-03,1.277904102817598031e-02
8.780487804878047906e-03,3.333333333333333981e-03,4.847533632286994687e-03,1.277904102817598031e-02
8.780487804878047906e-03,3.333333333333333981e-03,4.847533632286994687e-03,1.277904102817598031e-02
8.780487804878047906e-03,3.333333333333333981e-03,4.847533632286994687e-03,1.277904102817598031e-02
8.780487804878047906e-03,3.333333333333333981e-03,4.847533632286994687e-03,1.277904102817598031e-02
8.780487804878047906e-03,3.333333333333333981e-03,4.847533632286994687e-03,1.277904102817598031e-02
8.780487804878047906e-03,3.333333333333333981e-03,4.847533632286994687e-03,1.277904102817598031e-02
8.780487804878047906e-03,3.333333333333333981e-03,4.847533632286994687e-03,1.277904102817598031e-02
8.780487804878047906e-03,3.333333333333333981e-03,4.847533632286994687e-03,1.277904102817598031e-02
8.780487804878047906e-03,3.333333333333333981e-03,4.847533632286994687e-03,1.277904102817598031e-02
8.780487804878047906e-03,3.333333333333333981e-03,4.847533632286994687e-03,1.277904102817598031e-02
8.780487804878047906e-03,3.333333333333333981e-03,4.847533632286994687e-03,1.277904102817598031e-02
8.780487804878047906e-03,3.333333333333333981e-03,4.847533632286994687e-03,1.277904102817598031e-02
8.780487804878047906e-03,3.333333333333333981e-03,4.847533632286994687e-03,1.277904102817598031e-02
8.780487804878047906e-03,3.333333333333333981e-03,4.847533632286994687e-03,1.277904102817598031e-02
8.780487804878047906e-03,3.333333333333333981e-03,4.847533632286994687e-03,1.277904102817598031e-02
8.780487804878047906e-03,3.333333333333333981e-03,4.847533632286994687e-03,1.277904102817598031e-02
8.780487804878047906e-03,3.333333333333333981e-03,4.847533632286994687e-03,1.277904102817598031e-02
8.780487804878047906e-03,3.333333333333333981e-03,4.847533632286994687e-03,1.277904102817598031e-02
8.780487804878047906e-03,3.333333333333333981e-03,4.847533632286994687e-03,1.277904102817598031e-02
8.780487804878047906e-03,3.333333333333333981e-03,4.847533632286994687e-03,1.277904102817598031e-02
8.780487804878047906e-03,3.333333333333333981e-03,4.847533632286994687e-03,1.277904102817598031e-02
8.780487804878047906e-03,3.333333333333333981e-03,4.847533632286994687e-03,1.277904102817598031e-02
8.780487804878047906e-03,3.333333333333333981e-03,4.847533632286994687e-03,1.277904102817598031e-02
8.780487804878047906e-03,3.333333333333333981e-03,4.847533632286994687e-03,1.277904102817598031e-02
8.780487804878047906e-03,3.333333333333333981e-03,4.847533632286994687e-03,1.277904102817598031e-02
8.780487804878047906e-03,3.333333333333333981e-03,4.847533632286994687e-03,1.277904102817598031e-02
8.780487804878047906e-03,3.333333333333333981e-03,4.847533632286994687e-03,1.277904102817598031e-02
8.780487804878047906e-03,3.333333333333333981e-03,4.847533632286994687e-03,1.277904102817598031e-02
8.780487804878047906e-03,3.333333333333333981e-03,4.847533632286994687e-03,1.277904102817598031e-02
8.780487804878047906e-03,3.333333333333333981e-03,4.847533632286994687e-03,1.277904102817598031e-02
8.780487804878047906e-03,3.333333333333333981e-03,4.847533632286994687e-03,1.277904102817598031e-02
8.780487804878047906e-03,3.333333333333333981e-03,4.847533632286994687e-03,1.277904102817598031e-02
8.780487804878047906e-03,3.333333333333333981e-03,4.847533632286994687e-03,1.277904102817598031e-02
8.780487804878047906e-03,3.333333333333333981e-03,4.847533632286994687e-03,1.277904102817598031e-02
8.780487804878047906e-03,3.333333333333333981e-03,4.847533632286994687e-03,1.277904102817598031e-02
8.780487804878047906e-03,3.333333333333333981e-03,4.847533632286994687e-03,1.277904102817598031e-02
8.780487804878047906e-03,3.333333333333333981e-03,4.847533632286994687e-03,1.277904102817598031e-02
8.780487804878047906e-03,3.333333333333333981e-03,4.847533632286994687e-03,1.277904102817598031e-02
8.780487804878047906e-03,3.333333333333333981e-03,4.847533632286994687e-03,1.277904102817598031e-02
8.780487804878047906e-03,3.333333333333333981e-03,4.847533632286994687e-03,1.277904102817598031e-02
8.780487804878047906e-03,3.333333333333333981e-03,4.847533632286994687e-03,1.277904102817598031e-02
8.780487804878047906e-03,3.333333333333333981e-03,4.847533632286994687e-03,1.277904102817598031e-02
8.780487804878047906e-03,3.333333333333333981e-03,4.847533632286994687e-03,1.277904102817598031e-02
8.780487804878047906e-03,3.333333333333333981e-03,4.847533632286994687e-03,1.277904102817598031e-02
8.780487804878047906e-03,3.333333333333333981e-03,4.847533632286994687e-03,1.277904102817598031e-02
8.780487804878047906e-03,3.333333333333333981e-03,4.847533632286994687e-03,1.277904102817598031e-02
8.780487804878047906e-03,3.333333333333333981e-03,4.847533632286994687e-03,1.277904102817598031e-02
8.780487804878047906e-03,3.333333333333333981e-03,4.847533632286994687e-03,1.277904102817598031e-02
8.780487804878047906e-03,3.333333333333333981e-03,4.847533632286994687e-03,1.277904102817598031e-02
8.780487804878047906e-03,3.333333333333333981e-03,4.847533632286994687e-03,1.277904102817598031e-02
8.780487804878047906e-03,3.333333333333333981e-03,4.847533632286994687e-03,1.277904102817598031e-02
8.780487804878047906e-03,3.333333333333333981e-03,4.847533632286994687e-03,1.277904102817598031e-02
8.780487804878047906e-03,3.333333333333333981e-03,4.847533632286994687e-03,1.277904102817598031e-02
8.780487804878047906e-03,3.333333333333333981e-03,4.847533632286994687e-03,1.277904102817598031e-02
8.780487804878047906e-03,3.333333333333333981e-03,4.847533632286994687e-03,1.277904102817598031e-02
8.780487804878047906e-03,3.333333333333333981e-03,4.847533632286994687e-03,1.277904102817598031e-02
8.780487804878047906e-03,3.333333333333333981e-03,4.847533632286994687e-03,1.277904102817598031e-02
8.780487804878047906e-03,3.333333333333333981e-03,4.847533632286994687e-03,1.277904102817598031e-02
8.780487804878047906e-03,3.333333333333333981e-03,4.847533632286994687e-03,1.277904102817598031e-02
8.780487804878047906e-03,3.333333333333333981e-03,4.847533632286994687e-03,1.277904102817598031e-02
8.780487804878047906e-03,3.333333333333333981e-03,4.847533632286994687e-03,1.277904102817598031e-02
8.780487804878047906e-03,3.333333333333333981e-03,4.847533632286994687e-03,1.277904102817598031e-02
8.780487804878047906e-03,3.333333333333333981e-03,4.847533632286994687e-03,1.277904102817598031e-02
8.780487804878047906e-03,3.333333333333333981e-03,4.847533632286994687e-03,1.277904102817598031e-02
8.780487804878047906e-03,3.333333333333333981e-03,4.847533632286994687e-03,1.277904102817598031e-02
8.780487804878047906e-03,3.333333333333333981e-03,4.847533632286994687e-03,1.277904102817598031e-02
8.780487804878047906e-03,3.333333333333333981e-03,4.847533632286994687e-03,1.277904102817598031e-02
8.780487804878047906e-03,3.333333333333333981e-03,4.847533632286994687e-03,1.277904102817598031e-02
8.780487804878047906e-03,3.333333333333333981e-03,4.847533632286994687e-03,1.277904102817598031e-02
8.780487804878047906e-03,3.333333333333333981e-03,4.847533632286994687e-03,1.277904102817598031e-02
8.780487804878047906e-03,3.333333333333333981e-03,4.847533632286994687e-03,1.277904102817598031e-02
8.780487804878047906e-03,3.333333333333333981e-03,4.847533632286994687e-03,1.277904102817598031e-02
8.780487804878047906e-03,3.333333333333333981e-03,4.847533632286994687e-03,1.277904102817598031e-02
8.780487804878047906e-03,3.333333333333333981e-03,4.847533632286994687e-03,1.277904102817598031e-02
8.780487804878047906e-03,3.333333333333333981e-03,4.847533632286994687e-03,1.277904102817598031e-02
8.780487804878047906e-03,3.333333333333333981e-03,4.847533632286994687e-03,1.277904102817598031e-02
8.780487804878047906e-03,3.333333333333333981e-03,4.847533632286994687e-03,1.277904102817598031e-02
8.780487804878047906e-03,3.333333333333333981e-03,4.847533632286994687e-03,1.277904102817598031e-02
8.780487804878047906e-03,3.333333333333333981e-03,4.847533632286994687e-03,1.277904102817598031e-02
8.780487804878047906e-03,3.333333333333333981e-03,4.847533632286994687e-03,1.277904102817598031e-02
8.780487804878047906e-03,3.333333333333333981e-03,4.847533632286994687e-03,1.277904102817598031e-02
8.780487804878047906e-03,3.333333333333333981e-03,4.847533632286994687e-03,1.277904102817598031e-02
8.780487804878047906e-03,3.333333333333333981e-03,4.847533632286994687e-03,1.277904102817598031e-02
8.780487804878047906e-03,3.333333333333333981e-03,4.847533632286994687e-03,1.277904102817598031e-02
8.780487804878047906e-03,3.333333333333333981e-03,4.847533632286994687e-03,1.277904102817598031e-02
8.780487804878047906e-03,3.333333333333333981e-03,4.847533632286994687e-03,1.277904102817598031e-02
8.780487804878047906e-03,3.333333333333333981e-03,4.847533632286994687e-03,1.277904102817598031e-02
8.780487804878047906e-03,3.333333333333333981e-03,4.847533632286994687e-03,1.277904102817598031e-02
8.780487804878047906e-03,3.333333333333333981e-03,4.847533632286994687e-03,1.277904102817598031e-02
8.780487804878047906e-03,3.333333333333333981e-03,4.847533632286994687e-03,1.277904102817598031e-02
8.780487804878047906e-03,3.333333333333333981e-03,4.847533632286994687e-03,1.277904102817598031e-02
8.780487804878047906e-03,3.333333333333333981e-03,4.847533632286994687e-03,1.277904102817598031e-02
8.780487804878047906e-03,3.333333333333333981e-03,4.847533632286994687e-03,1.277904102817598031e-02
8.780487804878047906e-03,3.333333333333333981e-03,4.847533632286994687e-03,1.277904102817598031e-02
8.780487804878047906e-03,3.333333333333333981e-03,4.847533632286994687e-03,1.277904102817598031e-02
8.780487804878047906e-03,3.333333333333333981e-03,4.847533632286994687e-03,1.277904102817598031e-02
8.780487804878047906e-03,3.333333333333333981e-03,4.847533632286994687e-03,1.277904102817598031e-02
8.780487804878047906e-03,3.333333333333333981e-03,4.847533632286994687e-03,1.277904102817598031e-02
8.780487804878047906e-03,3.333333333333333981e-03,4.847533632286994687e-03,1.277904102817598031e-02
8.780487804878047906e-03,3.333333333333333981e-03,4.847533632286994687e-03,1.277904102817598031e-02
8.780487804878047906e-03,3.333333333333333981e-03,4.847533632286994687e-03,1.277904102817598031e-02
8.780487804878047906e-03,3.333333333333333981e-03,4.847533632286994687e-03,1.277904102817598031e-02
8.780487804878047906e-03,3.333333333333333981e-03,4.847533632286994687e-03,1.277904102817598031e-02
8.780487804878047906e-03,3.333333333333333981e-03,4.847533632286994687e-03,1.277904102817598031e-02
8.780487804878047906e-03,3.333333333333333981e-03,4.847533632286994687e-03,1.277904102817598031e-02
8.780487804878047906e-03,3.333333333333333981e-03,4.847533632286994687e-03,1.277904102817598031e-02
8.780487804878047906e-03,3.333333333333333981e-03,4.847533632286994687e-03,1.277904102817598031e-02
8.780487804878047906e-03,3.333333333333333981e-03,4.847533632286994687e-03,1.277904102817598031e-02
8.780487804878047906e-03,3.333333333333333981e-03,4.847533632286994687e-03,1.277904102817598031e-02
8.780487804878047906e-03,3.333333333333333981e-03,4.847533632286994687e-03,1.277904102817598031e-02
8.780487804878047906e-03,3.333333333333333981e-03,4.847533632286994687e-03,1.277904102817598031e-02
8.780487804878047906e-03,3.333333333333333981e-03,4.847533632286994687e-03,1.277904102817598031e-02
8.780487804878047906e-03,3.333333333333333981e-03,4.847533632286994687e-03,1.277904102817598031e-02
8.780487804878047906e-03,3.333333333333333981e-03,4.847533632286994687e-03,1.277904102817598031e-02
8.780487804878047906e-03,3.333333333333333981e-03,4.847533632286994687e-03,1.277904102817598031e-02
8.780487804878047906e-03,3.333333333333333981e-03,4.847533632286994687e-03,1.277904102817598031e-02
8.780487804878047906e-03,3.333333333333333981e-03,4.847533632286994687e-03,1.277904102817598031e-02
8.780487804878047906e-03,3.333333333333333981e-03,4.847533632286994687e-03,1.277904102817598031e-02
8.780487804878047906e-03,3.333333333333333981e-03,4.847533632286994687e-03,1.277904102817598031e-02
8.780487804878047906e-03,3.333333333333333981e-03,4.847533632286994687e-03,1.277904102817598031e-02
8.780487804878047906e-03,3.333333333333333981e-03,4.847533632286994687e-03,1.277904102817598031e-02
8.780487804878047906e-03,3.333333333333333981e-03,4.847533632286994687e-03,1.277904102817598031e-02
8.780487804878047906e-03,3.333333333333333981e-03,4.847533632286994687e-03,1.277904102817598031e-02
8.780487804878047906e-03,3.333333333333333981e-03,4.847533632286994687e-03,1.277904102817598031e-02
8.780487804878047906e-03,3.333333333333333981e-03,4.847533632286994687e-03,1.277904102817598031e-02
8.780487804878047906e-03,3.333333333333333981e-03,4.847533632286994687e-03,1.277904102817598031e-02
8.780487804878047906e-03,3.333333333333333981e-03,4.847533632286994687e-03,1.277904102817598031e-02
8.780487804878047906e-03,3.333333333333333981e-03,4.847533632286994687e-03,1.277904102817598031e-02
8.780487804878047906e-03,3.333333333333333981e-03,4.847533632286994687e-03,1.277904102817598031e-02
8.780487804878047906e-03,3.333333333333333981e-03,4.847533632286994687e-03,1.277904102817598031e-02
8.780487804878047906e-03,3.333333333333333981e-03,4.847533632286994687e-03,1.277904102817598031e-02
8.780487804878047906e-03,3.333333333333333981e-03,4.847533632286994687e-03,1.277904102817598031e-02
8.780487804878047906e-03,3.333333333333333981e-03,4.847533632286994687e-03,1.277904102817598031e-02
8.780487804878047906e-03,3.333333333333333981e-03,4.847533632286994687e-03,1.277904102817598031e-02
8.780487804878047906e-03,3.333333333333333981e-03,4.847533632286994687e-03,1.277904102817598031e-02
8.780487804878047906e-03,3.333333333333333981e-03,4.847533632286994687e-03,1.277904102817598031e-02
8.780487804878047906e-03,3.333333333333333981e-03,4.847533632286994687e-03,1.277904102817598031e-02
8.780487804878047906e-03,3.333333333333333981e-03,4.847533632286994687e-03,1.277904102817598031e-02
8.780487804878047906e-03,3.333333333333333981e-03,4.847533632286994687e-03,1.277904102817598031e-02
8.780487804878047906e-03,3.333333333333333981e-03,4.847533632286994687e-03,1.277904102817598031e-02
8.780487804878047906e-03,3.333333333333333981e-03,4.847533632286994687e-03,1.277904102817598031e-02
8.780487804878047906e-03,3.333333333333333981e-03,4.847533632286994687e-03,1.277904102817598031e-02
8.780487804878047906e-03,3.333333333333333981e-03,4.847533632286994687e-03,1.277904102817598031e-02
8.780487804878047906e-03,3.333333333333333981e-03,4.847533632286994687e-03,1.277904102817598031e-02
8.780487804878047906e-03,3.333333333333333981e-03,4.847533632286994687e-03,1.277904102817598031e-02
8.780487804878047906e-03,3.333333333333333981e-03,4.847533632286994687e-03,1.277904102817598031e-02
8.780487804878047906e-03,3.333333333333333981e-03,4.847533632286994687e-03,1.277904102817598031e-02
8.780487804878047906e-03,3.333333333333333981e-03,4.847533632286994687e-03,1.277904102817598031e-02
8.780487804878047906e-03,3.333333333333333981e-03,4.847533632286994687e-03,1.277904102817598031e-02
8.780487804878047906e-03,3.333333333333333981e-03,4.847533632286994687e-03,1.277904102817598031e-02
8.780487804878047906e-03,3.333333333333333981e-03,4.847533632286994687e-03,1.277904102817598031e-02
8.780487804878047906e-03,3.333333333333333981e-03,4.847533632286994687e-03,1.277904102817598031e-02
8.780487804878047906e-03,3.333333333333333981e-03,4.847533632286994687e-03,1.277904102817598031e-02
8.780487804878047906e-03,3.333333333333333981e-03,4.847533632286994687e-03,1.277904102817598031e-02
8.780487804878047906e-03,3.333333333333333981e-03,4.847533632286994687e-03,1.277904102817598031e-02
8.780487804878047906e-03,3.333333333333333981e-03,4.847533632286994687e-03,1.277904102817598031e-02
8.780487804878047906e-03,3.333333333333333981e-03,4.847533632286994687e-03,1.277904102817598031e-02
8.780487804878047906e-03,3.333333333333333981e-03,4.847533632286994687e-03,1.277904102817598031e-02
8.780487804878047906e-03,3.333333333333333981e-03,4.847533632286994687e-03,1.277904102817598031e-02
8.780487804878047906e-03,3.333333333333333981e-03,4.847533632286994687e-03,1.277904102817598031e-02
8.780487804878047906e-03,3.333333333333333981e-03,4.847533632286994687e-03,1.277904102817598031e-02
8.780487804878047906e-03,3.333333333333333981e-03,4.847533632286994687e-03,1.277904102817598031e-02
8.780487804878047906e-03,3.333333333333333981e-03,4.847533632286994687e-03,1.277904102817598031e-02
8.780487804878047906e-03,3.333333333333333981e-03,4.847533632286994687e-03,1.277904102817598031e-02
8.780487804878047906e-03,3.333333333333333981e-03,4.847533632286994687e-03,1.277904102817598031e-02
8.780487804878047906e-03,3.333333333333333981e-03,4.847533632286994687e-03,1.277904102817598031e-02
8.780487804878047906e-03,3.333333333333333981e-03,4.847533632286994687e-03,1.277904102817598031e-02
8.780487804878047906e-03,3.333333333333333981e-03,4.847533632286994687e-03,1.277904102817598031e-02
8.780487804878047906e-03,3.333333333333333981e-03,4.847533632286994687e-03,1.277904102817598031e-02
8.780487804878047906e-03,3.333333333333333981e-03,4.847533632286994687e-03,1.277904102817598031e-02
8.780487804878047906e-03,3.333333333333333981e-03,4.847533632286994687e-03,1.277904102817598031e-02
8.780487804878047906e-03,3.333333333333333981e-03,4.847533632286994687e-03,1.277904102817598031e-02
8.780487804878047906e-03,3.333333333333333981e-03,4.847533632286994687e-03,1.277904102817598031e-02
8.780487804878047906e-03,3.333333333333333981e-03,4.847533632286994687e-03,1.277904102817598031e-02
8.780487804878047906e-03,3.333333333333333981e-03,4.847533632286994687e-03,1.277904102817598031e-02
8.780487804878047906e-03,3.333333333333333981e-03,4.847533632286994687e-03,1.277904102817598031e-02
8.780487804878047906e-03,3.333333333333333981e-03,4.847533632286994687e-03,1.277904102817598031e-02
8.780487804878047906e-03,3.333333333333333981e-03,4.847533632286994687e-03,1.277904102817598031e-02
8.780487804878047906e-03,3.333333333333333981e-03,4.847533632286994687e-03,1.277904102817598031e-02
8.780487804878047906e-03,3.333333333333333981e-03,4.847533632286994687e-03,1.277904102817598031e-02
8.780487804878047906e-03,3.333333333333333981e-03,4.847533632286994687e-03,1.277904102817598031e-02
8.780487804878047906e-03,3.333333333333333981e-03,4.847533632286994687e-03,1.277904102817598031e-02
8.780487804878047906e-03,3.333333333333333981e-03,4.847533632286994687e-03,1.277904102817598031e-02
8.780487804878047906e-03,3.333333333333333981e-03,4.847533632286994687e-03,1.277904102817598031e-02
8.780487804878047906e-03,3.333333333333333981e-03,4.847533632286994687e-03,1.277904102817598031e-02
8.780487804878047906e-03,3.333333333333333981e-03,4.847533632286994687e-03,1.277904102817598031e-02
8.780487804878047906e-03,3.333333333333333981e-03,4.847533632286994687e-03,1.277904102817598031e-02
8.780487804878047906e-03,3.333333333333333981e-03,4.847533632286994687e-03,1.277904102817598031e-02
8.780487804878047906e-03,3.333333333333333981e-03,4.847533632286994687e-03,1.277904102817598031e-02
8.780487804878047906e-03,3.333333333333333981e-03,4.847533632286994687e-03,1.277904102817598031e-02
8.780487804878047906e-03,3.333333333333333981e-03,4.847533632286994687e-03,1.277904102817598031e-02
8.780487804878047906e-03,3.333333333333333981e-03,4.847533632286994687e-03,1.277904102817598031e-02
8.780487804878047906e-03,3.333333333333333981e-03,4.847533632286994687e-03,1.277904102817598031e-02
8.780487804878047906e-03,3.333333333333333981e-03,4.847533632286994687e-03,1.277904102817598031e-02
8.780487804878047906e-03,3.333333333333333981e-03,4.847533632286994687e-03,1.277904102817598031e-02
8.780487804878047906e-03,3.333333333333333981e-03,4.847533632286994687e-03,1.277904102817598031e-02
8.780487804878047906e-03,3.333333333333333981e-03,4.847533632286994687e-03,1.277904102817598031e-02
8.780487804878047906e-03,3.333333333333333981e-03,4.847533632286994687e-03,1.277904102817598031e-02
8.780487804878047906e-03,3.333333333333333981e-03,4.847533632286994687e-03,1.277904102817598031e-02
8.780487804878047906e-03,3.333333333333333981e-03,4.847533632286994687e-03,1.277904102817598031e-02
8.780487804878047906e-03,3.333333333333333981e-03,4.847533632286994687e-03,1.277904102817598031e-02
8.780487804878047906e-03,3.333333333333333981e-03,4.847533632286994687e-03,1.277904102817598031e-02
8.780487804878047906e-03,3.333333333333333981e-03,4.847533632286994687e-03,1.277904102817598031e-02
8.780487804878047906e-03,3.333333333333333981e-03,4.847533632286994687e-03,1.277904102817598031e-02
8.780487804878047906e-03,3.333333333333333981e-03,4.847533632286994687e-03,1.277904102817598031e-02
8.780487804878047906e-03,3.333333333333333981e-03,4.847533632286994687e-03,1.277904102817598031e-02
8.780487804878047906e-03,3.333333333333333981e-03,4.847533632286994687e-03,1.277904102817598031e-02
8.780487804878047906e-03,3.333333333333333981e-03,4.847533632286994687e-03,1.277904102817598031e-02
8.780487804878047906e-03,3.333333333333333981e-03,4.847533632286994687e-03,1.277904102817598031e-02
8.780487804878047906e-03,3.333333333333333981e-03,4.847533632286994687e-03,1.277904102817598031e-02
8.780487804878047906e-03,3.333333333333333981e-03,4.847533632286994687e-03,1.277904102817598031e-02
8.780487804878047906e-03,3.333333333333333981e-03,4.847533632286994687e-03,1.277904102817598031e-02
8.780487804878047906e-03,3.333333333333333981e-03,4.847533632286994687e-03,1.277904102817598031e-02
8.780487804878047906e-03,3.333333333333333981e-03,4.847533632286994687e-03,1.277904102817598031e-02
8.780487804878047906e-03,3.333333333333333981e-03,4.847533632286994687e-03,1.277904102817598031e-02
8.780487804878047906e-03,3.333333333333333981e-03,4.847533632286994687e-03,1.277904102817598031e-02
8.780487804878047906e-03,3.333333333333333981e-03,4.847533632286994687e-03,1.277904102817598031e-02
8.780487804878047906e-03,3.333333333333333981e-03,4.847533632286994687e-03,1.277904102817598031e-02
8.780487804878047906e-03,3.333333333333333981e-03,4.847533632286994687e-03,1.277904102817598031e-02
8.780487804878047906e-03,3.333333333333333981e-03,4.847533632286994687e-03,1.277904102817598031e-02
8.780487804878047906e-03,3.333333333333333981e-03,4.847533632286994687e-03,1.277904102817598031e-02
8.780487804878047906e-03,3.333333333333333981e-03,4.847533632286994687e-03,1.277904102817598031e-02
8.780487804878047906e-03,3.333333333333333981e-03,4.847533632286994687e-03,1.277904102817598031e-02
8.780487804878047906e-03,3.333333333333333981e-03,4.847533632286994687e-03,1.277904102817598031e-02
8.780487804878047906e-03,3.333333333333333981e-03,4.847533632286994687e-03,1.277904102817598031e-02
8.780487804878047906e-03,3.333333333333333981e-03,4.847533632286994687e-03,1.277904102817598031e-02
8.780487804878047906e-03,3.333333333333333981e-03,4.847533632286994687e-03,1.277904102817598031e-02
8.780487804878047906e-03,3.333333333333333981e-03,4.847533632286994687e-03,1.277904102817598031e-02
8.780487804878047906e-03,3.333333333333333981e-03,4.847533632286994687e-03,1.277904102817598031e-02
8.780487804878047906e-03,3.333333333333333981e-03,4.847533632286994687e-03,1.277904102817598031e-02
8.780487804878047906e-03,3.333333333333333981e-03,4.847533632286994687e-03,1.277904102817598031e-02
8.780487804878047906e-03,3.333333333333333981e-03,4.847533632286994687e-03,1.277904102817598031e-02
8.780487804878047906e-03,3.333333333333333981e-03,4.847533632286994687e-03,1.277904102817598031e-02
8.780487804878047906e-03,3.333333333333333981e-03,4.847533632286994687e-03,1.277904102817598031e-02
8.780487804878047906e-03,3.333333333333333981e-03,4.847533632286994687e-03,1.277904102817598031e-02
8.780487804878047906e-03,3.333333333333333981e-03,4.847533632286994687e-03,1.277904102817598031e-02
8.780487804878047906e-03,3.333333333333333981e-03,4.847533632286994687e-03,1.277904102817598031e-02
8.780487804878047906e-03,3.333333333333333981e-03,4.847533632286994687e-03,1.277904102817598031e-02
8.780487804878047906e-03,3.333333333333333981e-03,4.847533632286994687e-03,1.277904102817598031e-02
8.780487804878047906e-03,3.333333333333333981e-03,4.847533632286994687e-03,1.277904102817598031e-02
8.780487804878047906e-03,3.333333333333333981e-03,4.847533632286994687e-03,1.277904102817598031e-02
8.780487804878047906e-03,3.333333333333333981e-03,4.847533632286994687e-03,1.277904102817598031e-02
8.780487804878047906e-03,3.333333333333333981e-03,4.847533632286994687e-03,1.277904102817598031e-02
8.780487804878047906e-03,3.333333333333333981e-03,4.847533632286994687e-03,1.277904102817598031e-02
8.780487804878047906e-03,3.333333333333333981e-03,4.847533632286994687e-03,1.277904102817598031e-02
8.780487804878047906e-03,3.333333333333333981e-03,4.847533632286994687e-03,1.277904102817598031e-02
8.780487804878047906e-03,3.333333333333333981e-03,4.847533632286994687e-03,1.277904102817598031e-02
8.780487804878047906e-03,3.333333333333333981e-03,4.847533632286994687e-03,1.277904102817598031e-02
8.780487804878047906e-03,3.333333333333333981e-03,4.847533632286994687e-03,1.277904102817598031e-02
8.780487804878047906e-03,3.333333333333333981e-03,4.847533632286994687e-03,1.277904102817598031e-02
8.780487804878047906e-03,3.333333333333333981e-03,4.847533632286994687e-03,1.277904102817598031e-02
8.780487804878047906e-03,3.333333333333333981e-03,4.847533632286994687e-03,1.277904102817598031e-02
8.780487804878047906e-03,3.333333333333333981e-03,4.847533632286994687e-03,1.277904102817598031e-02
8.780487804878047906e-03,3.333333333333333981e-03,4.847533632286994687e-03,1.277904102817598031e-02
8.780487804878047906e-03,3.333333333333333981e-03,4.847533632286994687e-03,1.277904102817598031e-02
8.780487804878047906e-03,3.333333333333333981e-03,4.847533632286994687e-03,1.277904102817598031e-02
8.780487804878047906e-03,3.333333333333333981e-03,4.847533632286994687e-03,1.277904102817598031e-02
8.780487804878047906e-03,3.333333333333333981e-03,4.847533632286994687e-03,1.277904102817598031e-02
8.780487804878047906e-03,3.333333333333333981e-03,4.847533632286994687e-03,1.277904102817598031e-02
8.780487804878047906e-03,3.333333333333333981e-03,4.847533632286994687e-03,1.277904102817598031e-02
8.780487804878047906e-03,3.333333333333333981e-03,4.847533632286994687e-03,1.277904102817598031e-02
8.780487804878047906e-03,3.333333333333333981e-03,4.847533632286994687e-03,1.277904102817598031e-02
8.780487804878047906e-03,3.333333333333333981e-03,4.847533632286994687e-03,1.277904102817598031e-02
8.780487804878047906e-03,3.333333333333333981e-03,4.847533632286994687e-03,1.277904102817598031e-02
8.780487804878047906e-03,3.333333333333333981e-03,4.847533632286994687e-03,1.277904102817598031e-02
8.780487804878047906e-03,3.333333333333333981e-03,4.847533632286994687e-03,1.277904102817598031e-02
8.780487804878047906e-03,3.333333333333333981e-03,4.847533632286994687e-03,1.277904102817598031e-02
8.780487804878047906e-03,3.333333333333333981e-03,4.847533632286994687e-03,1.277904102817598031e-02
8.780487804878047906e-03,3.333333333333333981e-03,4.847533632286994687e-03,1.277904102817598031e-02
8.780487804878047906e-03,3.333333333333333981e-03,4.847533632286994687e-03,1.277904102817598031e-02
8.780487804878047906e-03,3.333333333333333981e-03,4.847533632286994687e-03,1.277904102817598031e-02
8.780487804878047906e-03,3.333333333333333981e-03,4.847533632286994687e-03,1.277904102817598031e-02
8.780487804878047906e-03,3.333333333333333981e-03,4.847533632286994687e-03,1.277904102817598031e-02
8.780487804878047906e-03,3.333333333333333981e-03,4.847533632286994687e-03,1.277904102817598031e-02
8.780487804878047906e-03,3.333333333333333981e-03,4.847533632286994687e-03,1.277904102817598031e-02
8.780487804878047906e-03,3.333333333333333981e-03,4.847533632286994687e-03,1.277904102817598031e-02
8.780487804878047906e-03,3.333333333333333981e-03,4.847533632286994687e-03,1.277904102817598031e-02
8.780487804878047906e-03,3.333333333333333981e-03,4.847533632286994687e-03,1.277904102817598031e-02
8.780487804878047906e-03,3.333333333333333981e-03,4.847533632286994687e-03,1.277904102817598031e-02
8.780487804878047906e-03,3.333333333333333981e-03,4.847533632286994687e-03,1.277904102817598031e-02
8.780487804878047906e-03,3.333333333333333981e-03,4.847533632286994687e-03,1.277904102817598031e-02
8.780487804878047906e-03,3.333333333333333981e-03,4.847533632286994687e-03,1.277904102817598031e-02
8.780487804878047906e-03,3.333333333333333981e-03,4.847533632286994687e-03,1.277904102817598031e-02
8.780487804878047906e-03,3.333333333333333981e-03,4.847533632286994687e-03,1.277904102817598031e-02
8.780487804878047906e-03,3.333333333333333981e-03,4.847533632286994687e-03,1.277904102817598031e-02
8.780487804878047906e-03,3.333333333333333981e-03,4.847533632286994687e-03,1.277904102817598031e-02
8.780487804878047906e-03,3.333333333333333981e-03,4.847533632286994687e-03,1.277904102817598031e-02
8.780487804878047906e-03,3.333333333333333981e-03,4.847533632286994687e-03,1.277904102817598031e-02
8.780487804878047906e-03,3.333333333333333981e-03,4.847533632286994687e-03,1.277904102817598031e-02
8.780487804878047906e-03,3.333333333333333981e-03,4.847533632286994687e-03,1.277904102817598031e-02
8.780487804878047906e-03,3.333333333333333981e-03,4.847533632286994687e-03,1.277904102817598031e-02
8.780487804878047906e-03,3.333333333333333981e-03,4.847533632286994687e-03,1.277904102817598031e-02
8.780487804878047906e-03,3.333333333333333981e-03,4.847533632286994687e-03,1.277904102817598031e-02
8.780487804878047906e-03,3.333333333333333981e-03,4.847533632286994687e-03,1.277904102817598031e-02
8.780487804878047906e-03,3.333333333333333981e-03,4.847533632286994687e-03,1.277904102817598031e-02
8.780487804878047906e-03,3.333333333333333981e-03,4.847533632286994687e-03,1.277904102817598031e-02
8.780487804878047906e-03,3.333333333333333981e-03,4.847533632286994687e-03,1.277904102817598031e-02
8.780487804878047906e-03,3.333333333333333981e-03,4.847533632286994687e-03,1.277904102817598031e-02
8.780487804878047906e-03,3.333333333333333981e-03,4.847533632286994687e-03,1.277904102817598031e-02
8.780487804878047906e-03,3.333333333333333981e-03,4.847533632286994687e-03,1.277904102817598031e-02
8.780487804878047906e-03,3.333333333333333981e-03,4.847533632286994687e-03,1.277904102817598031e-02
8.780487804878047906e-03,3.333333333333333981e-03,4.847533632286994687e-03,1.277904102817598031e-02
8.780487804878047906e-03,3.333333333333333981e-03,4.847533632286994687e-03,1.277904102817598031e-02
8.780487804878047906e-03,3.333333333333333981e-03,4.847533632286994687e-03,1.277904102817598031e-02
8.780487804878047906e-03,3.333333333333333981e-03,4.847533632286994687e-03,1.277904102817598031e-02
8.780487804878047906e-03,3.333333333333333981e-03,4.847533632286994687e-03,1.277904102817598031e-02
8.780487804878047906e-03,3.333333333333333981e-03,4.847533632286994687e-03,1.277904102817598031e-02
8.780487804878047906e-03,3.333333333333333981e-03,4.847533632286994687e-03,1.277904102817598031e-02
8.780487804878047906e-03,3.333333333333333981e-03,4.847533632286994687e-03,1.277904102817598031e-02
8.780487804878047906e-03,3.333333333333333981e-03,4.847533632286994687e-03,1.277904102817598031e-02
8.780487804878047906e-03,3.333333333333333981e-03,4.847533632286994687e-03,1.277904102817598031e-02
8.780487804878047906e-03,3.333333333333333981e-03,4.847533632286994687e-03,1.277904102817598031e-02
8.780487804878047906e-03,3.333333333333333981e-03,4.847533632286994687e-03,1.277904102817598031e-02
8.780487804878047906e-03,3.333333333333333981e-03,4.847533632286994687e-03,1.277904102817598031e-02
8.780487804878047906e-03,3.333333333333333981e-03,4.847533632286994687e-03,1.277904102817598031e-02
8.780487804878047906e-03,3.333333333333333981e-03,4.847533632286994687e-03,1.277904102817598031e-02
8.780487804878047906e-03,3.333333333333333981e-03,4.847533632286994687e-03,1.277904102817598031e-02
8.780487804878047906e-03,3.333333333333333981e-03,4.847533632286994687e-03,1.277904102817598031e-02
8.780487804878047906e-03,3.333333333333333981e-03,4.847533632286994687e-03,1.277904102817598031e-02
8.780487804878047906e-03,3.333333333333333981e-03,4.847533632286994687e-03,1.277904102817598031e-02
8.780487804878047906e-03,3.333333333333333981e-03,4.847533632286994687e-03,1.277904102817598031e-02
8.780487804878047906e-03,3.333333333333333981e-03,4.847533632286994687e-03,1.277904102817598031e-02
8.780487804878047906e-03,3.333333333333333981e-03,4.847533632286994687e-03,1.277904102817598031e-02
8.780487804878047906e-03,3.333333333333333981e-03,4.847533632286994687e-03,1.277904102817598031e-02
8.780487804878047906e-03,3.333333333333333981e-03,4.847533632286994687e-03,1.277904102817598031e-02
8.780487804878047906e-03,3.333333333333333981e-03,4.847533632286994687e-03,1.277904102817598031e-02
8.780487804878047906e-03,3.333333333333333981e-03,4.847533632286994687e-03,1.277904102817598031e-02
8.780487804878047906e-03,3.333333333333333981e-03,4.847533632286994687e-03,1.277904102817598031e-02
8.780487804878047906e-03,3.333333333333333981e-03,4.847533632286994687e-03,1.277904102817598031e-02
8.780487804878047906e-03,3.333333333333333981e-03,4.847533632286994687e-03,1.277904102817598031e-02
8.780487804878047906e-03,3.333333333333333981e-03,4.847533632286994687e-03,1.277904102817598031e-02
8.780487804878047906e-03,3.333333333333333981e-03,4.847533632286994687e-03,1.277904102817598031e-02
8.780487804878047906e-03,3.333333333333333981e-03,4.847533632286994687e-03,1.277904102817598031e-02
8.780487804878047906e-03,3.333333333333333981e-03,4.847533632286994687e-03,1.277904102817598031e-02
8.780487804878047906e-03,3.333333333333333981e-03,4.847533632286994687e-03,1.277904102817598031e-02
8.780487804878047906e-03,3.333333333333333981e-03,4.847533632286994687e-03,1.277904102817598031e-02
8.780487804878047906e-03,3.333333333333333981e-03,4.847533632286994687e-03,1.277904102817598031e-02
8.780487804878047906e-03,3.333333333333333981e-03,4.847533632286994687e-03,1.277904102817598031e-02
8.780487804878047906e-03,3.333333333333333981e-03,4.847533632286994687e-03,1.277904102817598031e-02
8.780487804878047906e-03,3.333333333333333981e-03,4.847533632286994687e-03,1.277904102817598031e-02
8.780487804878047906e-03,3.333333333333333981e-03,4.847533632286994687e-03,1.277904102817598031e-02
8.780487804878047906e-03,3.333333333333333981e-03,4.847533632286994687e-03,1.277904102817598031e-02
8.780487804878047906e-03,3.333333333333333981e-03,4.847533632286994687e-03,1.277904102817598031e-02
8.780487804878047906e-03,3.333333333333333981e-03,4.847533632286994687e-03,1.277904102817598031e-02
8.780487804878047906e-03,3.333333333333333981e-03,4.847533632286994687e-03,1.277904102817598031e-02
8.780487804878047906e-03,3.333333333333333981e-03,4.847533632286994687e-03,1.277904102817598031e-02
8.780487804878047906e-03,3.333333333333333981e-03,4.847533632286994687e-03,1.277904102817598031e-02
8.780487804878047906e-03,3.333333333333333981e-03,4.847533632286994687e-03,1.277904102817598031e-02
8.780487804878047906e-03,3.333333333333333981e-03,4.847533632286994687e-03,1.277904102817598031e-02
8.780487804878047906e-03,3.333333333333333981e-03,4.847533632286994687e-03,1.277904102817598031e-02
8.780487804878047906e-03,3.333333333333333981e-03,4.847533632286994687e-03,1.277904102817598031e-02
8.780487804878047906e-03,3.333333333333333981e-03,4.847533632286994687e-03,1.277904102817598031e-02
8.780487804878047906e-03,3.333333333333333981e-03,4.847533632286994687e-03,1.277904102817598031e-02
8.780487804878047906e-03,3.333333333333333981e-03,4.847533632286994687e-03,1.277904102817598031e-02
8.780487804878047906e-03,3.333333333333333981e-03,4.847533632286994687e-03,1.277904102817598031e-02
8.780487804878047906e-03,3.333333333333333981e-03,4.847533632286994687e-03,1.277904102817598031e-02
8.780487804878047906e-03,3.333333333333333981e-03,4.847533632286994687e-03,1.277904102817598031e-02
8.780487804878047906e-03,3.333333333333333981e-03,4.847533632286994687e-03,1.277904102817598031e-02
8.780487804878047906e-03,3.333333333333333981e-03,4.847533632286994687e-03,1.277904102817598031e-02
8.780487804878047906e-03,3.333333333333333981e-03,4.847533632286994687e-03,1.277904102817598031e-02
8.780487804878047906e-03,3.333333333333333981e-03,4.847533632286994687e-03,1.277904102817598031e-02
8.780487804878047906e-03,3.333333333333333981e-03,4.847533632286994687e-03,1.277904102817598031e-02
8.780487804878047906e-03,3.333333333333333981e-03,4.847533632286994687e-03,1.277904102817598031e-02
8.780487804878047906e-03,3.333333333333333981e-03,4.847533632286994687e-03,1.277904102817598031e-02
8.780487804878047906e-03,3.333333333333333981e-03,4.847533632286994687e-03,1.277904102817598031e-02
8.780487804878047906e-03,3.333333333333333981e-03,4.847533632286994687e-03,1.277904102817598031e-02
8.780487804878047906e-03,3.333333333333333981e-03,4.847533632286994687e-03,1.277904102817598031e-02
8.780487804878047906e-03,3.333333333333333981e-03,4.847533632286994687e-03,1.277904102817598031e-02
8.780487804878047906e-03,3.333333333333333981e-03,4.847533632286994687e-03,1.277904102817598031e-02
8.780487804878047906e-03,3.333333333333333981e-03,4.847533632286994687e-03,1.277904102817598031e-02
8.780487804878047906e-03,3.333333333333333981e-03,4.847533632286994687e-03,1.277904102817598031e-02
8.780487804878047906e-03,3.333333333333333981e-03,4.847533632286994687e-03,1.277904102817598031e-02
8.780487804878047906e-03,3.333333333333333981e-03,4.847533632286994687e-03,1.277904102817598031e-02
8.780487804878047906e-03,3.333333333333333981e-03,4.847533632286994687e-03,1.277904102817598031e-02
8.780487804878047906e-03,3.333333333333333981e-03,4.847533632286994687e-03,1.277904102817598031e-02
8.780487804878047906e-03,3.333333333333333981e-03,4.847533632286994687e-03,1.277904102817598031e-02
8.780487804878047906e-03,3.333333333333333981e-03,4.847533632286994687e-03,1.277904102817598031e-02
8.780487804878047906e-03,3.333333333333333981e-03,4.847533632286994687e-03,1.277904102817598031e-02
8.780487804878047906e-03,3.333333333333333981e-03,4.847533632286994687e-03,1.277904102817598031e-02
8.780487804878047906e-03,3.333333333333333981e-03,4.847533632286994687e-03,1.277904102817598031e-02
8.780487804878047906e-03,3.333333333333333981e-03,4.847533632286994687e-03,1.277904102817598031e-02
8.780487804878047906e-03,3.333333333333333981e-03,4.847533632286994687e-03,1.277904102817598031e-02
8.780487804878047906e-03,3.333333333333333981e-03,4.847533632286994687e-03,1.277904102817598031e-02
8.780487804878047906e-03,3.333333333333333981e-03,4.847533632286994687e-03,1.277904102817598031e-02
8.780487804878047906e-03,3.333333333333333981e-03,4.847533632286994687e-03,1.277904102817598031e-02
8.780487804878047906e-03,3.333333333333333981e-03,4.847533632286994687e-03,1.277904102817598031e-02
8.780487804878047906e-03,3.333333333333333981e-03,4.847533632286994687e-03,1.277904102817598031e-02
8.780487804878047906e-03,3.333333333333333981e-03,4.847533632286994687e-03,1.277904102817598031e-02
8.780487804878047906e-03,3.333333333333333981e-03,4.847533632286994687e-03,1.277904102817598031e-02
8.780487804878047906e-03,3.333333333333333981e-03,4.847533632286994687e-03,1.277904102817598031e-02
8.780487804878047906e-03,3.333333333333333981e-03,4.847533632286994687e-03,1.277904102817598031e-02
8.780487804878047906e-03,3.333333333333333981e-03,4.847533632286994687e-03,1.277904102817598031e-02
8.780487804878047906e-03,3.333333333333333981e-03,4.847533632286994687e-03,1.277904102817598031e-02
8.780487804878047906e-03,3.333333333333333981e-03,4.847533632286994687e-03,1.277904102817598031e-02
8.780487804878047906e-03,3.333333333333333981e-03,4.847533632286994687e-03,1.277904102817598031e-02
8.780487804878047906e-03,3.333333333333333981e-03,4.847533632286994687e-03,1.277904102817598031e-02
8.780487804878047906e-03,3.333333333333333981e-03,4.847533632286994687e-03,1.277904102817598031e-02
8.780487804878047906e-03,3.333333333333333981e-03,4.847533632286994687e-03,1.277904102817598031e-02
8.780487804878047906e-03,3.333333333333333981e-03,4.847533632286994687e-03,1.277904102817598031e-02
8.780487804878047906e-03,3.333333333333333981e-03,4.847533632286994687e-03,1.277904102817598031e-02
8.780487804878047906e-03,3.333333333333333981e-03,4.847533632286994687e-03,1.277904102817598031e-02
8.780487804878047906e-03,3.333333333333333981e-03,4.847533632286994687e-03,1.277904102817598031e-02
8.780487804878047906e-03,3.333333333333333981e-03,4.847533632286994687e-03,1.277904102817598031e-02
8.780487804878047906e-03,3.333333333333333981e-03,4.847533632286994687e-03,1.277904102817598031e-02
8.780487804878047906e-03,3.333333333333333981e-03,4.847533632286994687e-03,1.277904102817598031e-02
8.780487804878047906e-03,3.333333333333333981e-03,4.847533632286994687e-03,1.277904102817598031e-02
8.780487804878047906e-03,3.333333333333333981e-03,4.847533632286994687e-03,1.277904102817598031e-02
8.780487804878047906e-03,3.333333333333333981e-03,4.847533632286994687e-03,1.277904102817598031e-02
8.780487804878047906e-03,3.333333333333333981e-03,4.847533632286994687e-03,1.277904102817598031e-02
8.780487804878047906e-03,3.333333333333333981e-03,4.847533632286994687e-03,1.277904102817598031e-02
8.780487804878047906e-03,3.333333333333333981e-03,4.847533632286994687e-03,1.277904102817598031e-02
8.780487804878047906e-03,3.333333333333333981e-03,4.847533632286994687e-03,1.277904102817598031e-02
8.780487804878047906e-03,3.333333333333333981e-03,4.847533632286994687e-03,1.277904102817598031e-02
8.780487804878047906e-03,3.333333333333333981e-03,4.847533632286994687e-03,1.277904102817598031e-02
8.780487804878047906e-03,3.333333333333333981e-03,4.847533632286994687e-03,1.277904102817598031e-02
8.780487804878047906e-03,3.333333333333333981e-03,4.847533632286994687e-03,1.277904102817598031e-02
8.780487804878047906e-03,3.333333333333333981e-03,4.847533632286994687e-03,1.277904102817598031e-02
8.780487804878047906e-03,3.333333333333333981e-03,4.847533632286994687e-03,1.277904102817598031e-02
8.780487804878047906e-03,3.333333333333333981e-03,4.847533632286994687e-03,1.277904102817598031e-02
8.780487804878047906e-03,3.333333333333333981e-03,4.847533632286994687e-03,1.277904102817598031e-02
8.780487804878047906e-03,3.333333333333333981e-03,4.847533632286994687e-03,1.277904102817598031e-02
8.780487804878047906e-03,3.333333333333333981e-03,4.847533632286994687e-03,1.277904102817598031e-02
8.780487804878047906e-03,3.333333333333333981e-03,4.847533632286994687e-03,1.277904102817598031e-02
8.780487804878047906e-03,3.333333333333333981e-03,4.847533632286994687e-03,1.277904102817598031e-02
8.780487804878047906e-03,3.333333333333333981e-03,4.847533632286994687e-03,1.277904102817598031e-02
8.780487804878047906e-03,3.333333333333333981e-03,4.847533632286994687e-03,1.277904102817598031e-02
8.780487804878047906e-03,3.333333333333333981e-03,4.847533632286994687e-03,1.277904102817598031e-02
8.780487804878047906e-03,3.333333333333333981e-03,4.847533632286994687e-03,1.277904102817598031e-02
8.780487804878047906e-03,3.333333333333333981e-03,4.847533632286994687e-03,1.277904102817598031e-02
8.780487804878047906e-03,3.333333333333333981e-03,4.847533632286994687e-03,1.277904102817598031e-02
8.780487804878047906e-03,3.333333333333333981e-03,4.847533632286994687e-03,1.277904102817598031e-02
8.780487804878047906e-03,3.333333333333333981e-03,4.847533632286994687e-03,1.277904102817598031e-02
8.780487804878047906e-03,3.333333333333333981e-03,4.847533632286994687e-03,1.277904102817598031e-02
8.780487804878047906e-03,3.333333333333333981e-03,4.847533632286994687e-03,1.277904102817598031e-02
8.780487804878047906e-03,3.333333333333333981e-03,4.847533632286994687e-03,1.277904102817598031e-02
8.780487804878047906e-03,3.333333333333333981e-03,4.847533632286994687e-03,1.277904102817598031e-02
8.780487804878047906e-03,3.333333333333333981e-03,4.847533632286994687e-03,1.277904102817598031e-02
8.780487804878047906e-03,3.333333333333333981e-03,4.847533632286994687e-03,1.277904102817598031e-02
8.780487804878047906e-03,3.333333333333333981e-03,4.847533632286994687e-03,1.277904102817598031e-02
8.780487804878047906e-03,3.333333333333333981e-03,4.847533632286994687e-03,1.277904102817598031e-02
8.780487804878047906e-03,3.333333333333333981e-03,4.847533632286994687e-03,1.277904102817598031e-02
8.780487804878047906e-03,3.333333333333333981e-03,4.847533632286994687e-03,1.277904102817598031e-02
8.780487804878047906e-03,3.333333333333333981e-03,4.847533632286994687e-03,1.277904102817598031e-02
8.780487804878047906e-03,3.333333333333333981e-03,4.847533632286994687e-03,1.277904102817598031e-02
8.780487804878047906e-03,3.333333333333333981e-03,4.847533632286994687e-03,1.277904102817598031e-02
8.780487804878047906e-03,3.333333333333333981e-03,4.847533632286994687e-03,1.277904102817598031e-02
8.780487804878047906e-03,3.333333333333333981e-03,4.847533632286994687e-03,1.277904102817598031e-02
8.780487804878047906e-03,3.333333333333333981e-03,4.847533632286994687e-03,1.277904102817598031e-02
8.780487804878047906e-03,3.333333333333333981e-03,4.847533632286994687e-03,1.277904102817598031e-02
8.780487804878047906e-03,3.333333333333333981e-03,4.847533632286994687e-03,1.277904102817598031e-02
8.780487804878047906e-03,3.333333333333333981e-03,4.847533632286994687e-03,1.277904102817598031e-02
8.780487804878047906e-03,3.333333333333333981e-03,4.847533632286994687e-03,1.277904102817598031e-02
8.780487804878047906e-03,3.333333333333333981e-03,4.847533632286994687e-03,1.277904102817598031e-02
8.780487804878047906e-03,3.333333333333333981e-03,4.847533632286994687e-03,1.277904102817598031e-02
8.780487804878047906e-03,3.333333333333333981e-03,4.847533632286994687e-03,1.277904102817598031e-02
8.780487804878047906e-03,3.333333333333333981e-03,4.847533632286994687e-03,1.277904102817598031e-02
8.780487804878047906e-03,3.333333333333333981e-03,4.847533632286994687e-03,1.277904102817598031e-02
8.780487804878047906e-03,3.333333333333333981e-03,4.847533632286994687e-03,1.277904102817598031e-02
8.780487804878047906e-03,3.333333333333333981e-03,4.847533632286994687e-03,1.277904102817598031e-02
8.780487804878047906e-03,3.333333333333333981e-03,4.847533632286994687e-03,1.277904102817598031e-02
8.780487804878047906e-03,3.333333333333333981e-03,4.847533632286994687e-03,1.277904102817598031e-02
8.780487804878047906e-03,3.333333333333333981e-03,4.847533632286994687e-03,1.277904102817598031e-02
8.780487804878047906e-03,3.333333333333333981e-03,4.847533632286994687e-03,1.277904102817598031e-02
8.780487804878047906e-03,3.333333333333333981e-03,4.847533632286994687e-03,1.277904102817598031e-02
8.780487804878047906e-03,3.333333333333333981e-03,4.847533632286994687e-03,1.277904102817598031e-02
8.780487804878047906e-03,3.333333333333333981e-03,4.847533632286994687e-03,1.277904102817598031e-02
8.780487804878047906e-03,3.333333333333333981e-03,4.847533632286994687e-03,1.277904102817598031e-02
8.780487804878047906e-03,3.333333333333333981e-03,4.847533632286994687e-03,1.277904102817598031e-02
8.780487804878047906e-03,3.333333333333333981e-03,4.847533632286994687e-03,1.277904102817598031e-02
8.780487804878047906e-03,3.333333333333333981e-03,4.847533632286994687e-03,1.277904102817598031e-02
8.780487804878047906e-03,3.333333333333333981e-03,4.847533632286994687e-03,1.277904102817598031e-02
8.780487804878047906e-03,3.333333333333333981e-03,4.847533632286994687e-03,1.277904102817598031e-02
8.780487804878047906e-03,3.333333333333333981e-03,4.847533632286994687e-03,1.277904102817598031e-02
8.780487804878047906e-03,3.333333333333333981e-03,4.847533632286994687e-03,1.277904102817598031e-02
8.780487804878047906e-03,3.333333333333333981e-03,4.847533632286994687e-03,1.277904102817598031e-02
8.780487804878047906e-03,3.333333333333333981e-03,4.847533632286994687e-03,1.277904102817598031e-02
8.780487804878047906e-03,3.333333333333333981e-03,4.847533632286994687e-03,1.277904102817598031e-02
8.780487804878047906e-03,3.333333333333333981e-03,4.847533632286994687e-03,1.277904102817598031e-02
8.780487804878047906e-03,3.333333333333333981e-03,4.847533632286994687e-03,1.277904102817598031e-02
8.780487804878047906e-03,3.333333333333333981e-03,4.847533632286994687e-03,1.277904102817598031e-02
8.780487804878047906e-03,3.333333333333333981e-03,4.847533632286994687e-03,1.277904102817598031e-02
8.780487804878047906e-03,3.333333333333333981e-03,4.847533632286994687e-03,1.277904102817598031e-02
8.780487804878047906e-03,3.333333333333333981e-03,4.847533632286994687e-03,1.277904102817598031e-02
8.780487804878047906e-03,3.333333333333333981e-03,4.847533632286994687e-03,1.277904102817598031e-02
8.780487804878047906e-03,3.333333333333333981e-03,4.847533632286994687e-03,1.277904102817598031e-02
8.780487804878047906e-03,3.333333333333333981e-03,4.847533632286994687e-03,1.277904102817598031e-02
8.780487804878047906e-03,3.333333333333333981e-03,4.847533632286994687e-03,1.277904102817598031e-02
8.780487804878047906e-03,3.333333333333333981e-03,4.847533632286994687e-03,1.277904102817598031e-02
8.780487804878047906e-03,3.333333333333333981e-03,4.847533632286994687e-03,1.277904102817598031e-02
8.780487804878047906e-03,3.333333333333333981e-03,4.847533632286994687e-03,1.277904102817598031e-02
8.780487804878047906e-03,3.333333333333333981e-03,4.847533632286994687e-03,1.277904102817598031e-02
8.780487804878047906e-03,3.333333333333333981e-03,4.847533632286994687e-03,1.277904102817598031e-02
8.780487804878047906e-03,3.333333333333333981e-03,4.847533632286994687e-03,1.277904102817598031e-02
8.780487804878047906e-03,3.333333333333333981e-03,4.847533632286994687e-03,1.277904102817598031e-02
8.780487804878047906e-03,3.333333333333333981e-03,4.847533632286994687e-03,1.277904102817598031e-02
8.780487804878047906e-03,3.333333333333333981e-03,4.847533632286994687e-03,1.277904102817598031e-02
8.780487804878047906e-03,3.333333333333333981e-03,4.847533632286994687e-03,1.277904102817598031e-02
8.780487804878047906e-03,3.333333333333333981e-03,4.847533632286994687e-03,1.277904102817598031e-02
8.780487804878047906e-03,3.333333333333333981e-03,4.847533632286994687e-03,1.277904102817598031e-02
8.780487804878047906e-03,3.333333333333333981e-03,4.847533632286994687e-03,1.277904102817598031e-02
8.780487804878047906e-03,3.333333333333333981e-03,4.847533632286994687e-03,1.277904102817598031e-02
8.780487804878047906e-03,3.333333333333333981e-03,4.847533632286994687e-03,1.277904102817598031e-02
8.780487804878047906e-03,3.333333333333333981e-03,4.847533632286994687e-03,1.277904102817598031e-02
8.780487804878047906e-03,3.333333333333333981e-03,4.847533632286994687e-03,1.277904102817598031e-02
8.780487804878047906e-03,3.333333333333333981e-03,4.847533632286994687e-03,1.277904102817598031e-02
8.780487804878047906e-03,3.333333333333333981e-03,4.847533632286994687e-03,1.277904102817598031e-02
8.780487804878047906e-03,3.333333333333333981e-03,4.847533632286994687e-03,1.277904102817598031e-02
8.780487804878047906e-03,3.333333333333333981e-03,4.847533632286994687e-03,1.277904102817598031e-02
8.780487804878047906e-03,3.333333333333333981e-03,4.847533632286994687e-03,1.277904102817598031e-02
8.780487804878047906e-03,3.333333333333333981e-03,4.847533632286994687e-03,1.277904102817598031e-02
8.780487804878047906e-03,3.333333333333333981e-03,4.847533632286994687e-03,1.277904102817598031e-02
8.780487804878047906e-03,3.333333333333333981e-03,4.847533632286994687e-03,1.277904102817598031e-02
8.780487804878047906e-03,3.333333333333333981e-03,4.847533632286994687e-03,1.277904102817598031e-02
8.780487804878047906e-03,3.333333333333333981e-03,4.847533632286994687e-03,1.277904102817598031e-02
8.780487804878047906e-03,3.333333333333333981e-03,4.847533632286994687e-03,1.277904102817598031e-02
8.780487804878047906e-03,3.333333333333333981e-03,4.847533632286994687e-03,1.277904102817598031e-02
8.780487804878047906e-03,3.333333333333333981e-03,4.847533632286994687e-03,1.277904102817598031e-02
8.780487804878047906e-03,3.333333333333333981e-03,4.847533632286994687e-03,1.277904102817598031e-02
8.780487804878047906e-03,3.333333333333333981e-03,4.847533632286994687e-03,1.277904102817598031e-02
8.780487804878047906e-03,3.333333333333333981e-03,4.847533632286994687e-03,1.277904102817598031e-02
8.780487804878047906e-03,3.333333333333333981e-03,4.847533632286994687e-03,1.277904102817598031e-02
8.780487804878047906e-03,3.333333333333333981e-03,4.847533632286994687e-03,1.277904102817598031e-02
8.780487804878047906e-03,3.333333333333333981e-03,4.847533632286994687e-03,1.277904102817598031e-02
8.780487804878047906e-03,3.333333333333333981e-03,4.847533632286994687e-03,1.277904102817598031e-02
8.780487804878047906e-03,3.333333333333333981e-03,4.847533632286994687e-03,1.277904102817598031e-02
8.780487804878047906e-03,3.333333333333333981e-03,4.847533632286994687e-03,1.277904102817598031e-02
8.780487804878047906e-03,3.333333333333333981e-03,4.847533632286994687e-03,1.277904102817598031e-02
8.780487804878047906e-03,3.333333333333333981e-03,4.847533632286994687e-03,1.277904102817598031e-02
8.780487804878047906e-03,3.333333333333333981e-03,4.847533632286994687e-03,1.277904102817598031e-02
8.780487804878047906e-03,3.333333333333333981e-03,4.847533632286994687e-03,1.277904102817598031e-02
8.780487804878047906e-03,3.333333333333333981e-03,4.847533632286994687e-03,1.277904102817598031e-02
8.780487804878047906e-03,3.333333333333333981e-03,4.847533632286994687e-03,1.277904102817598031e-02
8.780487804878047906e-03,3.333333333333333981e-03,4.847533632286994687e-03,1.277904102817598031e-02
8.780487804878047906e-03,3.333333333333333981e-03,4.847533632286994687e-03,1.277904102817598031e-02
8.780487804878047906e-03,3.333333333333333981e-03,4.847533632286994687e-03,1.277904102817598031e-02
8.780487804878047906e-03,3.333333333333333981e-03,4.847533632286994687e-03,1.277904102817598031e-02
8.780487804878047906e-03,3.333333333333333981e-03,4.847533632286994687e-03,1.277904102817598031e-02
8.780487804878047906e-03,3.333333333333333981e-03,4.847533632286994687e-03,1.277904102817598031e-02
8.780487804878047906e-03,3.333333333333333981e-03,4.847533632286994687e-03,1.277904102817598031e-02
8.780487804878047906e-03,3.333333333333333981e-03,4.847533632286994687e-03,1.277904102817598031e-02
8.780487804878047906e-03,3.333333333333333981e-03,4.847533632286994687e-03,1.277904102817598031e-02
8.780487804878047906e-03,3.333333333333333981e-03,4.847533632286994687e-03,1.277904102817598031e-02
8.780487804878047906e-03,3.333333333333333981e-03,4.847533632286994687e-03,1.277904102817598031e-02
8.780487804878047906e-03,3.333333333333333981e-03,4.847533632286994687e-03,1.277904102817598031e-02
8.780487804878047906e-03,3.333333333333333981e-03,4.847533632286994687e-03,1.277904102817598031e-02
8.780487804878047906e-03,3.333333333333333981e-03,4.847533632286994687e-03,1.277904102817598031e-02
8.780487804878047906e-03,3.333333333333333981e-03,4.847533632286994687e-03,1.277904102817598031e-02
8.780487804878047906e-03,3.333333333333333981e-03,4.847533632286994687e-03,1.277904102817598031e-02
8.780487804878047906e-03,3.333333333333333981e-03,4.847533632286994687e-03,1.277904102817598031e-02
8.780487804878047906e-03,3.333333333333333981e-03,4.847533632286994687e-03,1.277904102817598031e-02
8.780487804878047906e-03,3.333333333333333981e-03,4.847533632286994687e-03,1.277904102817598031e-02
8.780487804878047906e-03,3.333333333333333981e-03,4.847533632286994687e-03,1.277904102817598031e-02
8.780487804878047906e-03,3.333333333333333981e-03,4.847533632286994687e-03,1.277904102817598031e-02
8.780487804878047906e-03,3.333333333333333981e-03,4.847533632286994687e-03,1.277904102817598031e-02
8.780487804878047906e-03,3.333333333333333981e-03,4.847533632286994687e-03,1.277904102817598031e-02
8.780487804878047906e-03,3.333333333333333981e-03,4.847533632286994687e-03,1.277904102817598031e-02
8.780487804878047906e-03,3.333333333333333981e-03,4.847533632286994687e-03,1.277904102817598031e-02
8.780487804878047906e-03,3.333333333333333981e-03,4.847533632286994687e-03,1.277904102817598031e-02
8.780487804878047906e-03,3.333333333333333981e-03,4.847533632286994687e-03,1.277904102817598031e-02
8.780487804878047906e-03,3.333333333333333981e-03,4.847533632286994687e-03,1.277904102817598031e-02
8.780487804878047906e-03,3.333333333333333981e-03,4.847533632286994687e-03,1.277904102817598031e-02
8.780487804878047906e-03,3.333333333333333981e-03,4.847533632286994687e-03,1.277904102817598031e-02
8.780487804878047906e-03,3.333333333333333981e-03,4.847533632286994687e-03,1.277904102817598031e-02
8.780487804878047906e-03,3.333333333333333981e-03,4.847533632286994687e-03,1.277904102817598031e-02
8.780487804878047906e-03,3.333333333333333981e-03,4.847533632286994687e-03,1.277904102817598031e-02
8.780487804878047906e-03,3.333333333333333981e-03,4.847533632286994687e-03,1.277904102817598031e-02
8.780487804878047906e-03,3.333333333333333981e-03,4.847533632286994687e-03,1.277904102817598031e-02
8.780487804878047906e-03,3.333333333333333981e-03,4.847533632286994687e-03,1.277904102817598031e-02
8.780487804878047906e-03,3.333333333333333981e-03,4.847533632286994687e-03,1.277904102817598031e-02
8.780487804878047906e-03,3.333333333333333981e-03,4.847533632286994687e-03,1.277904102817598031e-02
8.780487804878047906e-03,3.333333333333333981e-03,4.847533632286994687e-03,1.277904102817598031e-02
8.780487804878047906e-03,3.333333333333333981e-03,4.847533632286994687e-03,1.277904102817598031e-02
8.780487804878047906e-03,3.333333333333333981e-03,4.847533632286994687e-03,1.277904102817598031e-02
8.780487804878047906e-03,3.333333333333333981e-03,4.847533632286994687e-03,1.277904102817598031e-02
8.780487804878047906e-03,3.333333333333333981e-03,4.847533632286994687e-03,1.277904102817598031e-02
8.780487804878047906e-03,3.333333333333333981e-03,4.847533632286994687e-03,1.277904102817598031e-02
8.780487804878047906e-03,3.333333333333333981e-03,4.847533632286994687e-03,1.277904102817598031e-02
8.780487804878047906e-03,3.333333333333333981e-03,4.847533632286994687e-03,1.277904102817598031e-02
8.780487804878047906e-03,3.333333333333333981e-03,4.847533632286994687e-03,1.277904102817598031e-02
8.780487804878047906e-03,3.333333333333333981e-03,4.847533632286994687e-03,1.277904102817598031e-02
8.780487804878047906e-03,3.333333333333333981e-03,4.847533632286994687e-03,1.277904102817598031e-02
8.780487804878047906e-03,3.333333333333333981e-03,4.847533632286994687e-03,1.277904102817598031e-02
8.780487804878047906e-03,3.333333333333333981e-03,4.847533632286994687e-03,1.277904102817598031e-02
8.780487804878047906e-03,3.333333333333333981e-03,4.847533632286994687e-03,1.277904102817598031e-02
8.780487804878047906e-03,3.333333333333333981e-03,4.847533632286994687e-03,1.277904102817598031e-02
8.780487804878047906e-03,3.333333333333333981e-03,4.847533632286994687e-03,1.277904102817598031e-02
8.780487804878047906e-03,3.333333333333333981e-03,4.847533632286994687e-03,1.277904102817598031e-02
8.780487804878047906e-03,3.333333333333333981e-03,4.847533632286994687e-03,1.277904102817598031e-02
8.780487804878047906e-03,3.333333333333333981e-03,4.847533632286994687e-03,1.277904102817598031e-02
8.780487804878047906e-03,3.333333333333333981e-03,4.847533632286994687e-03,1.277904102817598031e-02
8.780487804878047906e-03,3.333333333333333981e-03,4.847533632286994687e-03,1.277904102817598031e-02
8.780487804878047906e-03,3.333333333333333981e-03,4.847533632286994687e-03,1.277904102817598031e-02
8.780487804878047906e-03,3.333333333333333981e-03,4.847533632286994687e-03,1.277904102817598031e-02
8.780487804878047906e-03,3.333333333333333981e-03,4.847533632286994687e-03,1.277904102817598031e-02
8.780487804878047906e-03,3.333333333333333981e-03,4.847533632286994687e-03,1.277904102817598031e-02
8.780487804878047906e-03,3.333333333333333981e-03,4.847533632286994687e-03,1.277904102817598031e-02
8.780487804878047906e-03,3.333333333333333981e-03,4.847533632286994687e-03,1.277904102817598031e-02
8.780487804878047906e-03,3.333333333333333981e-03,4.847533632286994687e-03,1.277904102817598031e-02
8.780487804878047906e-03,3.333333333333333981e-03,4.847533632286994687e-03,1.277904102817598031e-02
8.780487804878047906e-03,3.333333333333333981e-03,4.847533632286994687e-03,1.277904102817598031e-02
8.780487804878047906e-03,3.333333333333333981e-03,4.847533632286994687e-03,1.277904102817598031e-02
8.780487804878047906e-03,3.333333333333333981e-03,4.847533632286994687e-03,1.277904102817598031e-02
8.780487804878047906e-03,3.333333333333333981e-03,4.847533632286994687e-03,1.277904102817598031e-02
8.780487804878047906e-03,3.333333333333333981e-03,4.847533632286994687e-03,1.277904102817598031e-02
8.780487804878047906e-03,3.333333333333333981e-03,4.847533632286994687e-03,1.277904102817598031e-02
8.780487804878047906e-03,3.333333333333333981e-03,4.847533632286994687e-03,1.277904102817598031e-02
8.780487804878047906e-03,3.333333333333333981e-03,4.847533632286994687e-03,1.277904102817598031e-02
8.780487804878047906e-03,3.333333333333333981e-03,4.847533632286994687e-03,1.277904102817598031e-02
8.780487804878047906e-03,3.333333333333333981e-03,4.847533632286994687e-03,1.277904102817598031e-02
8.780487804878047906e-03,3.333333333333333981e-03,4.847533632286994687e-03,1.277904102817598031e-02
8.780487804878047906e-03,3.333333333333333981e-03,4.847533632286994687e-03,1.277904102817598031e-02
8.780487804878047906e-03,3.333333333333333981e-03,4.847533632286994687e-03,1.277904102817598031e-02
8.780487804878047906e-03,3.333333333333333981e-03,4.847533632286994687e-03,1.277904102817598031e-02
8.780487804878047906e-03,3.333333333333333981e-03,4.847533632286994687e-03,1.277904102817598031e-02
8.780487804878047906e-03,3.333333333333333981e-03,4.847533632286994687e-03,1.277904102817598031e-02
8.780487804878047906e-03,3.333333333333333981e-03,4.847533632286994687e-03,1.277904102817598031e-02
8.780487804878047906e-03,3.333333333333333981e-03,4.847533632286994687e-03,1.277904102817598031e-02
8.780487804878047906e-03,3.333333333333333981e-03,4.847533632286994687e-03,1.277904102817598031e-02
8.780487804878047906e-03,3.333333333333333981e-03,4.847533632286994687e-03,1.277904102817598031e-02
8.780487804878047906e-03,3.333333333333333981e-03,4.847533632286994687e-03,1.277904102817598031e-02
8.780487804878047906e-03,3.333333333333333981e-03,4.847533632286994687e-03,1.277904102817598031e-02
8.780487804878047906e-03,3.333333333333333981e-03,4.847533632286994687e-03,1.277904102817598031e-02
8.780487804878047906e-03,3.333333333333333981e-03,4.847533632286994687e-03,1.277904102817598031e-02
8.780487804878047906e-03,3.333333333333333981e-03,4.847533632286994687e-03,1.277904102817598031e-02
8.780487804878047906e-03,3.333333333333333981e-03,4.847533632286994687e-03,1.277904102817598031e-02
8.780487804878047906e-03,3.333333333333333981e-03,4.847533632286994687e-03,1.277904102817598031e-02
8.780487804878047906e-03,3.333333333333333981e-03,4.847533632286994687e-03,1.277904102817598031e-02
8.780487804878047906e-03,3.333333333333333981e-03,4.847533632286994687e-03,1.277904102817598031e-02
8.780487804878047906e-03,3.333333333333333981e-03,4.847533632286994687e-03,1.277904102817598031e-02
8.780487804878047906e-03,3.333333333333333981e-03,4.847533632286994687e-03,1.277904102817598031e-02
8.780487804878047906e-03,3.333333333333333981e-03,4.847533632286994687e-03,1.277904102817598031e-02
8.780487804878047906e-03,3.333333333333333981e-03,4.847533632286994687e-03,1.277904102817598031e-02
8.780487804878047906e-03,3.333333333333333981e-03,4.847533632286994687e-03,1.277904102817598031e-02
8.780487804878047906e-03,3.333333333333333981e-03,4.847533632286994687e-03,1.277904102817598031e-02
8.780487804878047906e-03,3.333333333333333981e-03,4.847533632286994687e-03,1.277904102817598031e-02
8.780487804878047906e-03,3.333333333333333981e-03,4.847533632286994687e-03,1.277904102817598031e-02
8.780487804878047906e-03,3.333333333333333981e-03,4.847533632286994687e-03,1.277904102817598031e-02
8.780487804878047906e-03,3.333333333333333981e-03,4.847533632286994687e-03,1.277904102817598031e-02
8.780487804878047906e-03,3.333333333333333981e-03,4.847533632286994687e-03,1.277904102817598031e-02
8.780487804878047906e-03,3.333333333333333981e-03,4.847533632286994687e-03,1.277904102817598031e-02
8.780487804878047906e-03,3.333333333333333981e-03,4.847533632286994687e-03,1.277904102817598031e-02
8.780487804878047906e-03,3.333333333333333981e-03,4.847533632286994687e-03,1.277904102817598031e-02
8.780487804878047906e-03,3.333333333333333981e-03,4.847533632286994687e-03,1.277904102817598031e-02
8.780487804878047906e-03,3.333333333333333981e-03,4.847533632286994687e-03,1.277904102817598031e-02
8.780487804878047906e-03,3.333333333333333981e-03,4.847533632286994687e-03,1.277904102817598031e-02
8.780487804878047906e-03,3.333333333333333981e-03,4.847533632286994687e-03,1.277904102817598031e-02
8.780487804878047906e-03,3.333333333333333981e-03,4.847533632286994687e-03,1.277904102817598031e-02
8.780487804878047906e-03,3.333333333333333981e-03,4.847533632286994687e-03,1.277904102817598031e-02
8.780487804878047906e-03,3.333333333333333981e-03,4.847533632286994687e-03,1.277904102817598031e-02
8.780487804878047906e-03,3.333333333333333981e-03,4.847533632286994687e-03,1.277904102817598031e-02
8.780487804878047906e-03,3.333333333333333981e-03,4.847533632286994687e-03,1.277904102817598031e-02
8.780487804878047906e-03,3.333333333333333981e-03,4.847533632286994687e-03,1.277904102817598031e-02
8.780487804878047906e-03,3.333333333333333981e-03,4.847533632286994687e-03,1.277904102817598031e-02
8.780487804878047906e-03,3.333333333333333981e-03,4.847533632286994687e-03,1.277904102817598031e-02
8.780487804878047906e-03,3.333333333333333981e-03,4.847533632286994687e-03,1.277904102817598031e-02
8.780487804878047906e-03,3.333333333333333981e-03,4.847533632286994687e-03,1.277904102817598031e-02
8.780487804878047906e-03,3.333333333333333981e-03,4.847533632286994687e-03,1.277904102817598031e-02
8.780487804878047906e-03,3.333333333333333981e-03,4.847533632286994687e-03,1.277904102817598031e-02
8.780487804878047906e-03,3.333333333333333981e-03,4.847533632286994687e-03,1.277904102817598031e-02
8.780487804878047906e-03,3.333333333333333981e-03,4.847533632286994687e-03,1.277904102817598031e-02
8.780487804878047906e-03,3.333333333333333981e-03,4.847533632286994687e-03,1.277904102817598031e-02
8.780487804878047906e-03,3.333333333333333981e-03,4.847533632286994687e-03,1.277904102817598031e-02
8.780487804878047906e-03,3.333333333333333981e-03,4.847533632286994687e-03,1.277904102817598031e-02
8.780487804878047906e-03,3.333333333333333981e-03,4.847533632286994687e-03,1.277904102817598031e-02
8.780487804878047906e-03,3.333333333333333981e-03,4.847533632286994687e-03,1.277904102817598031e-02
8.780487804878047906e-03,3.333333333333333981e-03,4.847533632286994687e-03,1.277904102817598031e-02
8.780487804878047906e-03,3.333333333333333981e-03,4.847533632286994687e-03,1.277904102817598031e-02
8.780487804878047906e-03,3.333333333333333981e-03,4.847533632286994687e-03,1.277904102817598031e-02
8.780487804878047906e-03,3.333333333333333981e-03,4.847533632286994687e-03,1.277904102817598031e-02
8.780487804878047906e-03,3.333333333333333981e-03,4.847533632286994687e-03,1.277904102817598031e-02
8.780487804878047906e-03,3.333333333333333981e-03,4.847533632286994687e-03,1.277904102817598031e-02
8.780487804878047906e-03,3.333333333333333981e-03,4.847533632286994687e-03,1.277904102817598031e-02
8.780487804878047906e-03,3.333333333333333981e-03,4.847533632286994687e-03,1.277904102817598031e-02
8.780487804878047906e-03,3.333333333333333981e-03,4.847533632286994687e-03,1.277904102817598031e-02
8.780487804878047906e-03,3.333333333333333981e-03,4.847533632286994687e-03,1.277904102817598031e-02
8.780487804878047906e-03,3.333333333333333981e-03,4.847533632286994687e-03,1.277904102817598031e-02
8.780487804878047906e-03,3.333333333333333981e-03,4.847533632286994687e-03,1.277904102817598031e-02
8.780487804878047906e-03,3.333333333333333981e-03,4.847533632286994687e-03,1.277904102817598031e-02
8.780487804878047906e-03,3.333333333333333981e-03,4.847533632286994687e-03,1.277904102817598031e-02
8.780487804878047906e-03,3.333333333333333981e-03,4.847533632286994687e-03,1.277904102817598031e-02
8.780487804878047906e-03,3.333333333333333981e-03,4.847533632286994687e-03,1.277904102817598031e-02
8.780487804878047906e-03,3.333333333333333981e-03,4.847533632286994687e-03,1.277904102817598031e-02
8.780487804878047906e-03,3.333333333333333981e-03,4.847533632286994687e-03,1.277904102817598031e-02
8.780487804878047906e-03,3.333333333333333981e-03,4.847533632286994687e-03,1.277904102817598031e-02
8.780487804878047906e-03,3.333333333333333981e-03,4.847533632286994687e-03,1.277904102817598031e-02
8.780487804878047906e-03,3.333333333333333981e-03,4.847533632286994687e-03,1.277904102817598031e-02
8.780487804878047906e-03,3.333333333333333981e-03,4.847533632286994687e-03,1.277904102817598031e-02
8.780487804878047906e-03,3.333333333333333981e-03,4.847533632286994687e-03,1.277904102817598031e-02
8.780487804878047906e-03,3.333333333333333981e-03,4.847533632286994687e-03,1.277904102817598031e-02
8.780487804878047906e-03,3.333333333333333981e-03,4.847533632286994687e-03,1.277904102817598031e-02
8.780487804878047906e-03,3.333333333333333981e-03,4.847533632286994687e-03,1.277904102817598031e-02
8.780487804878047906e-03,3.333333333333333981e-03,4.847533632286994687e-03,1.277904102817598031e-02
8.780487804878047906e-03,3.333333333333333981e-03,4.847533632286994687e-03,1.277904102817598031e-02
8.780487804878047906e-03,3.333333333333333981e-03,4.847533632286994687e-03,1.277904102817598031e-02
8.780487804878047906e-03,3.333333333333333981e-03,4.847533632286994687e-03,1.277904102817598031e-02
8.780487804878047906e-03,3.333333333333333981e-03,4.847533632286994687e-03,1.277904102817598031e-02
8.780487804878047906e-03,3.333333333333333981e-03,4.847533632286994687e-03,1.277904102817598031e-02
8.780487804878047906e-03,3.333333333333333981e-03,4.847533632286994687e-03,1.277904102817598031e-02
8.780487804878047906e-03,3.333333333333333981e-03,4.847533632286994687e-03,1.277904102817598031e-02
8.780487804878047906e-03,3.333333333333333981e-03,4.847533632286994687e-03,1.277904102817598031e-02
8.780487804878047906e-03,3.333333333333333981e-03,4.847533632286994687e-03,1.277904102817598031e-02
8.780487804878047906e-03,3.333333333333333981e-03,4.847533632286994687e-03,1.277904102817598031e-02
8.780487804878047906e-03,3.333333333333333981e-03,4.847533632286994687e-03,1.277904102817598031e-02
8.780487804878047906e-03,3.333333333333333981e-03,4.847533632286994687e-03,1.277904102817598031e-02
8.780487804878047906e-03,3.333333333333333981e-03,4.847533632286994687e-03,1.277904102817598031e-02
8.780487804878047906e-03,3.333333333333333981e-03,4.847533632286994687e-03,1.277904102817598031e-02
8.780487804878047906e-03,3.333333333333333981e-03,4.847533632286994687e-03,1.277904102817598031e-02
8.780487804878047906e-03,3.333333333333333981e-03,4.847533632286994687e-03,1.277904102817598031e-02
8.780487804878047906e-03,3.333333333333333981e-03,4.847533632286994687e-03,1.277904102817598031e-02
8.780487804878047906e-03,3.333333333333333981e-03,4.847533632286994687e-03,1.277904102817598031e-02
8.780487804878047906e-03,3.333333333333333981e-03,4.847533632286994687e-03,1.277904102817598031e-02
8.780487804878047906e-03,3.333333333333333981e-03,4.847533632286994687e-03,1.277904102817598031e-02
8.780487804878047906e-03,3.333333333333333981e-03,4.847533632286994687e-03,1.277904102817598031e-02
8.780487804878047906e-03,3.333333333333333981e-03,4.847533632286994687e-03,1.277904102817598031e-02
8.780487804878047906e-03,3.333333333333333981e-03,4.847533632286994687e-03,1.277904102817598031e-02
8.780487804878047906e-03,3.333333333333333981e-03,4.847533632286994687e-03,1.277904102817598031e-02
8.780487804878047906e-03,3.333333333333333981e-03,4.847533632286994687e-03,1.277904102817598031e-02
8.780487804878047906e-03,3.333333333333333981e-03,4.847533632286994687e-03,1.277904102817598031e-02
8.780487804878047906e-03,3.333333333333333981e-03,4.847533632286994687e-03,1.277904102817598031e-02
8.780487804878047906e-03,3.333333333333333981e-03,4.847533632286994687e-03,1.277904102817598031e-02
8.780487804878047906e-03,3.333333333333333981e-03,4.847533632286994687e-03,1.277904102817598031e-02
8.780487804878047906e-03,3.333333333333333981e-03,4.847533632286994687e-03,1.277904102817598031e-02
8.780487804878047906e-03,3.333333333333333981e-03,4.847533632286994687e-03,1.277904102817598031e-02
8.780487804878047906e-03,3.333333333333333981e-03,4.847533632286994687e-03,1.277904102817598031e-02
8.780487804878047906e-03,3.333333333333333981e-03,4.847533632286994687e-03,1.277904102817598031e-02
8.780487804878047906e-03,3.333333333333333981e-03,4.847533632286994687e-03,1.277904102817598031e-02
8.780487804878047906e-03,3.333333333333333981e-03,4.847533632286994687e-03,1.277904102817598031e-02
8.780487804878047906e-03,3.333333333333333981e-03,4.847533632286994687e-03,1.277904102817598031e-02
8.780487804878047906e-03,3.333333333333333981e-03,4.847533632286994687e-03,1.277904102817598031e-02
8.780487804878047906e-03,3.333333333333333981e-03,4.847533632286994687e-03,1.277904102817598031e-02
8.780487804878047906e-03,3.333333333333333981e-03,4.847533632286994687e-03,1.277904102817598031e-02
8.780487804878047906e-03,3.333333333333333981e-03,4.847533632286994687e-03,1.277904102817598031e-02
8.780487804878047906e-03,3.333333333333333981e-03,4.847533632286994687e-03,1.277904102817598031e-02
8.780487804878047906e-03,3.333333333333333981e-03,4.847533632286994687e-03,1.277904102817598031e-02
8.780487804878047906e-03,3.333333333333333981e-03,4.847533632286994687e-03,1.277904102817598031e-02
8.780487804878047906e-03,3.333333333333333981e-03,4.847533632286994687e-03,1.277904102817598031e-02
8.780487804878047906e-03,3.333333333333333981e-03,4.847533632286994687e-03,1.277904102817598031e-02
8.780487804878047906e-03,3.333333333333333981e-03,4.847533632286994687e-03,1.277904102817598031e-02
8.780487804878047906e-03,3.333333333333333981e-03,4.847533632286994687e-03,1.277904102817598031e-02
8.780487804878047906e-03,3.333333333333333981e-03,4.847533632286994687e-03,1.277904102817598031e-02
8.780487804878047906e-03,3.333333333333333981e-03,4.847533632286994687e-03,1.277904102817598031e-02
8.780487804878047906e-03,3.333333333333333981e-03,4.847533632286994687e-03,1.277904102817598031e-02
8.780487804878047906e-03,3.333333333333333981e-03,4.847533632286994687e-03,1.277904102817598031e-02
8.780487804878047906e-03,3.333333333333333981e-03,4.847533632286994687e-03,1.277904102817598031e-02
8.780487804878047906e-03,3.333333333333333981e-03,4.847533632286994687e-03,1.277904102817598031e-02
8.780487804878047906e-03,3.333333333333333981e-03,4.847533632286994687e-03,1.277904102817598031e-02
8.780487804878047906e-03,3.333333333333333981e-03,4.847533632286994687e-03,1.277904102817598031e-02
8.780487804878047906e-03,3.333333333333333981e-03,4.847533632286994687e-03,1.277904102817598031e-02
8.780487804878047906e-03,3.333333333333333981e-03,4.847533632286994687e-03,1.277904102817598031e-02
8.780487804878047906e-03,3.333333333333333981e-03,4.847533632286994687e-03,1.277904102817598031e-02
8.780487804878047906e-03,3.333333333333333981e-03,4.847533632286994687e-03,1.277904102817598031e-02
8.780487804878047906e-03,3.333333333333333981e-03,4.847533632286994687e-03,1.277904102817598031e-02
8.780487804878047906e-03,3.333333333333333981e-03,4.847533632286994687e-03,1.277904102817598031e-02
8.780487804878047906e-03,3.333333333333333981e-03,4.847533632286994687e-03,1.277904102817598031e-02
8.780487804878047906e-03,3.333333333333333981e-03,4.847533632286994687e-03,1.277904102817598031e-02
8.780487804878047906e-03,3.333333333333333981e-03,4.847533632286994687e-03,1.277904102817598031e-02
8.780487804878047906e-03,3.333333333333333981e-03,4.847533632286994687e-03,1.277904102817598031e-02
8.780487804878047906e-03,3.333333333333333981e-03,4.847533632286994687e-03,1.277904102817598031e-02
8.780487804878047906e-03,3.333333333333333981e-03,4.847533632286994687e-03,1.277904102817598031e-02
8.780487804878047906e-03,3.333333333333333981e-03,4.847533632286994687e-03,1.277904102817598031e-02
8.780487804878047906e-03,3.333333333333333981e-03,4.847533632286994687e-03,1.277904102817598031e-02
8.780487804878047906e-03,3.333333333333333981e-03,4.847533632286994687e-03,1.277904102817598031e-02
8.780487804878047906e-03,3.333333333333333981e-03,4.847533632286994687e-03,1.277904102817598031e-02
8.780487804878047906e-03,3.333333333333333981e-03,4.847533632286994687e-03,1.277904102817598031e-02
8.780487804878047906e-03,3.333333333333333981e-03,4.847533632286994687e-03,1.277904102817598031e-02
8.780487804878047906e-03,3.333333333333333981e-03,4.847533632286994687e-03,1.277904102817598031e-02
8.780487804878047906e-03,3.333333333333333981e-03,4.847533632286994687e-03,1.277904102817598031e-02
8.780487804878047906e-03,3.333333333333333981e-03,4.847533632286994687e-03,1.277904102817598031e-02
8.780487804878047906e-03,3.333333333333333981e-03,4.847533632286994687e-03,1.277904102817598031e-02
8.780487804878047906e-03,3.333333333333333981e-03,4.847533632286994687e-03,1.277904102817598031e-02
8.780487804878047906e-03,3.333333333333333981e-03,4.847533632286994687e-03,1.277904102817598031e-02
8.780487804878047906e-03,3.333333333333333981e-03,4.847533632286994687e-03,1.277904102817598031e-02
8.780487804878047906e-03,3.333333333333333981e-03,4.847533632286994687e-03,1.277904102817598031e-02
8.780487804878047906e-03,3.333333333333333981e-03,4.847533632286994687e-03,1.277904102817598031e-02
8.780487804878047906e-03,3.333333333333333981e-03,4.847533632286994687e-03,1.277904102817598031e-02
8.780487804878047906e-03,3.333333333333333981e-03,4.847533632286994687e-03,1.277904102817598031e-02
8.780487804878047906e-03,3.333333333333333981e-03,4.847533632286994687e-03,1.277904102817598031e-02
8.780487804878047906e-03,3.333333333333333981e-03,4.847533632286994687e-03,1.277904102817598031e-02
8.780487804878047906e-03,3.333333333333333981e-03,4.847533632286994687e-03,1.277904102817598031e-02
8.780487804878047906e-03,3.333333333333333981e-03,4.847533632286994687e-03,1.277904102817598031e-02
8.780487804878047906e-03,3.333333333333333981e-03,4.847533632286994687e-03,1.277904102817598031e-02
8.780487804878047906e-03,3.333333333333333981e-03,4.847533632286994687e-03,1.277904102817598031e-02
8.780487804878047906e-03,3.333333333333333981e-03,4.847533632286994687e-03,1.277904102817598031e-02
8.780487804878047906e-03,3.333333333333333981e-03,4.847533632286994687e-03,1.277904102817598031e-02
8.780487804878047906e-03,3.333333333333333981e-03,4.847533632286994687e-03,1.277904102817598031e-02
8.780487804878047906e-03,3.333333333333333981e-03,4.847533632286994687e-03,1.277904102817598031e-02
8.780487804878047906e-03,3.333333333333333981e-03,4.847533632286994687e-03,1.277904102817598031e-02
8.780487804878047906e-03,3.333333333333333981e-03,4.847533632286994687e-03,1.277904102817598031e-02
8.780487804878047906e-03,3.333333333333333981e-03,4.847533632286994687e-03,1.277904102817598031e-02
8.780487804878047906e-03,3.333333333333333981e-03,4.847533632286994687e-03,1.277904102817598031e-02
8.780487804878047906e-03,3.333333333333333981e-03,4.847533632286994687e-03,1.277904102817598031e-02
8.780487804878047906e-03,3.333333333333333981e-03,4.847533632286994687e-03,1.277904102817598031e-02
8.780487804878047906e-03,3.333333333333333981e-03,4.847533632286994687e-03,1.277904102817598031e-02
8.780487804878047906e-03,3.333333333333333981e-03,4.847533632286994687e-03,1.277904102817598031e-02
8.780487804878047906e-03,3.333333333333333981e-03,4.847533632286994687e-03,1.277904102817598031e-02
8.780487804878047906e-03,3.333333333333333981e-03,4.847533632286994687e-03,1.277904102817598031e-02
8.780487804878047906e-03,3.333333333333333981e-03,4.847533632286994687e-03,1.277904102817598031e-02
8.780487804878047906e-03,3.333333333333333981e-03,4.847533632286994687e-03,1.277904102817598031e-02
8.780487804878047906e-03,3.333333333333333981e-03,4.847533632286994687e-03,1.277904102817598031e-02
8.780487804878047906e-03,3.333333333333333981e-03,4.847533632286994687e-03,1.277904102817598031e-02
8.780487804878047906e-03,3.333333333333333981e-03,4.847533632286994687e-03,1.277904102817598031e-02
8.780487804878047906e-03,3.333333333333333981e-03,4.847533632286994687e-03,1.277904102817598031e-02
8.780487804878047906e-03,3.333333333333333981e-03,4.847533632286994687e-03,1.277904102817598031e-02
8.780487804878047906e-03,3.333333333333333981e-03,4.847533632286994687e-03,1.277904102817598031e-02
8.780487804878047906e-03,3.333333333333333981e-03,4.847533632286994687e-03,1.277904102817598031e-02
8.780487804878047906e-03,3.333333333333333981e-03,4.847533632286994687e-03,1.277904102817598031e-02
8.780487804878047906e-03,3.333333333333333981e-03,4.847533632286994687e-03,1.277904102817598031e-02
8.780487804878047906e-03,3.333333333333333981e-03,4.847533632286994687e-03,1.277904102817598031e-02
8.780487804878047906e-03,3.333333333333333981e-03,4.847533632286994687e-03,1.277904102817598031e-02
8.780487804878047906e-03,3.333333333333333981e-03,4.847533632286994687e-03,1.277904102817598031e-02
8.780487804878047906e-03,3.333333333333333981e-03,4.847533632286994687e-03,1.277904102817598031e-02
8.780487804878047906e-03,3.333333333333333981e-03,4.847533632286994687e-03,1.277904102817598031e-02
8.780487804878047906e-03,3.333333333333333981e-03,4.847533632286994687e-03,1.277904102817598031e-02
8.780487804878047906e-03,3.333333333333333981e-03,4.847533632286994687e-03,1.277904102817598031e-02
8.780487804878047906e-03,3.333333333333333981e-03,4.847533632286994687e-03,1.277904102817598031e-02
8.780487804878047906e-03,3.333333333333333981e-03,4.847533632286994687e-03,1.277904102817598031e-02
8.780487804878047906e-03,3.333333333333333981e-03,4.847533632286994687e-03,1.277904102817598031e-02
8.780487804878047906e-03,3.333333333333333981e-03,4.847533632286994687e-03,1.277904102817598031e-02
8.780487804878047906e-03,3.333333333333333981e-03,4.847533632286994687e-03,1.277904102817598031e-02
8.780487804878047906e-03,3.333333333333333981e-03,4.847533632286994687e-03,1.277904102817598031e-02
8.780487804878047906e-03,3.333333333333333981e-03,4.847533632286994687e-03,1.277904102817598031e-02
8.780487804878047906e-03,3.333333333333333981e-03,4.847533632286994687e-03,1.277904102817598031e-02
8.780487804878047906e-03,3.333333333333333981e-03,4.847533632286994687e-03,1.277904102817598031e-02
8.780487804878047906e-03,3.333333333333333981e-03,4.847533632286994687e-03,1.277904102817598031e-02
8.780487804878047906e-03,3.333333333333333981e-03,4.847533632286994687e-03,1.277904102817598031e-02
8.780487804878047906e-03,3.333333333333333981e-03,4.847533632286994687e-03,1.277904102817598031e-02
8.780487804878047906e-03,3.333333333333333981e-03,4.847533632286994687e-03,1.277904102817598031e-02
8.780487804878047906e-03,3.333333333333333981e-03,4.847533632286994687e-03,1.277904102817598031e-02
8.780487804878047906e-03,3.333333333333333981e-03,4.847533632286994687e-03,1.277904102817598031e-02
8.780487804878047906e-03,3.333333333333333981e-03,4.847533632286994687e-03,1.277904102817598031e-02
8.780487804878047906e-03,3.333333333333333981e-03,4.847533632286994687e-03,1.277904102817598031e-02
8.780487804878047906e-03,3.333333333333333981e-03,4.847533632286994687e-03,1.277904102817598031e-02
8.780487804878047906e-03,3.333333333333333981e-03,4.847533632286994687e-03,1.277904102817598031e-02
8.780487804878047906e-03,3.333333333333333981e-03,4.847533632286994687e-03,1.277904102817598031e-02
8.780487804878047906e-03,3.333333333333333981e-03,4.847533632286994687e-03,1.277904102817598031e-02
8.780487804878047906e-03,3.333333333333333981e-03,4.847533632286994687e-03,1.277904102817598031e-02
8.780487804878047906e-03,3.333333333333333981e-03,4.847533632286994687e-03,1.277904102817598031e-02
8.780487804878047906e-03,3.333333333333333981e-03,4.847533632286994687e-03,1.277904102817598031e-02
8.780487804878047906e-03,3.333333333333333981e-03,4.847533632286994687e-03,1.277904102817598031e-02
8.780487804878047906e-03,3.333333333333333981e-03,4.847533632286994687e-03,1.277904102817598031e-02
8.780487804878047906e-03,3.333333333333333981e-03,4.847533632286994687e-03,1.277904102817598031e-02
8.780487804878047906e-03,3.333333333333333981e-03,4.847533632286994687e-03,1.277904102817598031e-02
8.780487804878047906e-03,3.333333333333333981e-03,4.847533632286994687e-03,1.277904102817598031e-02
8.780487804878047906e-03,3.333333333333333981e-03,4.847533632286994687e-03,1.277904102817598031e-02
8.780487804878047906e-03,3.333333333333333981e-03,4.847533632286994687e-03,1.277904102817598031e-02
8.780487804878047906e-03,3.333333333333333981e-03,4.847533632286994687e-03,1.277904102817598031e-02
8.780487804878047906e-03,3.333333333333333981e-03,4.847533632286994687e-03,1.277904102817598031e-02
8.780487804878047906e-03,3.333333333333333981e-03,4.847533632286994687e-03,1.277904102817598031e-02
8.780487804878047906e-03,3.333333333333333981e-03,4.847533632286994687e-03,1.277904102817598031e-02
8.780487804878047906e-03,3.333333333333333981e-03,4.847533632286994687e-03,1.277904102817598031e-02
8.780487804878047906e-03,3.333333333333333981e-03,4.847533632286994687e-03,1.277904102817598031e-02
8.780487804878047906e-03,3.333333333333333981e-03,4.847533632286994687e-03,1.277904102817598031e-02
8.780487804878047906e-03,3.333333333333333981e-03,4.847533632286994687e-03,1.277904102817598031e-02
8.780487804878047906e-03,3.333333333333333981e-03,4.847533632286994687e-03,1.277904102817598031e-02
8.780487804878047906e-03,3.333333333333333981e-03,4.847533632286994687e-03,1.277904102817598031e-02
8.780487804878047906e-03,3.333333333333333981e-03,4.847533632286994687e-03,1.277904102817598031e-02
8.780487804878047906e-03,3.333333333333333981e-03,4.847533632286994687e-03,1.277904102817598031e-02
8.780487804878047906e-03,3.333333333333333981e-03,4.847533632286994687e-03,1.277904102817598031e-02
8.780487804878047906e-03,3.333333333333333981e-03,4.847533632286994687e-03,1.277904102817598031e-02
8.780487804878047906e-03,3.333333333333333981e-03,4.847533632286994687e-03,1.277904102817598031e-02
8.780487804878047906e-03,3.333333333333333981e-03,4.847533632286994687e-03,1.277904102817598031e-02
8.780487804878047906e-03,3.333333333333333981e-03,4.847533632286994687e-03,1.277904102817598031e-02
8.780487804878047906e-03,3.333333333333333981e-03,4.847533632286994687e-03,1.277904102817598031e-02
8.780487804878047906e-03,3.333333333333333981e-03,4.847533632286994687e-03,1.277904102817598031e-02
8.780487804878047906e-03,3.333333333333333981e-03,4.847533632286994687e-03,1.277904102817598031e-02
8.780487804878047906e-03,3.333333333333333981e-03,4.847533632286994687e-03,1.277904102817598031e-02
8.780487804878047906e-03,3.333333333333333981e-03,4.847533632286994687e-03,1.277904102817598031e-02
8.780487804878047906e-03,3.333333333333333981e-03,4.847533632286994687e-03,1.277904102817598031e-02
8.780487804878047906e-03,3.333333333333333981e-03,4.847533632286994687e-03,1.277904102817598031e-02
8.780487804878047906e-03,3.333333333333333981e-03,4.847533632286994687e-03,1.277904102817598031e-02
8.780487804878047906e-03,3.333333333333333981e-03,4.847533632286994687e-03,1.277904102817598031e-02
8.780487804878047906e-03,3.333333333333333981e-03,4.847533632286994687e-03,1.277904102817598031e-02
8.780487804878047906e-03,3.333333333333333981e-03,4.847533632286994687e-03,1.277904102817598031e-02
8.780487804878047906e-03,3.333333333333333981e-03,4.847533632286994687e-03,1.277904102817598031e-02
8.780487804878047906e-03,3.333333333333333981e-03,4.847533632286994687e-03,1.277904102817598031e-02
8.780487804878047906e-03,3.333333333333333981e-03,4.847533632286994687e-03,1.277904102817598031e-02
8.780487804878047906e-03,3.333333333333333981e-03,4.847533632286994687e-03,1.277904102817598031e-02
8.780487804878047906e-03,3.333333333333333981e-03,4.847533632286994687e-03,1.277904102817598031e-02
8.780487804878047906e-03,3.333333333333333981e-03,4.847533632286994687e-03,1.277904102817598031e-02
8.780487804878047906e-03,3.333333333333333981e-03,4.847533632286994687e-03,1.277904102817598031e-02
8.780487804878047906e-03,3.333333333333333981e-03,4.847533632286994687e-03,1.277904102817598031e-02
8.780487804878047906e-03,3.333333333333333981e-03,4.847533632286994687e-03,1.277904102817598031e-02
8.780487804878047906e-03,3.333333333333333981e-03,4.847533632286994687e-03,1.277904102817598031e-02
8.780487804878047906e-03,3.333333333333333981e-03,4.847533632286994687e-03,1.277904102817598031e-02
8.780487804878047906e-03,3.333333333333333981e-03,4.847533632286994687e-03,1.277904102817598031e-02
8.780487804878047906e-03,3.333333333333333981e-03,4.847533632286994687e-03,1.277904102817598031e-02
8.780487804878047906e-03,3.333333333333333981e-03,4.847533632286994687e-03,1.277904102817598031e-02
8.780487804878047906e-03,3.333333333333333981e-03,4.847533632286994687e-03,1.277904102817598031e-02
8.780487804878047906e-03,3.333333333333333981e-03,4.847533632286994687e-03,1.277904102817598031e-02
8.780487804878047906e-03,3.333333333333333981e-03,4.847533632286994687e-03,1.277904102817598031e-02
8.780487804878047906e-03,3.333333333333333981e-03,4.847533632286994687e-03,1.277904102817598031e-02
8.780487804878047906e-03,3.333333333333333981e-03,4.847533632286994687e-03,1.277904102817598031e-02
8.780487804878047906e-03,3.333333333333333981e-03,4.847533632286994687e-03,1.277904102817598031e-02
8.780487804878047906e-03,3.333333333333333981e-03,4.847533632286994687e-03,1.277904102817598031e-02
8.780487804878047906e-03,3.333333333333333981e-03,4.847533632286994687e-03,1.277904102817598031e-02
8.780487804878047906e-03,3.333333333333333981e-03,4.847533632286994687e-03,1.277904102817598031e-02
8.780487804878047906e-03,3.333333333333333981e-03,4.847533632286994687e-03,1.277904102817598031e-02
8.780487804878047906e-03,3.333333333333333981e-03,4.847533632286994687e-03,1.277904102817598031e-02
8.780487804878047906e-03,3.333333333333333981e-03,4.847533632286994687e-03,1.277904102817598031e-02
8.780487804878047906e-03,3.333333333333333981e-03,4.847533632286994687e-03,1.277904102817598031e-02
8.780487804878047906e-03,3.333333333333333981e-03,4.847533632286994687e-03,1.277904102817598031e-02
8.780487804878047906e-03,3.333333333333333981e-03,4.847533632286994687e-03,1.277904102817598031e-02
8.780487804878047906e-03,3.333333333333333981e-03,4.847533632286994687e-03,1.277904102817598031e-02
8.780487804878047906e-03,3.333333333333333981e-03,4.847533632286994687e-03,1.277904102817598031e-02
8.780487804878047906e-03,3.333333333333333981e-03,4.847533632286994687e-03,1.277904102817598031e-02
8.780487804878047906e-03,3.333333333333333981e-03,4.847533632286994687e-03,1.277904102817598031e-02
8.780487804878047906e-03,3.333333333333333981e-03,4.847533632286994687e-03,1.277904102817598031e-02
8.780487804878047906e-03,3.333333333333333981e-03,4.847533632286994687e-03,1.277904102817598031e-02
8.780487804878047906e-03,3.333333333333333981e-03,4.847533632286994687e-03,1.277904102817598031e-02
8.780487804878047906e-03,3.333333333333333981e-03,4.847533632286994687e-03,1.277904102817598031e-02
8.780487804878047906e-03,3.333333333333333981e-03,4.847533632286994687e-03,1.277904102817598031e-02
8.780487804878047906e-03,3.333333333333333981e-03,4.847533632286994687e-03,1.277904102817598031e-02
8.780487804878047906e-03,3.333333333333333981e-03,4.847533632286994687e-03,1.277904102817598031e-02
8.780487804878047906e-03,3.333333333333333981e-03,4.847533632286994687e-03,1.277904102817598031e-02
8.780487804878047906e-03,3.333333333333333981e-03,4.847533632286994687e-03,1.277904102817598031e-02
8.780487804878047906e-03,3.333333333333333981e-03,4.847533632286994687e-03,1.277904102817598031e-02
8.780487804878047906e-03,3.333333333333333981e-03,4.847533632286994687e-03,1.277904102817598031e-02
8.780487804878047906e-03,3.333333333333333981e-03,4.847533632286994687e-03,1.277904102817598031e-02
8.780487804878047906e-03,3.333333333333333981e-03,4.847533632286994687e-03,1.277904102817598031e-02
8.780487804878047906e-03,3.333333333333333981e-03,4.847533632286994687e-03,1.277904102817598031e-02
8.780487804878047906e-03,3.333333333333333981e-03,4.847533632286994687e-03,1.277904102817598031e-02
8.780487804878047906e-03,3.333333333333333981e-03,4.847533632286994687e-03,1.277904102817598031e-02
8.780487804878047906e-03,3.333333333333333981e-03,4.847533632286994687e-03,1.277904102817598031e-02
8.780487804878047906e-03,3.333333333333333981e-03,4.847533632286994687e-03,1.277904102817598031e-02
8.780487804878047906e-03,3.333333333333333981e-03,4.847533632286994687e-03,1.277904102817598031e-02
8.780487804878047906e-03,3.333333333333333981e-03,4.847533632286994687e-03,1.277904102817598031e-02
8.780487804878047906e-03,3.333333333333333981e-03,4.847533632286994687e-03,1.277904102817598031e-02
8.780487804878047906e-03,3.333333333333333981e-03,4.847533632286994687e-03,1.277904102817598031e-02
8.780487804878047906e-03,3.333333333333333981e-03,4.847533632286994687e-03,1.277904102817598031e-02
8.780487804878047906e-03,3.333333333333333981e-03,4.847533632286994687e-03,1.277904102817598031e-02
8.780487804878047906e-03,3.333333333333333981e-03,4.847533632286994687e-03,1.277904102817598031e-02
8.780487804878047906e-03,3.333333333333333981e-03,4.847533632286994687e-03,1.277904102817598031e-02
8.780487804878047906e-03,3.333333333333333981e-03,4.847533632286994687e-03,1.277904102817598031e-02
8.780487804878047906e-03,3.333333333333333981e-03,4.847533632286994687e-03,1.277904102817598031e-02
8.780487804878047906e-03,3.333333333333333981e-03,4.847533632286994687e-03,1.277904102817598031e-02
8.780487804878047906e-03,3.333333333333333981e-03,4.847533632286994687e-03,1.277904102817598031e-02
8.780487804878047906e-03,3.333333333333333981e-03,4.847533632286994687e-03,1.277904102817598031e-02
8.780487804878047906e-03,3.333333333333333981e-03,4.847533632286994687e-03,1.277904102817598031e-02
8.780487804878047906e-03,3.333333333333333981e-03,4.847533632286994687e-03,1.277904102817598031e-02
8.780487804878047906e-03,3.333333333333333981e-03,4.847533632286994687e-03,1.277904102817598031e-02
8.780487804878047906e-03,3.333333333333333981e-03,4.847533632286994687e-03,1.277904102817598031e-02
8.780487804878047906e-03,3.333333333333333981e-03,4.847533632286994687e-03,1.277904102817598031e-02
8.780487804878047906e-03,3.333333333333333981e-03,4.847533632286994687e-03,1.277904102817598031e-02
8.780487804878047906e-03,3.333333333333333981e-03,4.847533632286994687e-03,1.277904102817598031e-02
8.780487804878047906e-03,3.333333333333333981e-03,4.847533632286994687e-03,1.277904102817598031e-02
8.780487804878047906e-03,3.333333333333333981e-03,4.847533632286994687e-03,1.277904102817598031e-02
8.780487804878047906e-03,3.333333333333333981e-03,4.847533632286994687e-03,1.277904102817598031e-02
8.780487804878047906e-03,3.333333333333333981e-03,4.847533632286994687e-03,1.277904102817598031e-02
8.780487804878047906e-03,3.333333333333333981e-03,4.847533632286994687e-03,1.277904102817598031e-02
8.780487804878047906e-03,3.333333333333333981e-03,4.847533632286994687e-03,1.277904102817598031e-02
8.780487804878047906e-03,3.333333333333333981e-03,4.847533632286994687e-03,1.277904102817598031e-02
8.780487804878047906e-03,3.333333333333333981e-03,4.847533632286994687e-03,1.277904102817598031e-02
8.780487804878047906e-03,3.333333333333333981e-03,4.847533632286994687e-03,1.277904102817598031e-02
8.780487804878047906e-03,3.333333333333333981e-03,4.847533632286994687e-03,1.277904102817598031e-02
8.780487804878047906e-03,3.333333333333333981e-03,4.847533632286994687e-03,1.277904102817598031e-02
8.780487804878047906e-03,3.333333333333333981e-03,4.847533632286994687e-03,1.277904102817598031e-02
8.780487804878047906e-03,3.333333333333333981e-03,4.847533632286994687e-03,1.277904102817598031e-02
8.780487804878047906e-03,3.333333333333333981e-03,4.847533632286994687e-03,1.277904102817598031e-02
8.780487804878047906e-03,3.333333333333333981e-03,4.847533632286994687e-03,1.277904102817598031e-02
8.780487804878047906e-03,3.333333333333333981e-03,4.847533632286994687e-03,1.277904102817598031e-02
8.780487804878047906e-03,3.333333333333333981e-03,4.847533632286994687e-03,1.277904102817598031e-02
8.780487804878047906e-03,3.333333333333333981e-03,4.847533632286994687e-03,1.277904102817598031e-02
8.780487804878047906e-03,3.333333333333333981e-03,4.847533632286994687e-03,1.277904102817598031e-02
8.780487804878047906e-03,3.333333333333333981e-03,4.847533632286994687e-03,1.277904102817598031e-02
8.780487804878047906e-03,3.333333333333333981e-03,4.847533632286994687e-03,1.277904102817598031e-02
8.780487804878047906e-03,3.333333333333333981e-03,4.847533632286994687e-03,1.277904102817598031e-02
8.780487804878047906e-03,3.333333333333333981e-03,4.847533632286994687e-03,1.277904102817598031e-02
8.780487804878047906e-03,3.333333333333333981e-03,4.847533632286994687e-03,1.277904102817598031e-02
8.780487804878047906e-03,3.333333333333333981e-03,4.847533632286994687e-03,1.277904102817598031e-02
8.780487804878047906e-03,3.333333333333333981e-03,4.847533632286994687e-03,1.277904102817598031e-02
8.780487804878047906e-03,3.333333333333333981e-03,4.847533632286994687e-03,1.277904102817598031e-02
8.780487804878047906e-03,3.333333333333333981e-03,4.847533632286994687e-03,1.277904102817598031e-02
8.780487804878047906e-03,3.333333333333333981e-03,4.847533632286994687e-03,1.277904102817598031e-02
8.780487804878047906e-03,3.333333333333333981e-03,4.847533632286994687e-03,1.277904102817598031e-02
8.780487804878047906e-03,3.333333333333333981e-03,4.847533632286994687e-03,1.277904102817598031e-02
8.780487804878047906e-03,3.333333333333333981e-03,4.847533632286994687e-03,1.277904102817598031e-02
8.780487804878047906e-03,3.333333333333333981e-03,4.847533632286994687e-03,1.277904102817598031e-02
8.780487804878047906e-03,3.333333333333333981e-03,4.847533632286994687e-03,1.277904102817598031e-02
8.780487804878047906e-03,3.333333333333333981e-03,4.847533632286994687e-03,1.277904102817598031e-02
8.780487804878047906e-03,3.333333333333333981e-03,4.847533632286994687e-03,1.277904102817598031e-02
8.780487804878047906e-03,3.333333333333333981e-03,4.847533632286994687e-03,1.277904102817598031e-02
8.780487804878047906e-03,3.333333333333333981e-03,4.847533632286994687e-03,1.277904102817598031e-02
8.780487804878047906e-03,3.333333333333333981e-03,4.847533632286994687e-03,1.277904102817598031e-02
8.780487804878047906e-03,3.333333333333333981e-03,4.847533632286994687e-03,1.277904102817598031e-02
8.780487804878047906e-03,3.333333333333333981e-03,4.847533632286994687e-03,1.277904102817598031e-02
8.780487804878047906e-03,3.333333333333333981e-03,4.847533632286994687e-03,1.277904102817598031e-02
8.780487804878047906e-03,3.333333333333333981e-03,4.847533632286994687e-03,1.277904102817598031e-02
8.780487804878047906e-03,3.333333333333333981e-03,4.847533632286994687e-03,1.277904102817598031e-02
8.780487804878047906e-03,3.333333333333333981e-03,4.847533632286994687e-03,1.277904102817598031e-02
8.780487804878047906e-03,3.333333333333333981e-03,4.847533632286994687e-03,1.277904102817598031e-02
8.780487804878047906e-03,3.333333333333333981e-03,4.847533632286994687e-03,1.277904102817598031e-02
8.780487804878047906e-03,3.333333333333333981e-03,4.847533632286994687e-03,1.277904102817598031e-02
8.780487804878047906e-03,3.333333333333333981e-03,4.847533632286994687e-03,1.277904102817598031e-02
8.780487804878047906e-03,3.333333333333333981e-03,4.847533632286994687e-03,1.277904102817598031e-02
8.780487804878047906e-03,3.333333333333333981e-03,4.847533632286994687e-03,1.277904102817598031e-02
8.780487804878047906e-03,3.333333333333333981e-03,4.847533632286994687e-03,1.277904102817598031e-02
8.780487804878047906e-03,3.333333333333333981e-03,4.847533632286994687e-03,1.277904102817598031e-02
8.780487804878047906e-03,3.333333333333333981e-03,4.847533632286994687e-03,1.277904102817598031e-02
8.780487804878047906e-03,3.333333333333333981e-03,4.847533632286994687e-03,1.277904102817598031e-02
8.780487804878047906e-03,3.333333333333333981e-03,4.847533632286994687e-03,1.277904102817598031e-02
8.780487804878047906e-03,3.333333333333333981e-03,4.847533632286994687e-03,1.277904102817598031e-02
8.780487804878047906e-03,3.333333333333333981e-03,4.847533632286994687e-03,1.277904102817598031e-02
8.780487804878047906e-03,3.333333333333333981e-03,4.847533632286994687e-03,1.277904102817598031e-02
8.780487804878047906e-03,3.333333333333333981e-03,4.847533632286994687e-03,1.277904102817598031e-02
8.780487804878047906e-03,3.333333333333333981e-03,4.847533632286994687e-03,1.277904102817598031e-02
8.780487804878047906e-03,3.333333333333333981e-03,4.847533632286994687e-03,1.277904102817598031e-02
8.780487804878047906e-03,3.333333333333333981e-03,4.847533632286994687e-03,1.277904102817598031e-02
8.780487804878047906e-03,3.333333333333333981e-03,4.847533632286994687e-03,1.277904102817598031e-02
8.780487804878047906e-03,3.333333333333333981e-03,4.847533632286994687e-03,1.277904102817598031e-02
8.780487804878047906e-03,3.333333333333333981e-03,4.847533632286994687e-03,1.277904102817598031e-02
8.780487804878047906e-03,3.333333333333333981e-03,4.847533632286994687e-03,1.277904102817598031e-02
8.780487804878047906e-03,3.333333333333333981e-03,4.847533632286994687e-03,1.277904102817598031e-02
8.780487804878047906e-03,3.333333333333333981e-03,4.847533632286994687e-03,1.277904102817598031e-02
8.780487804878047906e-03,3.333333333333333981e-03,4.847533632286994687e-03,1.277904102817598031e-02
8.780487804878047906e-03,3.333333333333333981e-03,4.847533632286994687e-03,1.277904102817598031e-02
8.780487804878047906e-03,3.333333333333333981e-03,4.847533632286994687e-03,1.277904102817598031e-02
8.780487804878047906e-03,3.333333333333333981e-03,4.847533632286994687e-03,1.277904102817598031e-02
8.780487804878047906e-03,3.333333333333333981e-03,4.847533632286994687e-03,1.277904102817598031e-02
8.780487804878047906e-03,3.333333333333333981e-03,4.847533632286994687e-03,1.277904102817598031e-02
8.780487804878047906e-03,3.333333333333333981e-03,4.847533632286994687e-03,1.277904102817598031e-02
8.780487804878047906e-03,3.333333333333333981e-03,4.847533632286994687e-03,1.277904102817598031e-02
8.780487804878047906e-03,3.333333333333333981e-03,4.847533632286994687e-03,1.277904102817598031e-02
8.780487804878047906e-03,3.333333333333333981e-03,4.847533632286994687e-03,1.277904102817598031e-02
8.780487804878047906e-03,3.333333333333333981e-03,4.847533632286994687e-03,1.277904102817598031e-02
8.780487804878047906e-03,3.333333333333333981e-03,4.847533632286994687e-03,1.277904102817598031e-02
8.780487804878047906e-03,3.333333333333333981e-03,4.847533632286994687e-03,1.277904102817598031e-02
8.780487804878047906e-03,3.333333333333333981e-03,4.847533632286994687e-03,1.277904102817598031e-02
8.780487804878047906e-03,3.333333333333333981e-03,4.847533632286994687e-03,1.277904102817598031e-02
8.780487804878047906e-03,3.333333333333333981e-03,4.847533632286994687e-03,1.277904102817598031e-02
8.780487804878047906e-03,3.333333333333333981e-03,4.847533632286994687e-03,1.277904102817598031e-02
8.780487804878047906e-03,3.333333333333333981e-03,4.847533632286994687e-03,1.277904102817598031e-02
8.780487804878047906e-03,3.333333333333333981e-03,4.847533632286994687e-03,1.277904102817598031e-02
8.780487804878047906e-03,3.333333333333333981e-03,4.847533632286994687e-03,1.277904102817598031e-02
8.780487804878047906e-03,3.333333333333333981e-03,4.847533632286994687e-03,1.277904102817598031e-02
8.780487804878047906e-03,3.333333333333333981e-03,4.847533632286994687e-03,1.277904102817598031e-02
8.780487804878047906e-03,3.333333333333333981e-03,4.847533632286994687e-03,1.277904102817598031e-02
8.780487804878047906e-03,3.333333333333333981e-03,4.847533632286994687e-03,1.277904102817598031e-02
8.780487804878047906e-03,3.333333333333333981e-03,4.847533632286994687e-03,1.277904102817598031e-02
8.780487804878047906e-03,3.333333333333333981e-03,4.847533632286994687e-03,1.277904102817598031e-02
8.780487804878047906e-03,3.333333333333333981e-03,4.847533632286994687e-03,1.277904102817598031e-02
8.780487804878047906e-03,3.333333333333333981e-03,4.847533632286994687e-03,1.277904102817598031e-02
8.780487804878047906e-03,3.333333333333333981e-03,4.847533632286994687e-03,1.277904102817598031e-02
8.780487804878047906e-03,3.333333333333333981e-03,4.847533632286994687e-03,1.277904102817598031e-02
8.780487804878047906e-03,3.333333333333333981e-03,4.847533632286994687e-03,1.277904102817598031e-02
8.780487804878047906e-03,3.333333333333333981e-03,4.847533632286994687e-03,1.277904102817598031e-02
8.780487804878047906e-03,3.333333333333333981e-03,4.847533632286994687e-03,1.277904102817598031e-02
8.780487804878047906e-03,3.333333333333333981e-03,4.847533632286994687e-03,1.277904102817598031e-02
8.780487804878047906e-03,3.333333333333333981e-03,4.847533632286994687e-03,1.277904102817598031e-02
8.780487804878047906e-03,3.333333333333333981e-03,4.847533632286994687e-03,1.277904102817598031e-02
8.780487804878047906e-03,3.333333333333333981e-03,4.847533632286994687e-03,1.277904102817598031e-02
8.780487804878047906e-03,3.333333333333333981e-03,4.847533632286994687e-03,1.277904102817598031e-02
8.780487804878047906e-03,3.333333333333333981e-03,4.847533632286994687e-03,1.277904102817598031e-02
8.780487804878047906e-03,3.333333333333333981e-03,4.847533632286994687e-03,1.277904102817598031e-02
8.780487804878047906e-03,3.333333333333333981e-03,4.847533632286994687e-03,1.277904102817598031e-02
8.780487804878047906e-03,3.333333333333333981e-03,4.847533632286994687e-03,1.277904102817598031e-02
8.780487804878047906e-03,3.333333333333333981e-03,4.847533632286994687e-03,1.277904102817598031e-02
8.780487804878047906e-03,3.333333333333333981e-03,4.847533632286994687e-03,1.277904102817598031e-02
8.780487804878047906e-03,3.333333333333333981e-03,4.847533632286994687e-03,1.277904102817598031e-02
8.780487804878047906e-03,3.333333333333333981e-03,4.847533632286994687e-03,1.277904102817598031e-02
8.780487804878047906e-03,3.333333333333333981e-03,4.847533632286994687e-03,1.277904102817598031e-02
8.780487804878047906e-03,3.333333333333333981e-03,4.847533632286994687e-03,1.277904102817598031e-02
8.780487804878047906e-03,3.333333333333333981e-03,4.847533632286994687e-03,1.277904102817598031e-02
8.780487804878047906e-03,3.333333333333333981e-03,4.847533632286994687e-03,1.277904102817598031e-02
8.780487804878047906e-03,3.333333333333333981e-03,4.847533632286994687e-03,1.277904102817598031e-02
8.780487804878047906e-03,3.333333333333333981e-03,4.847533632286994687e-03,1.277904102817598031e-02
8.780487804878047906e-03,3.333333333333333981e-03,4.847533632286994687e-03,1.277904102817598031e-02
8.780487804878047906e-03,3.333333333333333981e-03,4.847533632286994687e-03,1.277904102817598031e-02
8.780487804878047906e-03,3.333333333333333981e-03,4.847533632286994687e-03,1.277904102817598031e-02
8.780487804878047906e-03,3.333333333333333981e-03,4.847533632286994687e-03,1.277904102817598031e-02
8.780487804878047906e-03,3.333333333333333981e-03,4.847533632286994687e-03,1.277904102817598031e-02
8.780487804878047906e-03,3.333333333333333981e-03,4.847533632286994687e-03,1.277904102817598031e-02
8.780487804878047906e-03,3.333333333333333981e-03,4.847533632286994687e-03,1.277904102817598031e-02
8.780487804878047906e-03,3.333333333333333981e-03,4.847533632286994687e-03,1.277904102817598031e-02
8.780487804878047906e-03,3.333333333333333981e-03,4.847533632286994687e-03,1.277904102817598031e-02
8.780487804878047906e-03,3.333333333333333981e-03,4.847533632286994687e-03,1.277904102817598031e-02
8.780487804878047906e-03,3.333333333333333981e-03,4.847533632286994687e-03,1.277904102817598031e-02
8.780487804878047906e-03,3.333333333333333981e-03,4.847533632286994687e-03,1.277904102817598031e-02
8.780487804878047906e-03,3.333333333333333981e-03,4.847533632286994687e-03,1.277904102817598031e-02
8.780487804878047906e-03,3.333333333333333981e-03,4.847533632286994687e-03,1.277904102817598031e-02
8.780487804878047906e-03,3.333333333333333981e-03,4.847533632286994687e-03,1.277904102817598031e-02
8.780487804878047906e-03,3.333333333333333981e-03,4.847533632286994687e-03,1.277904102817598031e-02
8.780487804878047906e-03,3.333333333333333981e-03,4.847533632286994687e-03,1.277904102817598031e-02
8.780487804878047906e-03,3.333333333333333981e-03,4.847533632286994687e-03,1.277904102817598031e-02
8.780487804878047906e-03,3.333333333333333981e-03,4.847533632286994687e-03,1.277904102817598031e-02
8.780487804878047906e-03,3.333333333333333981e-03,4.847533632286994687e-03,1.277904102817598031e-02
8.780487804878047906e-03,3.333333333333333981e-03,4.847533632286994687e-03,1.277904102817598031e-02
8.780487804878047906e-03,3.333333333333333981e-03,4.847533632286994687e-03,1.277904102817598031e-02
8.780487804878047906e-03,3.333333333333333981e-03,4.847533632286994687e-03,1.277904102817598031e-02
8.780487804878047906e-03,3.333333333333333981e-03,4.847533632286994687e-03,1.277904102817598031e-02
8.780487804878047906e-03,3.333333333333333981e-03,4.847533632286994687e-03,1.277904102817598031e-02
8.780487804878047906e-03,3.333333333333333981e-03,4.847533632286994687e-03,1.277904102817598031e-02
8.780487804878047906e-03,3.333333333333333981e-03,4.847533632286994687e-03,1.277904102817598031e-02
8.780487804878047906e-03,3.333333333333333981e-03,4.847533632286994687e-03,1.277904102817598031e-02
8.780487804878047906e-03,3.333333333333333981e-03,4.847533632286994687e-03,1.277904102817598031e-02
8.780487804878047906e-03,3.333333333333333981e-03,4.847533632286994687e-03,1.277904102817598031e-02
8.780487804878047906e-03,3.333333333333333981e-03,4.847533632286994687e-03,1.277904102817598031e-02
8.780487804878047906e-03,3.333333333333333981e-03,4.847533632286994687e-03,1.277904102817598031e-02
8.780487804878047906e-03,3.333333333333333981e-03,4.847533632286994687e-03,1.277904102817598031e-02
8.780487804878047906e-03,3.333333333333333981e-03,4.847533632286994687e-03,1.277904102817598031e-02
8.780487804878047906e-03,3.333333333333333981e-03,4.847533632286994687e-03,1.277904102817598031e-02
8.780487804878047906e-03,3.333333333333333981e-03,4.847533632286994687e-03,1.277904102817598031e-02
8.780487804878047906e-03,3.333333333333333981e-03,4.847533632286994687e-03,1.277904102817598031e-02
8.780487804878047906e-03,3.333333333333333981e-03,4.847533632286994687e-03,1.277904102817598031e-02
8.780487804878047906e-03,3.333333333333333981e-03,4.847533632286994687e-03,1.277904102817598031e-02
8.780487804878047906e-03,3.333333333333333981e-03,4.847533632286994687e-03,1.277904102817598031e-02
8.780487804878047906e-03,3.333333333333333981e-03,4.847533632286994687e-03,1.277904102817598031e-02
8.780487804878047906e-03,3.333333333333333981e-03,4.847533632286994687e-03,1.277904102817598031e-02
8.780487804878047906e-03,3.333333333333333981e-03,4.847533632286994687e-03,1.277904102817598031e-02
8.780487804878047906e-03,3.333333333333333981e-03,4.847533632286994687e-03,1.277904102817598031e-02
8.780487804878047906e-03,3.333333333333333981e-03,4.847533632286994687e-03,1.277904102817598031e-02
8.780487804878047906e-03,3.333333333333333981e-03,4.847533632286994687e-03,1.277904102817598031e-02
8.780487804878047906e-03,3.333333333333333981e-03,4.847533632286994687e-03,1.277904102817598031e-02
8.780487804878047906e-03,3.333333333333333981e-03,4.847533632286994687e-03,1.277904102817598031e-02
8.780487804878047906e-03,3.333333333333333981e-03,4.847533632286994687e-03,1.277904102817598031e-02
8.780487804878047906e-03,3.333333333333333981e-03,4.847533632286994687e-03,1.277904102817598031e-02
8.780487804878047906e-03,3.333333333333333981e-03,4.847533632286994687e-03,1.277904102817598031e-02
8.780487804878047906e-03,3.333333333333333981e-03,4.847533632286994687e-03,1.277904102817598031e-02
8.780487804878047906e-03,3.333333333333333981e-03,4.847533632286994687e-03,1.277904102817598031e-02
8.780487804878047906e-03,3.333333333333333981e-03,4.847533632286994687e-03,1.277904102817598031e-02
8.780487804878047906e-03,3.333333333333333981e-03,4.847533632286994687e-03,1.277904102817598031e-02
8.780487804878047906e-03,3.333333333333333981e-03,4.847533632286994687e-03,1.277904102817598031e-02
8.780487804878047906e-03,3.333333333333333981e-03,4.847533632286994687e-03,1.277904102817598031e-02
8.780487804878047906e-03,3.333333333333333981e-03,4.847533632286994687e-03,1.277904102817598031e-02
8.780487804878047906e-03,3.333333333333333981e-03,4.847533632286994687e-03,1.277904102817598031e-02
8.780487804878047906e-03,3.333333333333333981e-03,4.847533632286994687e-03,1.277904102817598031e-02
8.780487804878047906e-03,3.333333333333333981e-03,4.847533632286994687e-03,1.277904102817598031e-02
8.780487804878047906e-03,3.333333333333333981e-03,4.847533632286994687e-03,1.277904102817598031e-02
8.780487804878047906e-03,3.333333333333333981e-03,4.847533632286994687e-03,1.277904102817598031e-02
8.780487804878047906e-03,3.333333333333333981e-03,4.847533632286994687e-03,1.277904102817598031e-02
8.780487804878047906e-03,3.333333333333333981e-03,4.847533632286994687e-03,1.277904102817598031e-02
8.780487804878047906e-03,3.333333333333333981e-03,4.847533632286994687e-03,1.277904102817598031e-02
8.780487804878047906e-03,3.333333333333333981e-03,4.847533632286994687e-03,1.277904102817598031e-02
8.780487804878047906e-03,3.333333333333333981e-03,4.847533632286994687e-03,1.277904102817598031e-02
8.780487804878047906e-03,3.333333333333333981e-03,4.847533632286994687e-03,1.277904102817598031e-02
8.780487804878047906e-03,3.333333333333333981e-03,4.847533632286994687e-03,1.277904102817598031e-02
8.780487804878047906e-03,3.333333333333333981e-03,4.847533632286994687e-03,1.277904102817598031e-02
8.780487804878047906e-03,3.333333333333333981e-03,4.847533632286994687e-03,1.277904102817598031e-02
8.780487804878047906e-03,3.333333333333333981e-03,4.847533632286994687e-03,1.277904102817598031e-02
8.780487804878047906e-03,3.333333333333333981e-03,4.847533632286994687e-03,1.277904102817598031e-02
8.780487804878047906e-03,3.333333333333333981e-03,4.847533632286994687e-03,1.277904102817598031e-02
8.780487804878047906e-03,3.333333333333333981e-03,4.847533632286994687e-03,1.277904102817598031e-02
8.780487804878047906e-03,3.333333333333333981e-03,4.847533632286994687e-03,1.277904102817598031e-02
8.780487804878047906e-03,3.333333333333333981e-03,4.847533632286994687e-03,1.277904102817598031e-02
8.780487804878047906e-03,3.333333333333333981e-03,4.847533632286994687e-03,1.277904102817598031e-02
8.780487804878047906e-03,3.333333333333333981e-03,4.847533632286994687e-03,1.277904102817598031e-02
8.780487804878047906e-03,3.333333333333333981e-03,4.847533632286994687e-03,1.277904102817598031e-02
8.780487804878047906e-03,3.333333333333333981e-03,4.847533632286994687e-03,1.277904102817598031e-02
8.780487804878047906e-03,3.333333333333333981e-03,4.847533632286994687e-03,1.277904102817598031e-02
8.780487804878047906e-03,3.333333333333333981e-03,4.847533632286994687e-03,1.277904102817598031e-02
8.780487804878047906e-03,3.333333333333333981e-03,4.847533632286994687e-03,1.277904102817598031e-02
8.780487804878047906e-03,3.333333333333333981e-03,4.847533632286994687e-03,1.277904102817598031e-02
8.780487804878047906e-03,3.333333333333333981e-03,4.847533632286994687e-03,1.277904102817598031e-02
8.780487804878047906e-03,3.333333333333333981e-03,4.847533632286994687e-03,1.277904102817598031e-02
8.780487804878047906e-03,3.333333333333333981e-03,4.847533632286994687e-03,1.277904102817598031e-02
8.780487804878047906e-03,3.333333333333333981e-03,4.847533632286994687e-03,1.277904102817598031e-02
8.780487804878047906e-03,3.333333333333333981e-03,4.847533632286994687e-03,1.277904102817598031e-02
8.780487804878047906e-03,3.333333333333333981e-03,4.847533632286994687e-03,1.277904102817598031e-02
8.780487804878047906e-03,3.333333333333333981e-03,4.847533632286994687e-03,1.277904102817598031e-02
8.780487804878047906e-03,3.333333333333333981e-03,4.847533632286994687e-03,1.277904102817598031e-02
8.780487804878047906e-03,3.333333333333333981e-03,4.847533632286994687e-03,1.277904102817598031e-02
8.780487804878047906e-03,3.333333333333333981e-03,4.847533632286994687e-03,1.277904102817598031e-02
8.780487804878047906e-03,3.333333333333333981e-03,4.847533632286994687e-03,1.277904102817598031e-02
8.780487804878047906e-03,3.333333333333333981e-03,4.847533632286994687e-03,1.277904102817598031e-02
8.780487804878047906e-03,3.333333333333333981e-03,4.847533632286994687e-03,1.277904102817598031e-02
8.780487804878047906e-03,3.333333333333333981e-03,4.847533632286994687e-03,1.277904102817598031e-02
8.780487804878047906e-03,3.333333333333333981e-03,4.847533632286994687e-03,1.277904102817598031e-02
8.780487804878047906e-03,3.333333333333333981e-03,4.847533632286994687e-03,1.277904102817598031e-02
8.780487804878047906e-03,3.333333333333333981e-03,4.847533632286994687e-03,1.277904102817598031e-02
8.780487804878047906e-03,3.333333333333333981e-03,4.847533632286994687e-03,1.277904102817598031e-02
8.780487804878047906e-03,3.333333333333333981e-03,4.847533632286994687e-03,1.277904102817598031e-02
8.780487804878047906e-03,3.333333333333333981e-03,4.847533632286994687e-03,1.277904102817598031e-02
8.780487804878047906e-03,3.333333333333333981e-03,4.847533632286994687e-03,1.277904102817598031e-02
8.780487804878047906e-03,3.333333333333333981e-03,4.847533632286994687e-03,1.277904102817598031e-02
8.780487804878047906e-03,3.333333333333333981e-03,4.847533632286994687e-03,1.277904102817598031e-02
8.780487804878047906e-03,3.333333333333333981e-03,4.847533632286994687e-03,1.277904102817598031e-02
8.780487804878047906e-03,3.333333333333333981e-03,4.847533632286994687e-03,1.277904102817598031e-02
8.780487804878047906e-03,3.333333333333333981e-03,4.847533632286994687e-03,1.277904102817598031e-02
8.780487804878047906e-03,3.333333333333333981e-03,4.847533632286994687e-03,1.277904102817598031e-02
8.780487804878047906e-03,3.333333333333333981e-03,4.847533632286994687e-03,1.277904102817598031e-02
8.780487804878047906e-03,3.333333333333333981e-03,4.847533632286994687e-03,1.277904102817598031e-02
8.780487804878047906e-03,3.333333333333333981e-03,4.847533632286994687e-03,1.277904102817598031e-02
8.780487804878047906e-03,3.333333333333333981e-03,4.847533632286994687e-03,1.277904102817598031e-02
8.780487804878047906e-03,3.333333333333333981e-03,4.847533632286994687e-03,1.277904102817598031e-02
8.780487804878047906e-03,3.333333333333333981e-03,4.847533632286994687e-03,1.277904102817598031e-02
8.780487804878047906e-03,3.333333333333333981e-03,4.847533632286994687e-03,1.277904102817598031e-02
8.780487804878047906e-03,3.333333333333333981e-03,4.847533632286994687e-03,1.277904102817598031e-02
8.780487804878047906e-03,3.333333333333333981e-03,4.847533632286994687e-03,1.277904102817598031e-02
8.780487804878047906e-03,3.333333333333333981e-03,4.847533632286994687e-03,1.277904102817598031e-02
8.780487804878047906e-03,3.333333333333333981e-03,4.847533632286994687e-03,1.277904102817598031e-02
8.780487804878047906e-03,3.333333333333333981e-03,4.847533632286994687e-03,1.277904102817598031e-02
8.780487804878047906e-03,3.333333333333333981e-03,4.847533632286994687e-03,1.277904102817598031e-02
8.780487804878047906e-03,3.333333333333333981e-03,4.847533632286994687e-03,1.277904102817598031e-02
8.780487804878047906e-03,3.333333333333333981e-03,4.847533632286994687e-03,1.277904102817598031e-02
8.780487804878047906e-03,3.333333333333333981e-03,4.847533632286994687e-03,1.277904102817598031e-02
8.780487804878047906e-03,3.333333333333333981e-03,4.847533632286994687e-03,1.277904102817598031e-02
8.780487804878047906e-03,3.333333333333333981e-03,4.847533632286994687e-03,1.277904102817598031e-02
8.780487804878047906e-03,3.333333333333333981e-03,4.847533632286994687e-03,1.277904102817598031e-02
8.780487804878047906e-03,3.333333333333333981e-03,4.847533632286994687e-03,1.277904102817598031e-02
8.780487804878047906e-03,3.333333333333333981e-03,4.847533632286994687e-03,1.277904102817598031e-02
8.780487804878047906e-03,3.333333333333333981e-03,4.847533632286994687e-03,1.277904102817598031e-02
8.780487804878047906e-03,3.333333333333333981e-03,4.847533632286994687e-03,1.277904102817598031e-02
8.780487804878047906e-03,3.333333333333333981e-03,4.847533632286994687e-03,1.277904102817598031e-02
8.780487804878047906e-03,3.333333333333333981e-03,4.847533632286994687e-03,1.277904102817598031e-02
8.780487804878047906e-03,3.333333333333333981e-03,4.847533632286994687e-03,1.277904102817598031e-02
8.780487804878047906e-03,3.333333333333333981e-03,4.847533632286994687e-03,1.277904102817598031e-02
8.780487804878047906e-03,3.333333333333333981e-03,4.847533632286994687e-03,1.277904102817598031e-02
8.780487804878047906e-03,3.333333333333333981e-03,4.847533632286994687e-03,1.277904102817598031e-02
8.780487804878047906e-03,3.333333333333333981e-03,4.847533632286994687e-03,1.277904102817598031e-02
8.780487804878047906e-03,3.333333333333333981e-03,4.847533632286994687e-03,1.277904102817598031e-02
8.780487804878047906e-03,3.333333333333333981e-03,4.847533632286994687e-03,1.277904102817598031e-02
8.780487804878047906e-03,3.333333333333333981e-03,4.847533632286994687e-03,1.277904102817598031e-02
8.780487804878047906e-03,3.333333333333333981e-03,4.847533632286994687e-03,1.277904102817598031e-02
8.780487804878047906e-03,3.333333333333333981e-03,4.847533632286994687e-03,1.277904102817598031e-02
8.780487804878047906e-03,3.333333333333333981e-03,4.847533632286994687e-03,1.277904102817598031e-02
8.780487804878047906e-03,3.333333333333333981e-03,4.847533632286994687e-03,1.277904102817598031e-02
8.780487804878047906e-03,3.333333333333333981e-03,4.847533632286994687e-03,1.277904102817598031e-02
8.780487804878047906e-03,3.333333333333333981e-03,4.847533632286994687e-03,1.277904102817598031e-02
8.780487804878047906e-03,3.333333333333333981e-03,4.847533632286994687e-03,1.277904102817598031e-02
8.780487804878047906e-03,3.333333333333333981e-03,4.847533632286994687e-03,1.277904102817598031e-02
8.780487804878047906e-03,3.333333333333333981e-03,4.847533632286994687e-03,1.277904102817598031e-02
8.780487804878047906e-03,3.333333333333333981e-03,4.847533632286994687e-03,1.277904102817598031e-02
8.780487804878047906e-03,3.333333333333333981e-03,4.847533632286994687e-03,1.277904102817598031e-02
8.780487804878047906e-03,3.333333333333333981e-03,4.847533632286994687e-03,1.277904102817598031e-02
8.780487804878047906e-03,3.333333333333333981e-03,4.847533632286994687e-03,1.277904102817598031e-02
8.780487804878047906e-03,3.333333333333333981e-03,4.847533632286994687e-03,1.277904102817598031e-02
8.780487804878047906e-03,3.333333333333333981e-03,4.847533632286994687e-03,1.277904102817598031e-02
8.780487804878047906e-03,3.333333333333333981e-03,4.847533632286994687e-03,1.277904102817598031e-02
8.780487804878047906e-03,3.333333333333333981e-03,4.847533632286994687e-03,1.277904102817598031e-02
8.780487804878047906e-03,3.333333333333333981e-03,4.847533632286994687e-03,1.277904102817598031e-02
8.780487804878047906e-03,3.333333333333333981e-03,4.847533632286994687e-03,1.277904102817598031e-02
8.780487804878047906e-03,3.333333333333333981e-03,4.847533632286994687e-03,1.277904102817598031e-02
8.780487804878047906e-03,3.333333333333333981e-03,4.847533632286994687e-03,1.277904102817598031e-02
8.780487804878047906e-03,3.333333333333333981e-03,4.847533632286994687e-03,1.277904102817598031e-02
8.780487804878047906e-03,3.333333333333333981e-03,4.847533632286994687e-03,1.277904102817598031e-02
8.780487804878047906e-03,3.333333333333333981e-03,4.847533632286994687e-03,1.277904102817598031e-02
8.780487804878047906e-03,3.333333333333333981e-03,4.847533632286994687e-03,1.277904102817598031e-02
8.780487804878047906e-03,3.333333333333333981e-03,4.847533632286994687e-03,1.277904102817598031e-02
8.780487804878047906e-03,3.333333333333333981e-03,4.847533632286994687e-03,1.277904102817598031e-02
8.780487804878047906e-03,3.333333333333333981e-03,4.847533632286994687e-03,1.277904102817598031e-02
8.780487804878047906e-03,3.333333333333333981e-03,4.847533632286994687e-03,1.277904102817598031e-02
8.780487804878047906e-03,3.333333333333333981e-03,4.847533632286994687e-03,1.277904102817598031e-02
8.780487804878047906e-03,3.333333333333333981e-03,4.847533632286994687e-03,1.277904102817598031e-02
8.780487804878047906e-03,3.333333333333333981e-03,4.847533632286994687e-03,1.277904102817598031e-02
8.780487804878047906e-03,3.333333333333333981e-03,4.847533632286994687e-03,1.277904102817598031e-02
8.780487804878047906e-03,3.333333333333333981e-03,4.847533632286994687e-03,1.277904102817598031e-02
8.780487804878047906e-03,3.333333333333333981e-03,4.847533632286994687e-03,1.277904102817598031e-02
8.780487804878047906e-03,3.333333333333333981e-03,4.847533632286994687e-03,1.277904102817598031e-02
8.780487804878047906e-03,3.333333333333333981e-03,4.847533632286994687e-03,1.277904102817598031e-02
8.780487804878047906e-03,3.333333333333333981e-03,4.847533632286994687e-03,1.277904102817598031e-02
8.780487804878047906e-03,3.333333333333333981e-03,4.847533632286994687e-03,1.277904102817598031e-02
8.780487804878047906e-03,3.333333333333333981e-03,4.847533632286994687e-03,1.277904102817598031e-02
8.780487804878047906e-03,3.333333333333333981e-03,4.847533632286994687e-03,1.277904102817598031e-02
8.780487804878047906e-03,3.333333333333333981e-03,4.847533632286994687e-03,1.277904102817598031e-02
8.780487804878047906e-03,3.333333333333333981e-03,4.847533632286994687e-03,1.277904102817598031e-02
8.780487804878047906e-03,3.333333333333333981e-03,4.847533632286994687e-03,1.277904102817598031e-02
8.780487804878047906e-03,3.333333333333333981e-03,4.847533632286994687e-03,1.277904102817598031e-02
8.780487804878047906e-03,3.333333333333333981e-03,4.847533632286994687e-03,1.277904102817598031e-02
8.780487804878047906e-03,3.333333333333333981e-03,4.847533632286994687e-03,1.277904102817598031e-02
8.780487804878047906e-03,3.333333333333333981e-03,4.847533632286994687e-03,1.277904102817598031e-02
8.780487804878047906e-03,3.333333333333333981e-03,4.847533632286994687e-03,1.277904102817598031e-02
8.780487804878047906e-03,3.333333333333333981e-03,4.847533632286994687e-03,1.277904102817598031e-02
8.780487804878047906e-03,3.333333333333333981e-03,4.847533632286994687e-03,1.277904102817598031e-02
8.780487804878047906e-03,3.333333333333333981e-03,4.847533632286994687e-03,1.277904102817598031e-02
8.780487804878047906e-03,3.333333333333333981e-03,4.847533632286994687e-03,1.277904102817598031e-02
8.780487804878047906e-03,3.333333333333333981e-03,4.847533632286994687e-03,1.277904102817598031e-02
8.780487804878047906e-03,3.333333333333333981e-03,4.847533632286994687e-03,1.277904102817598031e-02
8.780487804878047906e-03,3.333333333333333981e-03,4.847533632286994687e-03,1.277904102817598031e-02
8.780487804878047906e-03,3.333333333333333981e-03,4.847533632286994687e-03,1.277904102817598031e-02
8.780487804878047906e-03,3.333333333333333981e-03,4.847533632286994687e-03,1.277904102817598031e-02
8.780487804878047906e-03,3.333333333333333981e-03,4.847533632286994687e-03,1.277904102817598031e-02
8.780487804878047906e-03,3.333333333333333981e-03,4.847533632286994687e-03,1.277904102817598031e-02
8.780487804878047906e-03,3.333333333333333981e-03,4.847533632286994687e-03,1.277904102817598031e-02
8.780487804878047906e-03,3.333333333333333981e-03,4.847533632286994687e-03,1.277904102817598031e-02
8.780487804878047906e-03,3.333333333333333981e-03,4.847533632286994687e-03,1.277904102817598031e-02
8.780487804878047906e-03,3.333333333333333981e-03,4.847533632286994687e-03,1.277904102817598031e-02
8.780487804878047906e-03,3.333333333333333981e-03,4.847533632286994687e-03,1.277904102817598031e-02
8.780487804878047906e-03,3.333333333333333981e-03,4.847533632286994687e-03,1.277904102817598031e-02
8.780487804878047906e-03,3.333333333333333981e-03,4.847533632286994687e-03,1.277904102817598031e-02
8.780487804878047906e-03,3.333333333333333981e-03,4.847533632286994687e-03,1.277904102817598031e-02
8.780487804878047906e-03,3.333333333333333981e-03,4.847533632286994687e-03,1.277904102817598031e-02
8.780487804878047906e-03,3.333333333333333981e-03,4.847533632286994687e-03,1.277904102817598031e-02
8.780487804878047906e-03,3.333333333333333981e-03,4.847533632286994687e-03,1.277904102817598031e-02
8.780487804878047906e-03,3.333333333333333981e-03,4.847533632286994687e-03,1.277904102817598031e-02
8.780487804878047906e-03,3.333333333333333981e-03,4.847533632286994687e-03,1.277904102817598031e-02
8.780487804878047906e-03,3.333333333333333981e-03,4.847533632286994687e-03,1.277904102817598031e-02
8.780487804878047906e-03,3.333333333333333981e-03,4.847533632286994687e-03,1.277904102817598031e-02
8.780487804878047906e-03,3.333333333333333981e-03,4.847533632286994687e-03,1.277904102817598031e-02
8.780487804878047906e-03,3.333333333333333981e-03,4.847533632286994687e-03,1.277904102817598031e-02
8.780487804878047906e-03,3.333333333333333981e-03,4.847533632286994687e-03,1.277904102817598031e-02
8.780487804878047906e-03,3.333333333333333981e-03,4.847533632286994687e-03,1.277904102817598031e-02
8.780487804878047906e-03,3.333333333333333981e-03,4.847533632286994687e-03,1.277904102817598031e-02
8.780487804878047906e-03,3.333333333333333981e-03,4.847533632286994687e-03,1.277904102817598031e-02
8.780487804878047906e-03,3.333333333333333981e-03,4.847533632286994687e-03,1.277904102817598031e-02
8.780487804878047906e-03,3.333333333333333981e-03,4.847533632286994687e-03,1.277904102817598031e-02
8.780487804878047906e-03,3.333333333333333981e-03,4.847533632286994687e-03,1.277904102817598031e-02
8.780487804878047906e-03,3.333333333333333981e-03,4.847533632286994687e-03,1.277904102817598031e-02
8.780487804878047906e-03,3.333333333333333981e-03,4.847533632286994687e-03,1.277904102817598031e-02
8.780487804878047906e-03,3.333333333333333981e-03,4.847533632286994687e-03,1.277904102817598031e-02
8.780487804878047906e-03,3.333333333333333981e-03,4.847533632286994687e-03,1.277904102817598031e-02
8.780487804878047906e-03,3.333333333333333981e-03,4.847533632286994687e-03,1.277904102817598031e-02
8.780487804878047906e-03,3.333333333333333981e-03,4.847533632286994687e-03,1.277904102817598031e-02
8.780487804878047906e-03,3.333333333333333981e-03,4.847533632286994687e-03,1.277904102817598031e-02
8.780487804878047906e-03,3.333333333333333981e-03,4.847533632286994687e-03,1.277904102817598031e-02
8.780487804878047906e-03,3.333333333333333981e-03,4.847533632286994687e-03,1.277904102817598031e-02
8.780487804878047906e-03,3.333333333333333981e-03,4.847533632286994687e-03,1.277904102817598031e-02
8.780487804878047906e-03,3.333333333333333981e-03,4.847533632286994687e-03,1.277904102817598031e-02
8.780487804878047906e-03,3.333333333333333981e-03,4.847533632286994687e-03,1.277904102817598031e-02
8.780487804878047906e-03,3.333333333333333981e-03,4.847533632286994687e-03,1.277904102817598031e-02
8.780487804878047906e-03,3.333333333333333981e-03,4.847533632286994687e-03,1.277904102817598031e-02
8.780487804878047906e-03,3.333333333333333981e-03,4.847533632286994687e-03,1.277904102817598031e-02
8.780487804878047906e-03,3.333333333333333981e-03,4.847533632286994687e-03,1.277904102817598031e-02
8.780487804878047906e-03,3.333333333333333981e-03,4.847533632286994687e-03,1.277904102817598031e-02
8.780487804878047906e-03,3.333333333333333981e-03,4.847533632286994687e-03,1.277904102817598031e-02
8.780487804878047906e-03,3.333333333333333981e-03,4.847533632286994687e-03,1.277904102817598031e-02
8.780487804878047906e-03,3.333333333333333981e-03,4.847533632286994687e-03,1.277904102817598031e-02
8.780487804878047906e-03,3.333333333333333981e-03,4.847533632286994687e-03,1.277904102817598031e-02
8.780487804878047906e-03,3.333333333333333981e-03,4.847533632286994687e-03,1.277904102817598031e-02
8.780487804878047906e-03,3.333333333333333981e-03,4.847533632286994687e-03,1.277904102817598031e-02
8.780487804878047906e-03,3.333333333333333981e-03,4.847533632286994687e-03,1.277904102817598031e-02
8.780487804878047906e-03,3.333333333333333981e-03,4.847533632286994687e-03,1.277904102817598031e-02
8.780487804878047906e-03,3.333333333333333981e-03,4.847533632286994687e-03,1.277904102817598031e-02
8.780487804878047906e-03,3.333333333333333981e-03,4.847533632286994687e-03,1.277904102817598031e-02
8.780487804878047906e-03,3.333333333333333981e-03,4.847533632286994687e-03,1.277904102817598031e-02
8.780487804878047906e-03,3.333333333333333981e-03,4.847533632286994687e-03,1.277904102817598031e-02
8.780487804878047906e-03,3.333333333333333981e-03,4.847533632286994687e-03,1.277904102817598031e-02
8.780487804878047906e-03,3.333333333333333981e-03,4.847533632286994687e-03,1.277904102817598031e-02
8.780487804878047906e-03,3.333333333333333981e-03,4.847533632286994687e-03,1.277904102817598031e-02
8.780487804878047906e-03,3.333333333333333981e-03,4.847533632286994687e-03,1.277904102817598031e-02
8.780487804878047906e-03,3.333333333333333981e-03,4.847533632286994687e-03,1.277904102817598031e-02
8.780487804878047906e-03,3.333333333333333981e-03,4.847533632286994687e-03,1.277904102817598031e-02
8.780487804878047906e-03,3.333333333333333981e-03,4.847533632286994687e-03,1.277904102817598031e-02
8.780487804878047906e-03,3.333333333333333981e-03,4.847533632286994687e-03,1.277904102817598031e-02
8.780487804878047906e-03,3.333333333333333981e-03,4.847533632286994687e-03,1.277904102817598031e-02
8.780487804878047906e-03,3.333333333333333981e-03,4.847533632286994687e-03,1.277904102817598031e-02
8.780487804878047906e-03,3.333333333333333981e-03,4.847533632286994687e-03,1.277904102817598031e-02
8.780487804878047906e-03,3.333333333333333981e-03,4.847533632286994687e-03,1.277904102817598031e-02
8.780487804878047906e-03,3.333333333333333981e-03,4.847533632286994687e-03,1.277904102817598031e-02
8.780487804878047906e-03,3.333333333333333981e-03,4.847533632286994687e-03,1.277904102817598031e-02
8.780487804878047906e-03,3.333333333333333981e-03,4.847533632286994687e-03,1.277904102817598031e-02
8.780487804878047906e-03,3.333333333333333981e-03,4.847533632286994687e-03,1.277904102817598031e-02
8.780487804878047906e-03,3.333333333333333981e-03,4.847533632286994687e-03,1.277904102817598031e-02
8.780487804878047906e-03,3.333333333333333981e-03,4.847533632286994687e-03,1.277904102817598031e-02
8.780487804878047906e-03,3.333333333333333981e-03,4.847533632286994687e-03,1.277904102817598031e-02
8.780487804878047906e-03,3.333333333333333981e-03,4.847533632286994687e-03,1.277904102817598031e-02
8.780487804878047906e-03,3.333333333333333981e-03,4.847533632286994687e-03,1.277904102817598031e-02
8.780487804878047906e-03,3.333333333333333981e-03,4.847533632286994687e-03,1.277904102817598031e-02
8.780487804878047906e-03,3.333333333333333981e-03,4.847533632286994687e-03,1.277904102817598031e-02
8.780487804878047906e-03,3.333333333333333981e-03,4.847533632286994687e-03,1.277904102817598031e-02
8.780487804878047906e-03,3.333333333333333981e-03,4.847533632286994687e-03,1.277904102817598031e-02
8.780487804878047906e-03,3.333333333333333981e-03,4.847533632286994687e-03,1.277904102817598031e-02
8.780487804878047906e-03,3.333333333333333981e-03,4.847533632286994687e-03,1.277904102817598031e-02
8.780487804878047906e-03,3.333333333333333981e-03,4.847533632286994687e-03,1.277904102817598031e-02
8.780487804878047906e-03,3.333333333333333981e-03,4.847533632286994687e-03,1.277904102817598031e-02
8.780487804878047906e-03,3.333333333333333981e-03,4.847533632286994687e-03,1.277904102817598031e-02
8.780487804878047906e-03,3.333333333333333981e-03,4.847533632286994687e-03,1.277904102817598031e-02
8.780487804878047906e-03,3.333333333333333981e-03,4.847533632286994687e-03,1.277904102817598031e-02
8.780487804878047906e-03,3.333333333333333981e-03,4.847533632286994687e-03,1.277904102817598031e-02
8.780487804878047906e-03,3.333333333333333981e-03,4.847533632286994687e-03,1.277904102817598031e-02
8.780487804878047906e-03,3.333333333333333981e-03,4.847533632286994687e-03,1.277904102817598031e-02
8.780487804878047906e-03,3.333333333333333981e-03,4.847533632286994687e-03,1.277904102817598031e-02
8.780487804878047906e-03,3.333333333333333981e-03,4.847533632286994687e-03,1.277904102817598031e-02
8.780487804878047906e-03,3.333333333333333981e-03,4.847533632286994687e-03,1.277904102817598031e-02
8.780487804878047906e-03,3.333333333333333981e-03,4.847533632286994687e-03,1.277904102817598031e-02
8.780487804878047906e-03,3.333333333333333981e-03,4.847533632286994687e-03,1.277904102817598031e-02
8.780487804878047906e-03,3.333333333333333981e-03,4.847533632286994687e-03,1.277904102817598031e-02
8.780487804878047906e-03,3.333333333333333981e-03,4.847533632286994687e-03,1.277904102817598031e-02
8.780487804878047906e-03,3.333333333333333981e-03,4.847533632286994687e-03,1.277904102817598031e-02
8.780487804878047906e-03,3.333333333333333981e-03,4.847533632286994687e-03,1.277904102817598031e-02
8.780487804878047906e-03,3.333333333333333981e-03,4.847533632286994687e-03,1.277904102817598031e-02
8.780487804878047906e-03,3.333333333333333981e-03,4.847533632286994687e-03,1.277904102817598031e-02
8.780487804878047906e-03,3.333333333333333981e-03,4.847533632286994687e-03,1.277904102817598031e-02
8.780487804878047906e-03,3.333333333333333981e-03,4.847533632286994687e-03,1.277904102817598031e-02
8.780487804878047906e-03,3.333333333333333981e-03,4.847533632286994687e-03,1.277904102817598031e-02
8.780487804878047906e-03,3.333333333333333981e-03,4.847533632286994687e-03,1.277904102817598031e-02
8.780487804878047906e-03,3.333333333333333981e-03,4.847533632286994687e-03,1.277904102817598031e-02
8.780487804878047906e-03,3.333333333333333981e-03,4.847533632286994687e-03,1.277904102817598031e-02
8.780487804878047906e-03,3.333333333333333981e-03,4.847533632286994687e-03,1.277904102817598031e-02
8.780487804878047906e-03,3.333333333333333981e-03,4.847533632286994687e-03,1.277904102817598031e-02
8.780487804878047906e-03,3.333333333333333981e-03,4.847533632286994687e-03,1.277904102817598031e-02
8.780487804878047906e-03,3.333333333333333981e-03,4.847533632286994687e-03,1.277904102817598031e-02
8.780487804878047906e-03,3.333333333333333981e-03,4.847533632286994687e-03,1.277904102817598031e-02
8.780487804878047906e-03,3.333333333333333981e-03,4.847533632286994687e-03,1.277904102817598031e-02
8.780487804878047906e-03,3.333333333333333981e-03,4.847533632286994687e-03,1.277904102817598031e-02
8.780487804878047906e-03,3.333333333333333981e-03,4.847533632286994687e-03,1.277904102817598031e-02
8.780487804878047906e-03,3.333333333333333981e-03,4.847533632286994687e-03,1.277904102817598031e-02
8.780487804878047906e-03,3.333333333333333981e-03,4.847533632286994687e-03,1.277904102817598031e-02
8.780487804878047906e-03,3.333333333333333981e-03,4.847533632286994687e-03,1.277904102817598031e-02
8.780487804878047906e-03,3.333333333333333981e-03,4.847533632286994687e-03,1.277904102817598031e-02
8.780487804878047906e-03,3.333333333333333981e-03,4.847533632286994687e-03,1.277904102817598031e-02
8.780487804878047906e-03,3.333333333333333981e-03,4.847533632286994687e-03,1.277904102817598031e-02
8.780487804878047906e-03,3.333333333333333981e-03,4.847533632286994687e-03,1.277904102817598031e-02
8.780487804878047906e-03,3.333333333333333981e-03,4.847533632286994687e-03,1.277904102817598031e-02
8.780487804878047906e-03,3.333333333333333981e-03,4.847533632286994687e-03,1.277904102817598031e-02
8.780487804878047906e-03,3.333333333333333981e-03,4.847533632286994687e-03,1.277904102817598031e-02
8.780487804878047906e-03,3.333333333333333981e-03,4.847533632286994687e-03,1.277904102817598031e-02
8.780487804878047906e-03,3.333333333333333981e-03,4.847533632286994687e-03,1.277904102817598031e-02
8.780487804878047906e-03,3.333333333333333981e-03,4.847533632286994687e-03,1.277904102817598031e-02
8.780487804878047906e-03,3.333333333333333981e-03,4.847533632286994687e-03,1.277904102817598031e-02
8.780487804878047906e-03,3.333333333333333981e-03,4.847533632286994687e-03,1.277904102817598031e-02
8.780487804878047906e-03,3.333333333333333981e-03,4.847533632286994687e-03,1.277904102817598031e-02
8.780487804878047906e-03,3.333333333333333981e-03,4.847533632286994687e-03,1.277904102817598031e-02
8.780487804878047906e-03,3.333333333333333981e-03,4.847533632286994687e-03,1.277904102817598031e-02
8.780487804878047906e-03,3.333333333333333981e-03,4.847533632286994687e-03,1.277904102817598031e-02
8.780487804878047906e-03,3.333333333333333981e-03,4.847533632286994687e-03,1.277904102817598031e-02
8.780487804878047906e-03,3.333333333333333981e-03,4.847533632286994687e-03,1.277904102817598031e-02
8.780487804878047906e-03,3.333333333333333981e-03,4.847533632286994687e-03,1.277904102817598031e-02
8.780487804878047906e-03,3.333333333333333981e-03,4.847533632286994687e-03,1.277904102817598031e-02
8.780487804878047906e-03,3.333333333333333981e-03,4.847533632286994687e-03,1.277904102817598031e-02
8.780487804878047906e-03,3.333333333333333981e-03,4.847533632286994687e-03,1.277904102817598031e-02
8.780487804878047906e-03,3.333333333333333981e-03,4.847533632286994687e-03,1.277904102817598031e-02
8.780487804878047906e-03,3.333333333333333981e-03,4.847533632286994687e-03,1.277904102817598031e-02
8.780487804878047906e-03,3.333333333333333981e-03,4.847533632286994687e-03,1.277904102817598031e-02
8.780487804878047906e-03,3.333333333333333981e-03,4.847533632286994687e-03,1.277904102817598031e-02
8.780487804878047906e-03,3.333333333333333981e-03,4.847533632286994687e-03,1.277904102817598031e-02
8.780487804878047906e-03,3.333333333333333981e-03,4.847533632286994687e-03,1.277904102817598031e-02
8.780487804878047906e-03,3.333333333333333981e-03,4.847533632286994687e-03,1.277904102817598031e-02
8.780487804878047906e-03,3.333333333333333981e-03,4.847533632286994687e-03,1.277904102817598031e-02
8.780487804878047906e-03,3.333333333333333981e-03,4.847533632286994687e-03,1.277904102817598031e-02
8.780487804878047906e-03,3.333333333333333981e-03,4.847533632286994687e-03,1.277904102817598031e-02
8.780487804878047906e-03,3.333333333333333981e-03,4.847533632286994687e-03,1.277904102817598031e-02
8.780487804878047906e-03,3.333333333333333981e-03,4.847533632286994687e-03,1.277904102817598031e-02
8.780487804878047906e-03,3.333333333333333981e-03,4.847533632286994687e-03,1.277904102817598031e-02
8.780487804878047906e-03,3.333333333333333981e-03,4.847533632286994687e-03,1.277904102817598031e-02
8.780487804878047906e-03,3.333333333333333981e-03,4.847533632286994687e-03,1.277904102817598031e-02
8.780487804878047906e-03,3.333333333333333981e-03,4.847533632286994687e-03,1.277904102817598031e-02
8.780487804878047906e-03,3.333333333333333981e-03,4.847533632286994687e-03,1.277904102817598031e-02
8.780487804878047906e-03,3.333333333333333981e-03,4.847533632286994687e-03,1.277904102817598031e-02
8.780487804878047906e-03,3.333333333333333981e-03,4.847533632286994687e-03,1.277904102817598031e-02
8.780487804878047906e-03,3.333333333333333981e-03,4.847533632286994687e-03,1.277904102817598031e-02
8.780487804878047906e-03,3.333333333333333981e-03,4.847533632286994687e-03,1.277904102817598031e-02
8.780487804878047906e-03,3.333333333333333981e-03,4.847533632286994687e-03,1.277904102817598031e-02
8.780487804878047906e-03,3.333333333333333981e-03,4.847533632286994687e-03,1.277904102817598031e-02
8.780487804878047906e-03,3.333333333333333981e-03,4.847533632286994687e-03,1.277904102817598031e-02
8.780487804878047906e-03,3.333333333333333981e-03,4.847533632286994687e-03,1.277904102817598031e-02
8.780487804878047906e-03,3.333333333333333981e-03,4.847533632286994687e-03,1.277904102817598031e-02
8.780487804878047906e-03,3.333333333333333981e-03,4.847533632286994687e-03,1.277904102817598031e-02
8.780487804878047906e-03,3.333333333333333981e-03,4.847533632286994687e-03,1.277904102817598031e-02
8.780487804878047906e-03,3.333333333333333981e-03,4.847533632286994687e-03,1.277904102817598031e-02
8.780487804878047906e-03,3.333333333333333981e-03,4.847533632286994687e-03,1.277904102817598031e-02
8.780487804878047906e-03,3.333333333333333981e-03,4.847533632286994687e-03,1.277904102817598031e-02
8.780487804878047906e-03,3.333333333333333981e-03,4.847533632286994687e-03,1.277904102817598031e-02
8.780487804878047906e-03,3.333333333333333981e-03,4.847533632286994687e-03,1.277904102817598031e-02
8.780487804878047906e-03,3.333333333333333981e-03,4.847533632286994687e-03,1.277904102817598031e-02
8.780487804878047906e-03,3.333333333333333981e-03,4.847533632286994687e-03,1.277904102817598031e-02
8.780487804878047906e-03,3.333333333333333981e-03,4.847533632286994687e-03,1.277904102817598031e-02
8.780487804878047906e-03,3.333333333333333981e-03,4.847533632286994687e-03,1.277904102817598031e-02
8.780487804878047906e-03,3.333333333333333981e-03,4.847533632286994687e-03,1.277904102817598031e-02
8.780487804878047906e-03,3.333333333333333981e-03,4.847533632286994687e-03,1.277904102817598031e-02
8.780487804878047906e-03,3.333333333333333981e-03,4.847533632286994687e-03,1.277904102817598031e-02
8.780487804878047906e-03,3.333333333333333981e-03,4.847533632286994687e-03,1.277904102817598031e-02
8.780487804878047906e-03,3.333333333333333981e-03,4.847533632286994687e-03,1.277904102817598031e-02
8.780487804878047906e-03,3.333333333333333981e-03,4.847533632286994687e-03,1.277904102817598031e-02
8.780487804878047906e-03,3.333333333333333981e-03,4.847533632286994687e-03,1.277904102817598031e-02
8.780487804878047906e-03,3.333333333333333981e-03,4.847533632286994687e-03,1.277904102817598031e-02
8.780487804878047906e-03,3.333333333333333981e-03,4.847533632286994687e-03,1.277904102817598031e-02
8.780487804878047906e-03,3.333333333333333981e-03,4.847533632286994687e-03,1.277904102817598031e-02
8.780487804878047906e-03,3.333333333333333981e-03,4.847533632286994687e-03,1.277904102817598031e-02
8.780487804878047906e-03,3.333333333333333981e-03,4.847533632286994687e-03,1.277904102817598031e-02
8.780487804878047906e-03,3.333333333333333981e-03,4.847533632286994687e-03,1.277904102817598031e-02
8.780487804878047906e-03,3.333333333333333981e-03,4.847533632286994687e-03,1.277904102817598031e-02
8.780487804878047906e-03,3.333333333333333981e-03,4.847533632286994687e-03,1.277904102817598031e-02
8.780487804878047906e-03,3.333333333333333981e-03,4.847533632286994687e-03,1.277904102817598031e-02
8.780487804878047906e-03,3.333333333333333981e-03,4.847533632286994687e-03,1.277904102817598031e-02
8.780487804878047906e-03,3.333333333333333981e-03,4.847533632286994687e-03,1.277904102817598031e-02
8.780487804878047906e-03,3.333333333333333981e-03,4.847533632286994687e-03,1.277904102817598031e-02
8.780487804878047906e-03,3.333333333333333981e-03,4.847533632286994687e-03,1.277904102817598031e-02
8.780487804878047906e-03,3.333333333333333981e-03,4.847533632286994687e-03,1.277904102817598031e-02
8.780487804878047906e-03,3.333333333333333981e-03,4.847533632286994687e-03,1.277904102817598031e-02
8.780487804878047906e-03,3.333333333333333981e-03,4.847533632286994687e-03,1.277904102817598031e-02
8.780487804878047906e-03,3.333333333333333981e-03,4.847533632286994687e-03,1.277904102817598031e-02
8.780487804878047906e-03,3.333333333333333981e-03,4.847533632286994687e-03,1.277904102817598031e-02
8.780487804878047906e-03,3.333333333333333981e-03,4.847533632286994687e-03,1.277904102817598031e-02
8.780487804878047906e-03,3.333333333333333981e-03,4.847533632286994687e-03,1.277904102817598031e-02
8.780487804878047906e-03,3.333333333333333981e-03,4.847533632286994687e-03,1.277904102817598031e-02
8.780487804878047906e-03,3.333333333333333981e-03,4.847533632286994687e-03,1.277904102817598031e-02
8.780487804878047906e-03,3.333333333333333981e-03,4.847533632286994687e-03,1.277904102817598031e-02
8.780487804878047906e-03,3.333333333333333981e-03,4.847533632286994687e-03,1.277904102817598031e-02
8.780487804878047906e-03,3.333333333333333981e-03,4.847533632286994687e-03,1.277904102817598031e-02
8.780487804878047906e-03,3.333333333333333981e-03,4.847533632286994687e-03,1.277904102817598031e-02
8.780487804878047906e-03,3.333333333333333981e-03,4.847533632286994687e-03,1.277904102817598031e-02
8.780487804878047906e-03,3.333333333333333981e-03,4.847533632286994687e-03,1.277904102817598031e-02
8.780487804878047906e-03,3.333333333333333981e-03,4.847533632286994687e-03,1.277904102817598031e-02
8.780487804878047906e-03,3.333333333333333981e-03,4.847533632286994687e-03,1.277904102817598031e-02
8.780487804878047906e-03,3.333333333333333981e-03,4.847533632286994687e-03,1.277904102817598031e-02
8.780487804878047906e-03,3.333333333333333981e-03,4.847533632286994687e-03,1.277904102817598031e-02
8.780487804878047906e-03,3.333333333333333981e-03,4.847533632286994687e-03,1.277904102817598031e-02
8.780487804878047906e-03,3.333333333333333981e-03,4.847533632286994687e-03,1.277904102817598031e-02
8.780487804878047906e-03,3.333333333333333981e-03,4.847533632286994687e-03,1.277904102817598031e-02
8.780487804878047906e-03,3.333333333333333981e-03,4.847533632286994687e-03,1.277904102817598031e-02
8.780487804878047906e-03,3.333333333333333981e-03,4.847533632286994687e-03,1.277904102817598031e-02
8.780487804878047906e-03,3.333333333333333981e-03,4.847533632286994687e-03,1.277904102817598031e-02
8.780487804878047906e-03,3.333333333333333981e-03,4.847533632286994687e-03,1.277904102817598031e-02
8.780487804878047906e-03,3.333333333333333981e-03,4.847533632286994687e-03,1.277904102817598031e-02
8.780487804878047906e-03,3.333333333333333981e-03,4.847533632286994687e-03,1.277904102817598031e-02
8.780487804878047906e-03,3.333333333333333981e-03,4.847533632286994687e-03,1.277904102817598031e-02
8.780487804878047906e-03,3.333333333333333981e-03,4.847533632286994687e-03,1.277904102817598031e-02
8.780487804878047906e-03,3.333333333333333981e-03,4.847533632286994687e-03,1.277904102817598031e-02
8.780487804878047906e-03,3.333333333333333981e-03,4.847533632286994687e-03,1.277904102817598031e-02
8.780487804878047906e-03,3.333333333333333981e-03,4.847533632286994687e-03,1.277904102817598031e-02
8.780487804878047906e-03,3.333333333333333981e-03,4.847533632286994687e-03,1.277904102817598031e-02
8.780487804878047906e-03,3.333333333333333981e-03,4.847533632286994687e-03,1.277904102817598031e-02
8.780487804878047906e-03,3.333333333333333981e-03,4.847533632286994687e-03,1.277904102817598031e-02
8.780487804878047906e-03,3.333333333333333981e-03,4.847533632286994687e-03,1.277904102817598031e-02
8.780487804878047906e-03,3.333333333333333981e-03,4.847533632286994687e-03,1.277904102817598031e-02
8.780487804878047906e-03,3.333333333333333981e-03,4.847533632286994687e-03,1.277904102817598031e-02
8.780487804878047906e-03,3.333333333333333981e-03,4.847533632286994687e-03,1.277904102817598031e-02
8.780487804878047906e-03,3.333333333333333981e-03,4.847533632286994687e-03,1.277904102817598031e-02
8.780487804878047906e-03,3.333333333333333981e-03,4.847533632286994687e-03,1.277904102817598031e-02
8.780487804878047906e-03,3.333333333333333981e-03,4.847533632286994687e-03,1.277904102817598031e-02
8.780487804878047906e-03,3.333333333333333981e-03,4.847533632286994687e-03,1.277904102817598031e-02
8.780487804878047906e-03,3.333333333333333981e-03,4.847533632286994687e-03,1.277904102817598031e-02
8.780487804878047906e-03,3.333333333333333981e-03,4.847533632286994687e-03,1.277904102817598031e-02
8.780487804878047906e-03,3.333333333333333981e-03,4.847533632286994687e-03,1.277904102817598031e-02
8.780487804878047906e-03,3.333333333333333981e-03,4.847533632286994687e-03,1.277904102817598031e-02
8.780487804878047906e-03,3.333333333333333981e-03,4.847533632286994687e-03,1.277904102817598031e-02
8.780487804878047906e-03,3.333333333333333981e-03,4.847533632286994687e-03,1.277904102817598031e-02
8.780487804878047906e-03,3.333333333333333981e-03,4.847533632286994687e-03,1.277904102817598031e-02
8.780487804878047906e-03,3.333333333333333981e-03,4.847533632286994687e-03,1.277904102817598031e-02
8.780487804878047906e-03,3.333333333333333981e-03,4.847533632286994687e-03,1.277904102817598031e-02
8.780487804878047906e-03,3.333333333333333981e-03,4.847533632286994687e-03,1.277904102817598031e-02
8.780487804878047906e-03,3.333333333333333981e-03,4.847533632286994687e-03,1.277904102817598031e-02
8.780487804878047906e-03,3.333333333333333981e-03,4.847533632286994687e-03,1.277904102817598031e-02
8.780487804878047906e-03,3.333333333333333981e-03,4.847533632286994687e-03,1.277904102817598031e-02
8.780487804878047906e-03,3.333333333333333981e-03,4.847533632286994687e-03,1.277904102817598031e-02
8.780487804878047906e-03,3.333333333333333981e-03,4.847533632286994687e-03,1.277904102817598031e-02
8.780487804878047906e-03,3.333333333333333981e-03,4.847533632286994687e-03,1.277904102817598031e-02
8.780487804878047906e-03,3.333333333333333981e-03,4.847533632286994687e-03,1.277904102817598031e-02
8.780487804878047906e-03,3.333333333333333981e-03,4.847533632286994687e-03,1.277904102817598031e-02
8.780487804878047906e-03,3.333333333333333981e-03,4.847533632286994687e-03,1.277904102817598031e-02
8.780487804878047906e-03,3.333333333333333981e-03,4.847533632286994687e-03,1.277904102817598031e-02
8.780487804878047906e-03,3.333333333333333981e-03,4.847533632286994687e-03,1.277904102817598031e-02
8.780487804878047906e-03,3.333333333333333981e-03,4.847533632286994687e-03,1.277904102817598031e-02
8.780487804878047906e-03,3.333333333333333981e-03,4.847533632286994687e-03,1.277904102817598031e-02
8.780487804878047906e-03,3.333333333333333981e-03,4.847533632286994687e-03,1.277904102817598031e-02
8.780487804878047906e-03,3.333333333333333981e-03,4.847533632286994687e-03,1.277904102817598031e-02
8.780487804878047906e-03,3.333333333333333981e-03,4.847533632286994687e-03,1.277904102817598031e-02
8.780487804878047906e-03,3.333333333333333981e-03,4.847533632286994687e-03,1.277904102817598031e-02
8.780487804878047906e-03,3.333333333333333981e-03,4.847533632286994687e-03,1.277904102817598031e-02
8.780487804878047906e-03,3.333333333333333981e-03,4.847533632286994687e-03,1.277904102817598031e-02
8.780487804878047906e-03,3.333333333333333981e-03,4.847533632286994687e-03,1.277904102817598031e-02
8.780487804878047906e-03,3.333333333333333981e-03,4.847533632286994687e-03,1.277904102817598031e-02
8.780487804878047906e-03,3.333333333333333981e-03,4.847533632286994687e-03,1.277904102817598031e-02
8.780487804878047906e-03,3.333333333333333981e-03,4.847533632286994687e-03,1.277904102817598031e-02
8.780487804878047906e-03,3.333333333333333981e-03,4.847533632286994687e-03,1.277904102817598031e-02
8.780487804878047906e-03,3.333333333333333981e-03,4.847533632286994687e-03,1.277904102817598031e-02
8.780487804878047906e-03,3.333333333333333981e-03,4.847533632286994687e-03,1.277904102817598031e-02
8.780487804878047906e-03,3.333333333333333981e-03,4.847533632286994687e-03,1.277904102817598031e-02
8.780487804878047906e-03,3.333333333333333981e-03,4.847533632286994687e-03,1.277904102817598031e-02
8.780487804878047906e-03,3.333333333333333981e-03,4.847533632286994687e-03,1.277904102817598031e-02
8.780487804878047906e-03,3.333333333333333981e-03,4.847533632286994687e-03,1.277904102817598031e-02
8.780487804878047906e-03,3.333333333333333981e-03,4.847533632286994687e-03,1.277904102817598031e-02
8.780487804878047906e-03,3.333333333333333981e-03,4.847533632286994687e-03,1.277904102817598031e-02
8.780487804878047906e-03,3.333333333333333981e-03,4.847533632286994687e-03,1.277904102817598031e-02
8.780487804878047906e-03,3.333333333333333981e-03,4.847533632286994687e-03,1.277904102817598031e-02
8.780487804878047906e-03,3.333333333333333981e-03,4.847533632286994687e-03,1.277904102817598031e-02
8.780487804878047906e-03,3.333333333333333981e-03,4.847533632286994687e-03,1.277904102817598031e-02
8.780487804878047906e-03,3.333333333333333981e-03,4.847533632286994687e-03,1.277904102817598031e-02
8.780487804878047906e-03,3.333333333333333981e-03,4.847533632286994687e-03,1.277904102817598031e-02
8.780487804878047906e-03,3.333333333333333981e-03,4.847533632286994687e-03,1.277904102817598031e-02
8.780487804878047906e-03,3.333333333333333981e-03,4.847533632286994687e-03,1.277904102817598031e-02
8.780487804878047906e-03,3.333333333333333981e-03,4.847533632286994687e-03,1.277904102817598031e-02
8.780487804878047906e-03,3.333333333333333981e-03,4.847533632286994687e-03,1.277904102817598031e-02
8.780487804878047906e-03,3.333333333333333981e-03,4.847533632286994687e-03,1.277904102817598031e-02
8.780487804878047906e-03,3.333333333333333981e-03,4.847533632286994687e-03,1.277904102817598031e-02
8.780487804878047906e-03,3.333333333333333981e-03,4.847533632286994687e-03,1.277904102817598031e-02
8.780487804878047906e-03,3.333333333333333981e-03,4.847533632286994687e-03,1.277904102817598031e-02
8.780487804878047906e-03,3.333333333333333981e-03,4.847533632286994687e-03,1.277904102817598031e-02
8.780487804878047906e-03,3.333333333333333981e-03,4.847533632286994687e-03,1.277904102817598031e-02
8.780487804878047906e-03,3.333333333333333981e-03,4.847533632286994687e-03,1.277904102817598031e-02
8.780487804878047906e-03,3.333333333333333981e-03,4.847533632286994687e-03,1.277904102817598031e-02
8.780487804878047906e-03,3.333333333333333981e-03,4.847533632286994687e-03,1.277904102817598031e-02
8.780487804878047906e-03,3.333333333333333981e-03,4.847533632286994687e-03,1.277904102817598031e-02
8.780487804878047906e-03,3.333333333333333981e-03,4.847533632286994687e-03,1.277904102817598031e-02
8.780487804878047906e-03,3.333333333333333981e-03,4.847533632286994687e-03,1.277904102817598031e-02
8.780487804878047906e-03,3.333333333333333981e-03,4.847533632286994687e-03,1.277904102817598031e-02
8.780487804878047906e-03,3.333333333333333981e-03,4.847533632286994687e-03,1.277904102817598031e-02
8.780487804878047906e-03,3.333333333333333981e-03,4.847533632286994687e-03,1.277904102817598031e-02
8.780487804878047906e-03,3.333333333333333981e-03,4.847533632286994687e-03,1.277904102817598031e-02
8.780487804878047906e-03,3.333333333333333981e-03,4.847533632286994687e-03,1.277904102817598031e-02
8.780487804878047906e-03,3.333333333333333981e-03,4.847533632286994687e-03,1.277904102817598031e-02
8.780487804878047906e-03,3.333333333333333981e-03,4.847533632286994687e-03,1.277904102817598031e-02
8.780487804878047906e-03,3.333333333333333981e-03,4.847533632286994687e-03,1.277904102817598031e-02
8.780487804878047906e-03,3.333333333333333981e-03,4.847533632286994687e-03,1.277904102817598031e-02
8.780487804878047906e-03,3.333333333333333981e-03,4.847533632286994687e-03,1.277904102817598031e-02
8.780487804878047906e-03,3.333333333333333981e-03,4.847533632286994687e-03,1.277904102817598031e-02
8.780487804878047906e-03,3.333333333333333981e-03,4.847533632286994687e-03,1.277904102817598031e-02
8.780487804878047906e-03,3.333333333333333981e-03,4.847533632286994687e-03,1.277904102817598031e-02
8.780487804878047906e-03,3.333333333333333981e-03,4.847533632286994687e-03,1.277904102817598031e-02
8.780487804878047906e-03,3.333333333333333981e-03,4.847533632286994687e-03,1.277904102817598031e-02
8.780487804878047906e-03,3.333333333333333981e-03,4.847533632286994687e-03,1.277904102817598031e-02
8.780487804878047906e-03,3.333333333333333981e-03,4.847533632286994687e-03,1.277904102817598031e-02
8.780487804878047906e-03,3.333333333333333981e-03,4.847533632286994687e-03,1.277904102817598031e-02
8.780487804878047906e-03,3.333333333333333981e-03,4.847533632286994687e-03,1.277904102817598031e-02
8.780487804878047906e-03,3.333333333333333981e-03,4.847533632286994687e-03,1.277904102817598031e-02
8.780487804878047906e-03,3.333333333333333981e-03,4.847533632286994687e-03,1.277904102817598031e-02
8.780487804878047906e-03,3.333333333333333981e-03,4.847533632286994687e-03,1.277904102817598031e-02
8.780487804878047906e-03,3.333333333333333981e-03,4.847533632286994687e-03,1.277904102817598031e-02
8.780487804878047906e-03,3.333333333333333981e-03,4.847533632286994687e-03,1.277904102817598031e-02
8.780487804878047906e-03,3.333333333333333981e-03,4.847533632286994687e-03,1.277904102817598031e-02
8.780487804878047906e-03,3.333333333333333981e-03,4.847533632286994687e-03,1.277904102817598031e-02
8.780487804878047906e-03,3.333333333333333981e-03,4.847533632286994687e-03,1.277904102817598031e-02
8.780487804878047906e-03,3.333333333333333981e-03,4.847533632286994687e-03,1.277904102817598031e-02
8.780487804878047906e-03,3.333333333333333981e-03,4.847533632286994687e-03,1.277904102817598031e-02
8.780487804878047906e-03,3.333333333333333981e-03,4.847533632286994687e-03,1.277904102817598031e-02
8.780487804878047906e-03,3.333333333333333981e-03,4.847533632286994687e-03,1.277904102817598031e-02
8.780487804878047906e-03,3.333333333333333981e-03,4.847533632286994687e-03,1.277904102817598031e-02
8.780487804878047906e-03,3.333333333333333981e-03,4.847533632286994687e-03,1.277904102817598031e-02
8.780487804878047906e-03,3.333333333333333981e-03,4.847533632286994687e-03,1.277904102817598031e-02
8.780487804878047906e-03,3.333333333333333981e-03,4.847533632286994687e-03,1.277904102817598031e-02
8.780487804878047906e-03,3.333333333333333981e-03,4.847533632286994687e-03,1.277904102817598031e-02
8.780487804878047906e-03,3.333333333333333981e-03,4.847533632286994687e-03,1.277904102817598031e-02
8.780487804878047906e-03,3.333333333333333981e-03,4.847533632286994687e-03,1.277904102817598031e-02
8.780487804878047906e-03,3.333333333333333981e-03,4.847533632286994687e-03,1.277904102817598031e-02
8.780487804878047906e-03,3.333333333333333981e-03,4.847533632286994687e-03,1.277904102817598031e-02
8.780487804878047906e-03,3.333333333333333981e-03,4.847533632286994687e-03,1.277904102817598031e-02
8.780487804878047906e-03,3.333333333333333981e-03,4.847533632286994687e-03,1.277904102817598031e-02
8.780487804878047906e-03,3.333333333333333981e-03,4.847533632286994687e-03,1.277904102817598031e-02
8.780487804878047906e-03,3.333333333333333981e-03,4.847533632286994687e-03,1.277904102817598031e-02
8.780487804878047906e-03,3.333333333333333981e-03,4.847533632286994687e-03,1.277904102817598031e-02
8.780487804878047906e-03,3.333333333333333981e-03,4.847533632286994687e-03,1.277904102817598031e-02
8.780487804878047906e-03,3.333333333333333981e-03,4.847533632286994687e-03,1.277904102817598031e-02
8.780487804878047906e-03,3.333333333333333981e-03,4.847533632286994687e-03,1.277904102817598031e-02
8.780487804878047906e-03,3.333333333333333981e-03,4.847533632286994687e-03,1.277904102817598031e-02
8.780487804878047906e-03,3.333333333333333981e-03,4.847533632286994687e-03,1.277904102817598031e-02
8.780487804878047906e-03,3.333333333333333981e-03,4.847533632286994687e-03,1.277904102817598031e-02
8.780487804878047906e-03,3.333333333333333981e-03,4.847533632286994687e-03,1.277904102817598031e-02
8.780487804878047906e-03,3.333333333333333981e-03,4.847533632286994687e-03,1.277904102817598031e-02
8.780487804878047906e-03,3.333333333333333981e-03,4.847533632286994687e-03,1.277904102817598031e-02
8.780487804878047906e-03,3.333333333333333981e-03,4.847533632286994687e-03,1.277904102817598031e-02
8.780487804878047906e-03,3.333333333333333981e-03,4.847533632286994687e-03,1.277904102817598031e-02
8.780487804878047906e-03,3.333333333333333981e-03,4.847533632286994687e-03,1.277904102817598031e-02
8.780487804878047906e-03,3.333333333333333981e-03,4.847533632286994687e-03,1.277904102817598031e-02
8.780487804878047906e-03,3.333333333333333981e-03,4.847533632286994687e-03,1.277904102817598031e-02
8.780487804878047906e-03,3.333333333333333981e-03,4.847533632286994687e-03,1.277904102817598031e-02
8.780487804878047906e-03,3.333333333333333981e-03,4.847533632286994687e-03,1.277904102817598031e-02
8.780487804878047906e-03,3.333333333333333981e-03,4.847533632286994687e-03,1.277904102817598031e-02
8.780487804878047906e-03,3.333333333333333981e-03,4.847533632286994687e-03,1.277904102817598031e-02
8.780487804878047906e-03,3.333333333333333981e-03,4.847533632286994687e-03,1.277904102817598031e-02
8.780487804878047906e-03,3.333333333333333981e-03,4.847533632286994687e-03,1.277904102817598031e-02
8.780487804878047906e-03,3.333333333333333981e-03,4.847533632286994687e-03,1.277904102817598031e-02
8.780487804878047906e-03,3.333333333333333981e-03,4.847533632286994687e-03,1.277904102817598031e-02
8.780487804878047906e-03,3.333333333333333981e-03,4.847533632286994687e-03,1.277904102817598031e-02
8.780487804878047906e-03,3.333333333333333981e-03,4.847533632286994687e-03,1.277904102817598031e-02
8.780487804878047906e-03,3.333333333333333981e-03,4.847533632286994687e-03,1.277904102817598031e-02
8.780487804878047906e-03,3.333333333333333981e-03,4.847533632286994687e-03,1.277904102817598031e-02
8.780487804878047906e-03,3.333333333333333981e-03,4.847533632286994687e-03,1.277904102817598031e-02
8.780487804878047906e-03,3.333333333333333981e-03,4.847533632286994687e-03,1.277904102817598031e-02
8.780487804878047906e-03,3.333333333333333981e-03,4.847533632286994687e-03,1.277904102817598031e-02
8.780487804878047906e-03,3.333333333333333981e-03,4.847533632286994687e-03,1.277904102817598031e-02
8.780487804878047906e-03,3.333333333333333981e-03,4.847533632286994687e-03,1.277904102817598031e-02
8.780487804878047906e-03,3.333333333333333981e-03,4.847533632286994687e-03,1.277904102817598031e-02
8.780487804878047906e-03,3.333333333333333981e-03,4.847533632286994687e-03,1.277904102817598031e-02
8.780487804878047906e-03,3.333333333333333981e-03,4.847533632286994687e-03,1.277904102817598031e-02
8.780487804878047906e-03,3.333333333333333981e-03,4.847533632286994687e-03,1.277904102817598031e-02
8.780487804878047906e-03,3.333333333333333981e-03,4.847533632286994687e-03,1.277904102817598031e-02
8.780487804878047906e-03,3.333333333333333981e-03,4.847533632286994687e-03,1.277904102817598031e-02
8.780487804878047906e-03,3.333333333333333981e-03,4.847533632286994687e-03,1.277904102817598031e-02
8.780487804878047906e-03,3.333333333333333981e-03,4.847533632286994687e-03,1.277904102817598031e-02
8.780487804878047906e-03,3.333333333333333981e-03,4.847533632286994687e-03,1.277904102817598031e-02
8.780487804878047906e-03,3.333333333333333981e-03,4.847533632286994687e-03,1.277904102817598031e-02
8.780487804878047906e-03,3.333333333333333981e-03,4.847533632286994687e-03,1.277904102817598031e-02
8.780487804878047906e-03,3.333333333333333981e-03,4.847533632286994687e-03,1.277904102817598031e-02
8.780487804878047906e-03,3.333333333333333981e-03,4.847533632286994687e-03,1.277904102817598031e-02
8.780487804878047906e-03,3.333333333333333981e-03,4.847533632286994687e-03,1.277904102817598031e-02
8.780487804878047906e-03,3.333333333333333981e-03,4.847533632286994687e-03,1.277904102817598031e-02
8.780487804878047906e-03,3.333333333333333981e-03,4.847533632286994687e-03,1.277904102817598031e-02
8.780487804878047906e-03,3.333333333333333981e-03,4.847533632286994687e-03,1.277904102817598031e-02
8.780487804878047906e-03,3.333333333333333981e-03,4.847533632286994687e-03,1.277904102817598031e-02
8.780487804878047906e-03,3.333333333333333981e-03,4.847533632286994687e-03,1.277904102817598031e-02
8.780487804878047906e-03,3.333333333333333981e-03,4.847533632286994687e-03,1.277904102817598031e-02
8.780487804878047906e-03,3.333333333333333981e-03,4.847533632286994687e-03,1.277904102817598031e-02
8.780487804878047906e-03,3.333333333333333981e-03,4.847533632286994687e-03,1.277904102817598031e-02
8.780487804878047906e-03,3.333333333333333981e-03,4.847533632286994687e-03,1.277904102817598031e-02
8.780487804878047906e-03,3.333333333333333981e-03,4.847533632286994687e-03,1.277904102817598031e-02
8.780487804878047906e-03,3.333333333333333981e-03,4.847533632286994687e-03,1.277904102817598031e-02
8.780487804878047906e-03,3.333333333333333981e-03,4.847533632286994687e-03,1.277904102817598031e-02
8.780487804878047906e-03,3.333333333333333981e-03,4.847533632286994687e-03,1.277904102817598031e-02
8.780487804878047906e-03,3.333333333333333981e-03,4.847533632286994687e-03,1.277904102817598031e-02
8.780487804878047906e-03,3.333333333333333981e-03,4.847533632286994687e-03,1.277904102817598031e-02
8.780487804878047906e-03,3.333333333333333981e-03,4.847533632286994687e-03,1.277904102817598031e-02
8.780487804878047906e-03,3.333333333333333981e-03,4.847533632286994687e-03,1.277904102817598031e-02
8.780487804878047906e-03,3.333333333333333981e-03,4.847533632286994687e-03,1.277904102817598031e-02
8.780487804878047906e-03,3.333333333333333981e-03,4.847533632286994687e-03,1.277904102817598031e-02
8.780487804878047906e-03,3.333333333333333981e-03,4.847533632286994687e-03,1.277904102817598031e-02
8.780487804878047906e-03,3.333333333333333981e-03,4.847533632286994687e-03,1.277904102817598031e-02
8.780487804878047906e-03,3.333333333333333981e-03,4.847533632286994687e-03,1.277904102817598031e-02
8.780487804878047906e-03,3.333333333333333981e-03,4.847533632286994687e-03,1.277904102817598031e-02
8.780487804878047906e-03,3.333333333333333981e-03,4.847533632286994687e-03,1.277904102817598031e-02
8.780487804878047906e-03,3.333333333333333981e-03,4.847533632286994687e-03,1.277904102817598031e-02
8.780487804878047906e-03,3.333333333333333981e-03,4.847533632286994687e-03,1.277904102817598031e-02
8.780487804878047906e-03,3.333333333333333981e-03,4.847533632286994687e-03,1.277904102817598031e-02
8.780487804878047906e-03,3.333333333333333981e-03,4.847533632286994687e-03,1.277904102817598031e-02
8.780487804878047906e-03,3.333333333333333981e-03,4.847533632286994687e-03,1.277904102817598031e-02
8.780487804878047906e-03,3.333333333333333981e-03,4.847533632286994687e-03,1.277904102817598031e-02
8.780487804878047906e-03,3.333333333333333981e-03,4.847533632286994687e-03,1.277904102817598031e-02
8.780487804878047906e-03,3.333333333333333981e-03,4.847533632286994687e-03,1.277904102817598031e-02
8.780487804878047906e-03,3.333333333333333981e-03,4.847533632286994687e-03,1.277904102817598031e-02
8.780487804878047906e-03,3.333333333333333981e-03,4.847533632286994687e-03,1.277904102817598031e-02
8.780487804878047906e-03,3.333333333333333981e-03,4.847533632286994687e-03,1.277904102817598031e-02
8.780487804878047906e-03,3.333333333333333981e-03,4.847533632286994687e-03,1.277904102817598031e-02
8.780487804878047906e-03,3.333333333333333981e-03,4.847533632286994687e-03,1.277904102817598031e-02
8.780487804878047906e-03,3.333333333333333981e-03,4.847533632286994687e-03,1.277904102817598031e-02
8.780487804878047906e-03,3.333333333333333981e-03,4.847533632286994687e-03,1.277904102817598031e-02
8.780487804878047906e-03,3.333333333333333981e-03,4.847533632286994687e-03,1.277904102817598031e-02
8.780487804878047906e-03,3.333333333333333981e-03,4.847533632286994687e-03,1.277904102817598031e-02
8.780487804878047906e-03,3.333333333333333981e-03,4.847533632286994687e-03,1.277904102817598031e-02
8.780487804878047906e-03,3.333333333333333981e-03,4.847533632286994687e-03,1.277904102817598031e-02
8.780487804878047906e-03,3.333333333333333981e-03,4.847533632286994687e-03,1.277904102817598031e-02
8.780487804878047906e-03,3.333333333333333981e-03,4.847533632286994687e-03,1.277904102817598031e-02
8.780487804878047906e-03,3.333333333333333981e-03,4.847533632286994687e-03,1.277904102817598031e-02
8.780487804878047906e-03,3.333333333333333981e-03,4.847533632286994687e-03,1.277904102817598031e-02
8.780487804878047906e-03,3.333333333333333981e-03,4.847533632286994687e-03,1.277904102817598031e-02
8.780487804878047906e-03,3.333333333333333981e-03,4.847533632286994687e-03,1.277904102817598031e-02
8.780487804878047906e-03,3.333333333333333981e-03,4.847533632286994687e-03,1.277904102817598031e-02
8.780487804878047906e-03,3.333333333333333981e-03,4.847533632286994687e-03,1.277904102817598031e-02
8.780487804878047906e-03,3.333333333333333981e-03,4.847533632286994687e-03,1.277904102817598031e-02
8.780487804878047906e-03,3.333333333333333981e-03,4.847533632286994687e-03,1.277904102817598031e-02
8.780487804878047906e-03,3.333333333333333981e-03,4.847533632286994687e-03,1.277904102817598031e-02
8.780487804878047906e-03,3.333333333333333981e-03,4.847533632286994687e-03,1.277904102817598031e-02
8.780487804878047906e-03,3.333333333333333981e-03,4.847533632286994687e-03,1.277904102817598031e-02
8.780487804878047906e-03,3.333333333333333981e-03,4.847533632286994687e-03,1.277904102817598031e-02
8.780487804878047906e-03,3.333333333333333981e-03,4.847533632286994687e-03,1.277904102817598031e-02
8.780487804878047906e-03,3.333333333333333981e-03,4.847533632286994687e-03,1.277904102817598031e-02
8.780487804878047906e-03,3.333333333333333981e-03,4.847533632286994687e-03,1.277904102817598031e-02
8.780487804878047906e-03,3.333333333333333981e-03,4.847533632286994687e-03,1.277904102817598031e-02
8.780487804878047906e-03,3.333333333333333981e-03,4.847533632286994687e-03,1.277904102817598031e-02
8.780487804878047906e-03,3.333333333333333981e-03,4.847533632286994687e-03,1.277904102817598031e-02
8.780487804878047906e-03,3.333333333333333981e-03,4.847533632286994687e-03,1.277904102817598031e-02
8.780487804878047906e-03,3.333333333333333981e-03,4.847533632286994687e-03,1.277904102817598031e-02
8.780487804878047906e-03,3.333333333333333981e-03,4.847533632286994687e-03,1.277904102817598031e-02
8.780487804878047906e-03,3.333333333333333981e-03,4.847533632286994687e-03,1.277904102817598031e-02
8.780487804878047906e-03,3.333333333333333981e-03,4.847533632286994687e-03,1.277904102817598031e-02
8.780487804878047906e-03,3.333333333333333981e-03,4.847533632286994687e-03,1.277904102817598031e-02
8.780487804878047906e-03,3.333333333333333981e-03,4.847533632286994687e-03,1.277904102817598031e-02
8.780487804878047906e-03,3.333333333333333981e-03,4.847533632286994687e-03,1.277904102817598031e-02
8.780487804878047906e-03,3.333333333333333981e-03,4.847533632286994687e-03,1.277904102817598031e-02
8.780487804878047906e-03,3.333333333333333981e-03,4.847533632286994687e-03,1.277904102817598031e-02
8.780487804878047906e-03,3.333333333333333981e-03,4.847533632286994687e-03,1.277904102817598031e-02
8.780487804878047906e-03,3.333333333333333981e-03,4.847533632286994687e-03,1.277904102817598031e-02
8.780487804878047906e-03,3.333333333333333981e-03,4.847533632286994687e-03,1.277904102817598031e-02
8.780487804878047906e-03,3.333333333333333981e-03,4.847533632286994687e-03,1.277904102817598031e-02
8.780487804878047906e-03,3.333333333333333981e-03,4.847533632286994687e-03,1.277904102817598031e-02
8.780487804878047906e-03,3.333333333333333981e-03,4.847533632286994687e-03,1.277904102817598031e-02
8.780487804878047906e-03,3.333333333333333981e-03,4.847533632286994687e-03,1.277904102817598031e-02
8.780487804878047906e-03,3.333333333333333981e-03,4.847533632286994687e-03,1.277904102817598031e-02
8.780487804878047906e-03,3.333333333333333981e-03,4.847533632286994687e-03,1.277904102817598031e-02
8.780487804878047906e-03,3.333333333333333981e-03,4.847533632286994687e-03,1.277904102817598031e-02
8.780487804878047906e-03,3.333333333333333981e-03,4.847533632286994687e-03,1.277904102817598031e-02
8.780487804878047906e-03,3.333333333333333981e-03,4.847533632286994687e-03,1.277904102817598031e-02
8.780487804878047906e-03,3.333333333333333981e-03,4.847533632286994687e-03,1.277904102817598031e-02
8.780487804878047906e-03,3.333333333333333981e-03,4.847533632286994687e-03,1.277904102817598031e-02
8.780487804878047906e-03,3.333333333333333981e-03,4.847533632286994687e-03,1.277904102817598031e-02
8.780487804878047906e-03,3.333333333333333981e-03,4.847533632286994687e-03,1.277904102817598031e-02
8.780487804878047906e-03,3.333333333333333981e-03,4.847533632286994687e-03,1.277904102817598031e-02
8.780487804878047906e-03,3.333333333333333981e-03,4.847533632286994687e-03,1.277904102817598031e-02
8.780487804878047906e-03,3.333333333333333981e-03,4.847533632286994687e-03,1.277904102817598031e-02
8.780487804878047906e-03,3.333333333333333981e-03,4.847533632286994687e-03,1.277904102817598031e-02
8.780487804878047906e-03,3.333333333333333981e-03,4.847533632286994687e-03,1.277904102817598031e-02
8.780487804878047906e-03,3.333333333333333981e-03,4.847533632286994687e-03,1.277904102817598031e-02
8.780487804878047906e-03,3.333333333333333981e-03,4.847533632286994687e-03,1.277904102817598031e-02
8.780487804878047906e-03,3.333333333333333981e-03,4.847533632286994687e-03,1.277904102817598031e-02
8.780487804878047906e-03,3.333333333333333981e-03,4.847533632286994687e-03,1.277904102817598031e-02
8.780487804878047906e-03,3.333333333333333981e-03,4.847533632286994687e-03,1.277904102817598031e-02
8.780487804878047906e-03,3.333333333333333981e-03,4.847533632286994687e-03,1.277904102817598031e-02
8.780487804878047906e-03,3.333333333333333981e-03,4.847533632286994687e-03,1.277904102817598031e-02
8.780487804878047906e-03,3.333333333333333981e-03,4.847533632286994687e-03,1.277904102817598031e-02
8.780487804878047906e-03,3.333333333333333981e-03,4.847533632286994687e-03,1.277904102817598031e-02
8.780487804878047906e-03,3.333333333333333981e-03,4.847533632286994687e-03,1.277904102817598031e-02
8.780487804878047906e-03,3.333333333333333981e-03,4.847533632286994687e-03,1.277904102817598031e-02
8.780487804878047906e-03,3.333333333333333981e-03,4.847533632286994687e-03,1.277904102817598031e-02
8.780487804878047906e-03,3.333333333333333981e-03,4.847533632286994687e-03,1.277904102817598031e-02
8.780487804878047906e-03,3.333333333333333981e-03,4.847533632286994687e-03,1.277904102817598031e-02
8.780487804878047906e-03,3.333333333333333981e-03,4.847533632286994687e-03,1.277904102817598031e-02
8.780487804878047906e-03,3.333333333333333981e-03,4.847533632286994687e-03,1.277904102817598031e-02
8.780487804878047906e-03,3.333333333333333981e-03,4.847533632286994687e-03,1.277904102817598031e-02
8.780487804878047906e-03,3.333333333333333981e-03,4.847533632286994687e-03,1.277904102817598031e-02
8.780487804878047906e-03,3.333333333333333981e-03,4.847533632286994687e-03,1.277904102817598031e-02
8.780487804878047906e-03,3.333333333333333981e-03,4.847533632286994687e-03,1.277904102817598031e-02
8.780487804878047906e-03,3.333333333333333981e-03,4.847533632286994687e-03,1.277904102817598031e-02
8.780487804878047906e-03,3.333333333333333981e-03,4.847533632286994687e-03,1.277904102817598031e-02
8.780487804878047906e-03,3.333333333333333981e-03,4.847533632286994687e-03,1.277904102817598031e-02
8.780487804878047906e-03,3.333333333333333981e-03,4.847533632286994687e-03,1.277904102817598031e-02
8.780487804878047906e-03,3.333333333333333981e-03,4.847533632286994687e-03,1.277904102817598031e-02
8.780487804878047906e-03,3.333333333333333981e-03,4.847533632286994687e-03,1.277904102817598031e-02
8.780487804878047906e-03,3.333333333333333981e-03,4.847533632286994687e-03,1.277904102817598031e-02
8.780487804878047906e-03,3.333333333333333981e-03,4.847533632286994687e-03,1.277904102817598031e-02
8.780487804878047906e-03,3.333333333333333981e-03,4.847533632286994687e-03,1.277904102817598031e-02
8.780487804878047906e-03,3.333333333333333981e-03,4.847533632286994687e-03,1.277904102817598031e-02
8.780487804878047906e-03,3.333333333333333981e-03,4.847533632286994687e-03,1.277904102817598031e-02
8.780487804878047906e-03,3.333333333333333981e-03,4.847533632286994687e-03,1.277904102817598031e-02
8.780487804878047906e-03,3.333333333333333981e-03,4.847533632286994687e-03,1.277904102817598031e-02
8.780487804878047906e-03,3.333333333333333981e-03,4.847533632286994687e-03,1.277904102817598031e-02
8.780487804878047906e-03,3.333333333333333981e-03,4.847533632286994687e-03,1.277904102817598031e-02
8.780487804878047906e-03,3.333333333333333981e-03,4.847533632286994687e-03,1.277904102817598031e-02
8.780487804878047906e-03,3.333333333333333981e-03,4.847533632286994687e-03,1.277904102817598031e-02
8.780487804878047906e-03,3.333333333333333981e-03,4.847533632286994687e-03,1.277904102817598031e-02
8.780487804878047906e-03,3.333333333333333981e-03,4.847533632286994687e-03,1.277904102817598031e-02
8.780487804878047906e-03,3.333333333333333981e-03,4.847533632286994687e-03,1.277904102817598031e-02
8.780487804878047906e-03,3.333333333333333981e-03,4.847533632286994687e-03,1.277904102817598031e-02
8.780487804878047906e-03,3.333333333333333981e-03,4.847533632286994687e-03,1.277904102817598031e-02
8.780487804878047906e-03,3.333333333333333981e-03,4.847533632286994687e-03,1.277904102817598031e-02
8.780487804878047906e-03,3.333333333333333981e-03,4.847533632286994687e-03,1.277904102817598031e-02
8.780487804878047906e-03,3.333333333333333981e-03,4.847533632286994687e-03,1.277904102817598031e-02
8.780487804878047906e-03,3.333333333333333981e-03,4.847533632286994687e-03,1.277904102817598031e-02
8.780487804878047906e-03,3.333333333333333981e-03,4.847533632286994687e-03,1.277904102817598031e-02
8.780487804878047906e-03,3.333333333333333981e-03,4.847533632286994687e-03,1.277904102817598031e-02
8.780487804878047906e-03,3.333333333333333981e-03,4.847533632286994687e-03,1.277904102817598031e-02
8.780487804878047906e-03,3.333333333333333981e-03,4.847533632286994687e-03,1.277904102817598031e-02
8.780487804878047906e-03,3.333333333333333981e-03,4.847533632286994687e-03,1.277904102817598031e-02
8.780487804878047906e-03,3.333333333333333981e-03,4.847533632286994687e-03,1.277904102817598031e-02
8.780487804878047906e-03,3.333333333333333981e-03,4.847533632286994687e-03,1.277904102817598031e-02
8.780487804878047906e-03,3.333333333333333981e-03,4.847533632286994687e-03,1.277904102817598031e-02
8.780487804878047906e-03,3.333333333333333981e-03,4.847533632286994687e-03,1.277904102817598031e-02
8.780487804878047906e-03,3.333333333333333981e-03,4.847533632286994687e-03,1.277904102817598031e-02
8.780487804878047906e-03,3.333333333333333981e-03,4.847533632286994687e-03,1.277904102817598031e-02
8.780487804878047906e-03,3.333333333333333981e-03,4.847533632286994687e-03,1.277904102817598031e-02
8.780487804878047906e-03,3.333333333333333981e-03,4.847533632286994687e-03,1.277904102817598031e-02
8.780487804878047906e-03,3.333333333333333981e-03,4.847533632286994687e-03,1.277904102817598031e-02
8.780487804878047906e-03,3.333333333333333981e-03,4.847533632286994687e-03,1.277904102817598031e-02
8.780487804878047906e-03,3.333333333333333981e-03,4.847533632286994687e-03,1.277904102817598031e-02
8.780487804878047906e-03,3.333333333333333981e-03,4.847533632286994687e-03,1.277904102817598031e-02
8.780487804878047906e-03,3.333333333333333981e-03,4.847533632286994687e-03,1.277904102817598031e-02
8.780487804878047906e-03,3.333333333333333981e-03,4.847533632286994687e-03,1.277904102817598031e-02
8.780487804878047906e-03,3.333333333333333981e-03,4.847533632286994687e-03,1.277904102817598031e-02
8.780487804878047906e-03,3.333333333333333981e-03,4.847533632286994687e-03,1.277904102817598031e-02
8.780487804878047906e-03,3.333333333333333981e-03,4.847533632286994687e-03,1.277904102817598031e-02
8.780487804878047906e-03,3.333333333333333981e-03,4.847533632286994687e-03,1.277904102817598031e-02
8.780487804878047906e-03,3.333333333333333981e-03,4.847533632286994687e-03,1.277904102817598031e-02
8.780487804878047906e-03,3.333333333333333981e-03,4.847533632286994687e-03,1.277904102817598031e-02
8.780487804878047906e-03,3.333333333333333981e-03,4.847533632286994687e-03,1.277904102817598031e-02
8.780487804878047906e-03,3.333333333333333981e-03,4.847533632286994687e-03,1.277904102817598031e-02
8.780487804878047906e-03,3.333333333333333981e-03,4.847533632286994687e-03,1.277904102817598031e-02
8.780487804878047906e-03,3.333333333333333981e-03,4.847533632286994687e-03,1.277904102817598031e-02
8.780487804878047906e-03,3.333333333333333981e-03,4.847533632286994687e-03,1.277904102817598031e-02
8.780487804878047906e-03,3.333333333333333981e-03,4.847533632286994687e-03,1.277904102817598031e-02
8.780487804878047906e-03,3.333333333333333981e-03,4.847533632286994687e-03,1.277904102817598031e-02
8.780487804878047906e-03,3.333333333333333981e-03,4.847533632286994687e-03,1.277904102817598031e-02
8.780487804878047906e-03,3.333333333333333981e-03,4.847533632286994687e-03,1.277904102817598031e-02
8.780487804878047906e-03,3.333333333333333981e-03,4.847533632286994687e-03,1.277904102817598031e-02
8.780487804878047906e-03,3.333333333333333981e-03,4.847533632286994687e-03,1.277904102817598031e-02
8.780487804878047906e-03,3.333333333333333981e-03,4.847533632286994687e-03,1.277904102817598031e-02
8.780487804878047906e-03,3.333333333333333981e-03,4.847533632286994687e-03,1.277904102817598031e-02
8.780487804878047906e-03,3.333333333333333981e-03,4.847533632286994687e-03,1.277904102817598031e-02
8.780487804878047906e-03,3.333333333333333981e-03,4.847533632286994687e-03,1.277904102817598031e-02
8.780487804878047906e-03,3.333333333333333981e-03,4.847533632286994687e-03,1.277904102817598031e-02
8.780487804878047906e-03,3.333333333333333981e-03,4.847533632286994687e-03,1.277904102817598031e-02
8.780487804878047906e-03,3.333333333333333981e-03,4.847533632286994687e-03,1.277904102817598031e-02
8.780487804878047906e-03,3.333333333333333981e-03,4.847533632286994687e-03,1.277904102817598031e-02
8.780487804878047906e-03,3.333333333333333981e-03,4.847533632286994687e-03,1.277904102817598031e-02
8.780487804878047906e-03,3.333333333333333981e-03,4.847533632286994687e-03,1.277904102817598031e-02
8.780487804878047906e-03,3.333333333333333981e-03,4.847533632286994687e-03,1.277904102817598031e-02
8.780487804878047906e-03,3.333333333333333981e-03,4.847533632286994687e-03,1.277904102817598031e-02
8.780487804878047906e-03,3.333333333333333981e-03,4.847533632286994687e-03,1.277904102817598031e-02
8.780487804878047906e-03,3.333333333333333981e-03,4.847533632286994687e-03,1.277904102817598031e-02
8.780487804878047906e-03,3.333333333333333981e-03,4.847533632286994687e-03,1.277904102817598031e-02
8.780487804878047906e-03,3.333333333333333981e-03,4.847533632286994687e-03,1.277904102817598031e-02
8.780487804878047906e-03,3.333333333333333981e-03,4.847533632286994687e-03,1.277904102817598031e-02
8.780487804878047906e-03,3.333333333333333981e-03,4.847533632286994687e-03,1.277904102817598031e-02
8.780487804878047906e-03,3.333333333333333981e-03,4.847533632286994687e-03,1.277904102817598031e-02
8.780487804878047906e-03,3.333333333333333981e-03,4.847533632286994687e-03,1.277904102817598031e-02
8.780487804878047906e-03,3.333333333333333981e-03,4.847533632286994687e-03,1.277904102817598031e-02
8.780487804878047906e-03,3.333333333333333981e-03,4.847533632286994687e-03,1.277904102817598031e-02
8.780487804878047906e-03,3.333333333333333981e-03,4.847533632286994687e-03,1.277904102817598031e-02
8.780487804878047906e-03,3.333333333333333981e-03,4.847533632286994687e-03,1.277904102817598031e-02
8.780487804878047906e-03,3.333333333333333981e-03,4.847533632286994687e-03,1.277904102817598031e-02
8.780487804878047906e-03,3.333333333333333981e-03,4.847533632286994687e-03,1.277904102817598031e-02
8.780487804878047906e-03,3.333333333333333981e-03,4.847533632286994687e-03,1.277904102817598031e-02
8.780487804878047906e-03,3.333333333333333981e-03,4.847533632286994687e-03,1.277904102817598031e-02
8.780487804878047906e-03,3.333333333333333981e-03,4.847533632286994687e-03,1.277904102817598031e-02
8.780487804878047906e-03,3.333333333333333981e-03,4.847533632286994687e-03,1.277904102817598031e-02
8.780487804878047906e-03,3.333333333333333981e-03,4.847533632286994687e-03,1.277904102817598031e-02
8.780487804878047906e-03,3.333333333333333981e-03,4.847533632286994687e-03,1.277904102817598031e-02
8.780487804878047906e-03,3.333333333333333981e-03,4.847533632286994687e-03,1.277904102817598031e-02
8.780487804878047906e-03,3.333333333333333981e-03,4.847533632286994687e-03,1.277904102817598031e-02
8.780487804878047906e-03,3.333333333333333981e-03,4.847533632286994687e-03,1.277904102817598031e-02
8.780487804878047906e-03,3.333333333333333981e-03,4.847533632286994687e-03,1.277904102817598031e-02
8.780487804878047906e-03,3.333333333333333981e-03,4.847533632286994687e-03,1.277904102817598031e-02
8.780487804878047906e-03,3.333333333333333981e-03,4.847533632286994687e-03,1.277904102817598031e-02
8.780487804878047906e-03,3.333333333333333981e-03,4.847533632286994687e-03,1.277904102817598031e-02
8.780487804878047906e-03,3.333333333333333981e-03,4.847533632286994687e-03,1.277904102817598031e-02
8.780487804878047906e-03,3.333333333333333981e-03,4.847533632286994687e-03,1.277904102817598031e-02
8.780487804878047906e-03,3.333333333333333981e-03,4.847533632286994687e-03,1.277904102817598031e-02
8.780487804878047906e-03,3.333333333333333981e-03,4.847533632286994687e-03,1.277904102817598031e-02
8.780487804878047906e-03,3.333333333333333981e-03,4.847533632286994687e-03,1.277904102817598031e-02
8.780487804878047906e-03,3.333333333333333981e-03,4.847533632286994687e-03,1.277904102817598031e-02
8.780487804878047906e-03,3.333333333333333981e-03,4.847533632286994687e-03,1.277904102817598031e-02
8.780487804878047906e-03,3.333333333333333981e-03,4.847533632286994687e-03,1.277904102817598031e-02
8.780487804878047906e-03,3.333333333333333981e-03,4.847533632286994687e-03,1.277904102817598031e-02
8.780487804878047906e-03,3.333333333333333981e-03,4.847533632286994687e-03,1.277904102817598031e-02
8.780487804878047906e-03,3.333333333333333981e-03,4.847533632286994687e-03,1.277904102817598031e-02
8.780487804878047906e-03,3.333333333333333981e-03,4.847533632286994687e-03,1.277904102817598031e-02
8.780487804878047906e-03,3.333333333333333981e-03,4.847533632286994687e-03,1.277904102817598031e-02
8.780487804878047906e-03,3.333333333333333981e-03,4.847533632286994687e-03,1.277904102817598031e-02
8.780487804878047906e-03,3.333333333333333981e-03,4.847533632286994687e-03,1.277904102817598031e-02
8.780487804878047906e-03,3.333333333333333981e-03,4.847533632286994687e-03,1.277904102817598031e-02
8.780487804878047906e-03,3.333333333333333981e-03,4.847533632286994687e-03,1.277904102817598031e-02
8.780487804878047906e-03,3.333333333333333981e-03,4.847533632286994687e-03,1.277904102817598031e-02
8.780487804878047906e-03,3.333333333333333981e-03,4.847533632286994687e-03,1.277904102817598031e-02
8.780487804878047906e-03,3.333333333333333981e-03,4.847533632286994687e-03,1.277904102817598031e-02
8.780487804878047906e-03,3.333333333333333981e-03,4.847533632286994687e-03,1.277904102817598031e-02
8.780487804878047906e-03,3.333333333333333981e-03,4.847533632286994687e-03,1.277904102817598031e-02
8.780487804878047906e-03,3.333333333333333981e-03,4.847533632286994687e-03,1.277904102817598031e-02
8.780487804878047906e-03,3.333333333333333981e-03,4.847533632286994687e-03,1.277904102817598031e-02
8.780487804878047906e-03,3.333333333333333981e-03,4.847533632286994687e-03,1.277904102817598031e-02
8.780487804878047906e-03,3.333333333333333981e-03,4.847533632286994687e-03,1.277904102817598031e-02
8.780487804878047906e-03,3.333333333333333981e-03,4.847533632286994687e-03,1.277904102817598031e-02
8.780487804878047906e-03,3.333333333333333981e-03,4.847533632286994687e-03,1.277904102817598031e-02
8.780487804878047906e-03,3.333333333333333981e-03,4.847533632286994687e-03,1.277904102817598031e-02
8.780487804878047906e-03,3.333333333333333981e-03,4.847533632286994687e-03,1.277904102817598031e-02
8.780487804878047906e-03,3.333333333333333981e-03,4.847533632286994687e-03,1.277904102817598031e-02
8.780487804878047906e-03,3.333333333333333981e-03,4.847533632286994687e-03,1.277904102817598031e-02
8.780487804878047906e-03,3.333333333333333981e-03,4.847533632286994687e-03,1.277904102817598031e-02
8.780487804878047906e-03,3.333333333333333981e-03,4.847533632286994687e-03,1.277904102817598031e-02
8.780487804878047906e-03,3.333333333333333981e-03,4.847533632286994687e-03,1.277904102817598031e-02
8.780487804878047906e-03,3.333333333333333981e-03,4.847533632286994687e-03,1.277904102817598031e-02
8.780487804878047906e-03,3.333333333333333981e-03,4.847533632286994687e-03,1.277904102817598031e-02
8.780487804878047906e-03,3.333333333333333981e-03,4.847533632286994687e-03,1.277904102817598031e-02
8.780487804878047906e-03,3.333333333333333981e-03,4.847533632286994687e-03,1.277904102817598031e-02
8.780487804878047906e-03,3.333333333333333981e-03,4.847533632286994687e-03,1.277904102817598031e-02
8.780487804878047906e-03,3.333333333333333981e-03,4.847533632286994687e-03,1.277904102817598031e-02
8.780487804878047906e-03,3.333333333333333981e-03,4.847533632286994687e-03,1.277904102817598031e-02
8.780487804878047906e-03,3.333333333333333981e-03,4.847533632286994687e-03,1.277904102817598031e-02
8.780487804878047906e-03,3.333333333333333981e-03,4.847533632286994687e-03,1.277904102817598031e-02
8.780487804878047906e-03,3.333333333333333981e-03,4.847533632286994687e-03,1.277904102817598031e-02
8.780487804878047906e-03,3.333333333333333981e-03,4.847533632286994687e-03,1.277904102817598031e-02
8.780487804878047906e-03,3.333333333333333981e-03,4.847533632286994687e-03,1.277904102817598031e-02
8.780487804878047906e-03,3.333333333333333981e-03,4.847533632286994687e-03,1.277904102817598031e-02
8.780487804878047906e-03,3.333333333333333981e-03,4.847533632286994687e-03,1.277904102817598031e-02
8.780487804878047906e-03,3.333333333333333981e-03,4.847533632286994687e-03,1.277904102817598031e-02
8.780487804878047906e-03,3.333333333333333981e-03,4.847533632286994687e-03,1.277904102817598031e-02
8.780487804878047906e-03,3.333333333333333981e-03,4.847533632286994687e-03,1.277904102817598031e-02
8.780487804878047906e-03,3.333333333333333981e-03,4.847533632286994687e-03,1.277904102817598031e-02
8.780487804878047906e-03,3.333333333333333981e-03,4.847533632286994687e-03,1.277904102817598031e-02
8.780487804878047906e-03,3.333333333333333981e-03,4.847533632286994687e-03,1.277904102817598031e-02
8.780487804878047906e-03,3.333333333333333981e-03,4.847533632286994687e-03,1.277904102817598031e-02
8.780487804878047906e-03,3.333333333333333981e-03,4.847533632286994687e-03,1.277904102817598031e-02
8.780487804878047906e-03,3.333333333333333981e-03,4.847533632286994687e-03,1.277904102817598031e-02
8.780487804878047906e-03,3.333333333333333981e-03,4.847533632286994687e-03,1.277904102817598031e-02
8.780487804878047906e-03,3.333333333333333981e-03,4.847533632286994687e-03,1.277904102817598031e-02
8.780487804878047906e-03,3.333333333333333981e-03,4.847533632286994687e-03,1.277904102817598031e-02
8.780487804878047906e-03,3.333333333333333981e-03,4.847533632286994687e-03,1.277904102817598031e-02
8.780487804878047906e-03,3.333333333333333981e-03,4.847533632286994687e-03,1.277904102817598031e-02
8.780487804878047906e-03,3.333333333333333981e-03,4.847533632286994687e-03,1.277904102817598031e-02
8.780487804878047906e-03,3.333333333333333981e-03,4.847533632286994687e-03,1.277904102817598031e-02
8.780487804878047906e-03,3.333333333333333981e-03,4.847533632286994687e-03,1.277904102817598031e-02
8.780487804878047906e-03,3.333333333333333981e-03,4.847533632286994687e-03,1.277904102817598031e-02
8.780487804878047906e-03,3.333333333333333981e-03,4.847533632286994687e-03,1.277904102817598031e-02
8.780487804878047906e-03,3.333333333333333981e-03,4.847533632286994687e-03,1.277904102817598031e-02
8.780487804878047906e-03,3.333333333333333981e-03,4.847533632286994687e-03,1.277904102817598031e-02
8.780487804878047906e-03,3.333333333333333981e-03,4.847533632286994687e-03,1.277904102817598031e-02
8.780487804878047906e-03,3.333333333333333981e-03,4.847533632286994687e-03,1.277904102817598031e-02
8.780487804878047906e-03,3.333333333333333981e-03,4.847533632286994687e-03,1.277904102817598031e-02
8.780487804878047906e-03,3.333333333333333981e-03,4.847533632286994687e-03,1.277904102817598031e-02
8.780487804878047906e-03,3.333333333333333981e-03,4.847533632286994687e-03,1.277904102817598031e-02
8.780487804878047906e-03,3.333333333333333981e-03,4.847533632286994687e-03,1.277904102817598031e-02
8.780487804878047906e-03,3.333333333333333981e-03,4.847533632286994687e-03,1.277904102817598031e-02
8.780487804878047906e-03,3.333333333333333981e-03,4.847533632286994687e-03,1.277904102817598031e-02
8.780487804878047906e-03,3.333333333333333981e-03,4.847533632286994687e-03,1.277904102817598031e-02
8.780487804878047906e-03,3.333333333333333981e-03,4.847533632286994687e-03,1.277904102817598031e-02
8.780487804878047906e-03,3.333333333333333981e-03,4.847533632286994687e-03,1.277904102817598031e-02
8.780487804878047906e-03,3.333333333333333981e-03,4.847533632286994687e-03,1.277904102817598031e-02
8.780487804878047906e-03,3.333333333333333981e-03,4.847533632286994687e-03,1.277904102817598031e-02
8.780487804878047906e-03,3.333333333333333981e-03,4.847533632286994687e-03,1.277904102817598031e-02
8.780487804878047906e-03,3.333333333333333981e-03,4.847533632286994687e-03,1.277904102817598031e-02
8.780487804878047906e-03,3.333333333333333981e-03,4.847533632286994687e-03,1.277904102817598031e-02
8.780487804878047906e-03,3.333333333333333981e-03,4.847533632286994687e-03,1.277904102817598031e-02
8.780487804878047906e-03,3.333333333333333981e-03,4.847533632286994687e-03,1.277904102817598031e-02
8.780487804878047906e-03,3.333333333333333981e-03,4.847533632286994687e-03,1.277904102817598031e-02
8.780487804878047906e-03,3.333333333333333981e-03,4.847533632286994687e-03,1.277904102817598031e-02
8.780487804878047906e-03,3.333333333333333981e-03,4.847533632286994687e-03,1.277904102817598031e-02
8.780487804878047906e-03,3.333333333333333981e-03,4.847533632286994687e-03,1.277904102817598031e-02
8.780487804878047906e-03,3.333333333333333981e-03,4.847533632286994687e-03,1.277904102817598031e-02
8.780487804878047906e-03,3.333333333333333981e-03,4.847533632286994687e-03,1.277904102817598031e-02
8.780487804878047906e-03,3.333333333333333981e-03,4.847533632286994687e-03,1.277904102817598031e-02
8.780487804878047906e-03,3.333333333333333981e-03,4.847533632286994687e-03,1.277904102817598031e-02
8.780487804878047906e-03,3.333333333333333981e-03,4.847533632286994687e-03,1.277904102817598031e-02
8.780487804878047906e-03,3.333333333333333981e-03,4.847533632286994687e-03,1.277904102817598031e-02
8.780487804878047906e-03,3.333333333333333981e-03,4.847533632286994687e-03,1.277904102817598031e-02
8.780487804878047906e-03,3.333333333333333981e-03,4.847533632286994687e-03,1.277904102817598031e-02
8.780487804878047906e-03,3.333333333333333981e-03,4.847533632286994687e-03,1.277904102817598031e-02
8.780487804878047906e-03,3.333333333333333981e-03,4.847533632286994687e-03,1.277904102817598031e-02
8.780487804878047906e-03,3.333333333333333981e-03,4.847533632286994687e-03,1.277904102817598031e-02
8.780487804878047906e-03,3.333333333333333981e-03,4.847533632286994687e-03,1.277904102817598031e-02
8.780487804878047906e-03,3.333333333333333981e-03,4.847533632286994687e-03,1.277904102817598031e-02
8.780487804878047906e-03,3.333333333333333981e-03,4.847533632286994687e-03,1.277904102817598031e-02
8.780487804878047906e-03,3.333333333333333981e-03,4.847533632286994687e-03,1.277904102817598031e-02
8.780487804878047906e-03,3.333333333333333981e-03,4.847533632286994687e-03,1.277904102817598031e-02
8.780487804878047906e-03,3.333333333333333981e-03,4.847533632286994687e-03,1.277904102817598031e-02
8.780487804878047906e-03,3.333333333333333981e-03,4.847533632286994687e-03,1.277904102817598031e-02
8.780487804878047906e-03,3.333333333333333981e-03,4.847533632286994687e-03,1.277904102817598031e-02
8.780487804878047906e-03,3.333333333333333981e-03,4.847533632286994687e-03,1.277904102817598031e-02
8.780487804878047906e-03,3.333333333333333981e-03,4.847533632286994687e-03,1.277904102817598031e-02
8.780487804878047906e-03,3.333333333333333981e-03,4.847533632286994687e-03,1.277904102817598031e-02
8.780487804878047906e-03,3.333333333333333981e-03,4.847533632286994687e-03,1.277904102817598031e-02
8.780487804878047906e-03,3.333333333333333981e-03,4.847533632286994687e-03,1.277904102817598031e-02
8.780487804878047906e-03,3.333333333333333981e-03,4.847533632286994687e-03,1.277904102817598031e-02
8.780487804878047906e-03,3.333333333333333981e-03,4.847533632286994687e-03,1.277904102817598031e-02
8.780487804878047906e-03,3.333333333333333981e-03,4.847533632286994687e-03,1.277904102817598031e-02
8.780487804878047906e-03,3.333333333333333981e-03,4.847533632286994687e-03,1.277904102817598031e-02
8.780487804878047906e-03,3.333333333333333981e-03,4.847533632286994687e-03,1.277904102817598031e-02
8.780487804878047906e-03,3.333333333333333981e-03,4.847533632286994687e-03,1.277904102817598031e-02
8.780487804878047906e-03,3.333333333333333981e-03,4.847533632286994687e-03,1.277904102817598031e-02
8.780487804878047906e-03,3.333333333333333981e-03,4.847533632286994687e-03,1.277904102817598031e-02
8.780487804878047906e-03,3.333333333333333981e-03,4.847533632286994687e-03,1.277904102817598031e-02
8.780487804878047906e-03,3.333333333333333981e-03,4.847533632286994687e-03,1.277904102817598031e-02
8.780487804878047906e-03,3.333333333333333981e-03,4.847533632286994687e-03,1.277904102817598031e-02
8.780487804878047906e-03,3.333333333333333981e-03,4.847533632286994687e-03,1.277904102817598031e-02
8.780487804878047906e-03,3.333333333333333981e-03,4.847533632286994687e-03,1.277904102817598031e-02
8.780487804878047906e-03,3.333333333333333981e-03,4.847533632286994687e-03,1.277904102817598031e-02
8.780487804878047906e-03,3.333333333333333981e-03,4.847533632286994687e-03,1.277904102817598031e-02
8.780487804878047906e-03,3.333333333333333981e-03,4.847533632286994687e-03,1.277904102817598031e-02
8.780487804878047906e-03,3.333333333333333981e-03,4.847533632286994687e-03,1.277904102817598031e-02
8.780487804878047906e-03,3.333333333333333981e-03,4.847533632286994687e-03,1.277904102817598031e-02
8.780487804878047906e-03,3.333333333333333981e-03,4.847533632286994687e-03,1.277904102817598031e-02
8.780487804878047906e-03,3.333333333333333981e-03,4.847533632286994687e-03,1.277904102817598031e-02
8.780487804878047906e-03,3.333333333333333981e-03,4.847533632286994687e-03,1.277904102817598031e-02
8.780487804878047906e-03,3.333333333333333981e-03,4.847533632286994687e-03,1.277904102817598031e-02
8.780487804878047906e-03,3.333333333333333981e-03,4.847533632286994687e-03,1.277904102817598031e-02
8.780487804878047906e-03,3.333333333333333981e-03,4.847533632286994687e-03,1.277904102817598031e-02
8.780487804878047906e-03,3.333333333333333981e-03,4.847533632286994687e-03,1.277904102817598031e-02
8.780487804878047906e-03,3.333333333333333981e-03,4.847533632286994687e-03,1.277904102817598031e-02
8.780487804878047906e-03,3.333333333333333981e-03,4.847533632286994687e-03,1.277904102817598031e-02
8.780487804878047906e-03,3.333333333333333981e-03,4.847533632286994687e-03,1.277904102817598031e-02
8.780487804878047906e-03,3.333333333333333981e-03,4.847533632286994687e-03,1.277904102817598031e-02
8.780487804878047906e-03,3.333333333333333981e-03,4.847533632286994687e-03,1.277904102817598031e-02
8.780487804878047906e-03,3.333333333333333981e-03,4.847533632286994687e-03,1.277904102817598031e-02
8.780487804878047906e-03,3.333333333333333981e-03,4.847533632286994687e-03,1.277904102817598031e-02
8.780487804878047906e-03,3.333333333333333981e-03,4.847533632286994687e-03,1.277904102817598031e-02
8.780487804878047906e-03,3.333333333333333981e-03,4.847533632286994687e-03,1.277904102817598031e-02
8.780487804878047906e-03,3.333333333333333981e-03,4.847533632286994687e-03,1.277904102817598031e-02
8.780487804878047906e-03,3.333333333333333981e-03,4.847533632286994687e-03,1.277904102817598031e-02
8.780487804878047906e-03,3.333333333333333981e-03,4.847533632286994687e-03,1.277904102817598031e-02
8.780487804878047906e-03,3.333333333333333981e-03,4.847533632286994687e-03,1.277904102817598031e-02
8.780487804878047906e-03,3.333333333333333981e-03,4.847533632286994687e-03,1.277904102817598031e-02
8.780487804878047906e-03,3.333333333333333981e-03,4.847533632286994687e-03,1.277904102817598031e-02
8.780487804878047906e-03,3.333333333333333981e-03,4.847533632286994687e-03,1.277904102817598031e-02
8.780487804878047906e-03,3.333333333333333981e-03,4.847533632286994687e-03,1.277904102817598031e-02
8.780487804878047906e-03,3.333333333333333981e-03,4.847533632286994687e-03,1.277904102817598031e-02
8.780487804878047906e-03,3.333333333333333981e-03,4.847533632286994687e-03,1.277904102817598031e-02
8.780487804878047906e-03,3.333333333333333981e-03,4.847533632286994687e-03,1.277904102817598031e-02
8.780487804878047906e-03,3.333333333333333981e-03,4.847533632286994687e-03,1.277904102817598031e-02
8.780487804878047906e-03,3.333333333333333981e-03,4.847533632286994687e-03,1.277904102817598031e-02
8.780487804878047906e-03,3.333333333333333981e-03,4.847533632286994687e-03,1.277904102817598031e-02
8.780487804878047906e-03,3.333333333333333981e-03,4.847533632286994687e-03,1.277904102817598031e-02
8.780487804878047906e-03,3.333333333333333981e-03,4.847533632286994687e-03,1.277904102817598031e-02
8.780487804878047906e-03,3.333333333333333981e-03,4.847533632286994687e-03,1.277904102817598031e-02
8.780487804878047906e-03,3.333333333333333981e-03,4.847533632286994687e-03,1.277904102817598031e-02
8.780487804878047906e-03,3.333333333333333981e-03,4.847533632286994687e-03,1.277904102817598031e-02
8.780487804878047906e-03,3.333333333333333981e-03,4.847533632286994687e-03,1.277904102817598031e-02
8.780487804878047906e-03,3.333333333333333981e-03,4.847533632286994687e-03,1.277904102817598031e-02
8.780487804878047906e-03,3.333333333333333981e-03,4.847533632286994687e-03,1.277904102817598031e-02
8.780487804878047906e-03,3.333333333333333981e-03,4.847533632286994687e-03,1.277904102817598031e-02
8.780487804878047906e-03,3.333333333333333981e-03,4.847533632286994687e-03,1.277904102817598031e-02
8.780487804878047906e-03,3.333333333333333981e-03,4.847533632286994687e-03,1.277904102817598031e-02
8.780487804878047906e-03,3.333333333333333981e-03,4.847533632286994687e-03,1.277904102817598031e-02
8.780487804878047906e-03,3.333333333333333981e-03,4.847533632286994687e-03,1.277904102817598031e-02
8.780487804878047906e-03,3.333333333333333981e-03,4.847533632286994687e-03,1.277904102817598031e-02
8.780487804878047906e-03,3.333333333333333981e-03,4.847533632286994687e-03,1.277904102817598031e-02
8.780487804878047906e-03,3.333333333333333981e-03,4.847533632286994687e-03,1.277904102817598031e-02
8.780487804878047906e-03,3.333333333333333981e-03,4.847533632286994687e-03,1.277904102817598031e-02
8.780487804878047906e-03,3.333333333333333981e-03,4.847533632286994687e-03,1.277904102817598031e-02
8.780487804878047906e-03,3.333333333333333981e-03,4.847533632286994687e-03,1.277904102817598031e-02
8.780487804878047906e-03,3.333333333333333981e-03,4.847533632286994687e-03,1.277904102817598031e-02
8.780487804878047906e-03,3.333333333333333981e-03,4.847533632286994687e-03,1.277904102817598031e-02
8.780487804878047906e-03,3.333333333333333981e-03,4.847533632286994687e-03,1.277904102817598031e-02
8.780487804878047906e-03,3.333333333333333981e-03,4.847533632286994687e-03,1.277904102817598031e-02
8.780487804878047906e-03,3.333333333333333981e-03,4.847533632286994687e-03,1.277904102817598031e-02
8.780487804878047906e-03,3.333333333333333981e-03,4.847533632286994687e-03,1.277904102817598031e-02
8.780487804878047906e-03,3.333333333333333981e-03,4.847533632286994687e-03,1.277904102817598031e-02
8.780487804878047906e-03,3.333333333333333981e-03,4.847533632286994687e-03,1.277904102817598031e-02
8.780487804878047906e-03,3.333333333333333981e-03,4.847533632286994687e-03,1.277904102817598031e-02
8.780487804878047906e-03,3.333333333333333981e-03,4.847533632286994687e-03,1.277904102817598031e-02
8.780487804878047906e-03,3.333333333333333981e-03,4.847533632286994687e-03,1.277904102817598031e-02
8.780487804878047906e-03,3.333333333333333981e-03,4.847533632286994687e-03,1.277904102817598031e-02
8.780487804878047906e-03,3.333333333333333981e-03,4.847533632286994687e-03,1.277904102817598031e-02
8.780487804878047906e-03,3.333333333333333981e-03,4.847533632286994687e-03,1.277904102817598031e-02
8.780487804878047906e-03,3.333333333333333981e-03,4.847533632286994687e-03,1.277904102817598031e-02
8.780487804878047906e-03,3.333333333333333981e-03,4.847533632286994687e-03,1.277904102817598031e-02
8.780487804878047906e-03,3.333333333333333981e-03,4.847533632286994687e-03,1.277904102817598031e-02
8.780487804878047906e-03,3.333333333333333981e-03,4.847533632286994687e-03,1.277904102817598031e-02
8.780487804878047906e-03,3.333333333333333981e-03,4.847533632286994687e-03,1.277904102817598031e-02
8.780487804878047906e-03,3.333333333333333981e-03,4.847533632286994687e-03,1.277904102817598031e-02
8.780487804878047906e-03,3.333333333333333981e-03,4.847533632286994687e-03,1.277904102817598031e-02
8.780487804878047906e-03,3.333333333333333981e-03,4.847533632286994687e-03,1.277904102817598031e-02
8.780487804878047906e-03,3.333333333333333981e-03,4.847533632286994687e-03,1.277904102817598031e-02
8.780487804878047906e-03,3.333333333333333981e-03,4.847533632286994687e-03,1.277904102817598031e-02
8.780487804878047906e-03,3.333333333333333981e-03,4.847533632286994687e-03,1.277904102817598031e-02
8.780487804878047906e-03,3.333333333333333981e-03,4.847533632286994687e-03,1.277904102817598031e-02
8.780487804878047906e-03,3.333333333333333981e-03,4.847533632286994687e-03,1.277904102817598031e-02
8.780487804878047906e-03,3.333333333333333981e-03,4.847533632286994687e-03,1.277904102817598031e-02
8.780487804878047906e-03,3.333333333333333981e-03,4.847533632286994687e-03,1.277904102817598031e-02
8.780487804878047906e-03,3.333333333333333981e-03,4.847533632286994687e-03,1.277904102817598031e-02
8.780487804878047906e-03,3.333333333333333981e-03,4.847533632286994687e-03,1.277904102817598031e-02
8.780487804878047906e-03,3.333333333333333981e-03,4.847533632286994687e-03,1.277904102817598031e-02
8.780487804878047906e-03,3.333333333333333981e-03,4.847533632286994687e-03,1.277904102817598031e-02
8.780487804878047906e-03,3.333333333333333981e-03,4.847533632286994687e-03,1.277904102817598031e-02
8.780487804878047906e-03,3.333333333333333981e-03,4.847533632286994687e-03,1.277904102817598031e-02
8.780487804878047906e-03,3.333333333333333981e-03,4.847533632286994687e-03,1.277904102817598031e-02
8.780487804878047906e-03,3.333333333333333981e-03,4.847533632286994687e-03,1.277904102817598031e-02
8.780487804878047906e-03,3.333333333333333981e-03,4.847533632286994687e-03,1.277904102817598031e-02
8.780487804878047906e-03,3.333333333333333981e-03,4.847533632286994687e-03,1.277904102817598031e-02
8.780487804878047906e-03,3.333333333333333981e-03,4.847533632286994687e-03,1.277904102817598031e-02
8.780487804878047906e-03,3.333333333333333981e-03,4.847533632286994687e-03,1.277904102817598031e-02
8.780487804878047906e-03,3.333333333333333981e-03,4.847533632286994687e-03,1.277904102817598031e-02
8.780487804878047906e-03,3.333333333333333981e-03,4.847533632286994687e-03,1.277904102817598031e-02
8.780487804878047906e-03,3.333333333333333981e-03,4.847533632286994687e-03,1.277904102817598031e-02
8.780487804878047906e-03,3.333333333333333981e-03,4.847533632286994687e-03,1.277904102817598031e-02
8.780487804878047906e-03,3.333333333333333981e-03,4.847533632286994687e-03,1.277904102817598031e-02
8.780487804878047906e-03,3.333333333333333981e-03,4.847533632286994687e-03,1.277904102817598031e-02
8.780487804878047906e-03,3.333333333333333981e-03,4.847533632286994687e-03,1.277904102817598031e-02
8.780487804878047906e-03,3.333333333333333981e-03,4.847533632286994687e-03,1.277904102817598031e-02
8.780487804878047906e-03,3.333333333333333981e-03,4.847533632286994687e-03,1.277904102817598031e-02
8.780487804878047906e-03,3.333333333333333981e-03,4.847533632286994687e-03,1.277904102817598031e-02
8.780487804878047906e-03,3.333333333333333981e-03,4.847533632286994687e-03,1.277904102817598031e-02
8.780487804878047906e-03,3.333333333333333981e-03,4.847533632286994687e-03,1.277904102817598031e-02
8.780487804878047906e-03,3.333333333333333981e-03,4.847533632286994687e-03,1.277904102817598031e-02
8.780487804878047906e-03,3.333333333333333981e-03,4.847533632286994687e-03,1.277904102817598031e-02
8.780487804878047906e-03,3.333333333333333981e-03,4.847533632286994687e-03,1.277904102817598031e-02
8.780487804878047906e-03,3.333333333333333981e-03,4.847533632286994687e-03,1.277904102817598031e-02
8.780487804878047906e-03,3.333333333333333981e-03,4.847533632286994687e-03,1.277904102817598031e-02
8.780487804878047906e-03,3.333333333333333981e-03,4.847533632286994687e-03,1.277904102817598031e-02
8.780487804878047906e-03,3.333333333333333981e-03,4.847533632286994687e-03,1.277904102817598031e-02
8.780487804878047906e-03,3.333333333333333981e-03,4.847533632286994687e-03,1.277904102817598031e-02
8.780487804878047906e-03,3.333333333333333981e-03,4.847533632286994687e-03,1.277904102817598031e-02
8.780487804878047906e-03,3.333333333333333981e-03,4.847533632286994687e-03,1.277904102817598031e-02
8.780487804878047906e-03,3.333333333333333981e-03,4.847533632286994687e-03,1.277904102817598031e-02
8.780487804878047906e-03,3.333333333333333981e-03,4.847533632286994687e-03,1.277904102817598031e-02
8.780487804878047906e-03,3.333333333333333981e-03,4.847533632286994687e-03,1.277904102817598031e-02
8.780487804878047906e-03,3.333333333333333981e-03,4.847533632286994687e-03,1.277904102817598031e-02
8.780487804878047906e-03,3.333333333333333981e-03,4.847533632286994687e-03,1.277904102817598031e-02
8.780487804878047906e-03,3.333333333333333981e-03,4.847533632286994687e-03,1.277904102817598031e-02
8.780487804878047906e-03,3.333333333333333981e-03,4.847533632286994687e-03,1.277904102817598031e-02
8.780487804878047906e-03,3.333333333333333981e-03,4.847533632286994687e-03,1.277904102817598031e-02
8.780487804878047906e-03,3.333333333333333981e-03,4.847533632286994687e-03,1.277904102817598031e-02
8.780487804878047906e-03,3.333333333333333981e-03,4.847533632286994687e-03,1.277904102817598031e-02
8.780487804878047906e-03,3.333333333333333981e-03,4.847533632286994687e-03,1.277904102817598031e-02
8.780487804878047906e-03,3.333333333333333981e-03,4.847533632286994687e-03,1.277904102817598031e-02
8.780487804878047906e-03,3.333333333333333981e-03,4.847533632286994687e-03,1.277904102817598031e-02
8.780487804878047906e-03,3.333333333333333981e-03,4.847533632286994687e-03,1.277904102817598031e-02
8.780487804878047906e-03,3.333333333333333981e-03,4.847533632286994687e-03,1.277904102817598031e-02
8.780487804878047906e-03,3.333333333333333981e-03,4.847533632286994687e-03,1.277904102817598031e-02
8.780487804878047906e-03,3.333333333333333981e-03,4.847533632286994687e-03,1.277904102817598031e-02
8.780487804878047906e-03,3.333333333333333981e-03,4.847533632286994687e-03,1.277904102817598031e-02
8.780487804878047906e-03,3.333333333333333981e-03,4.847533632286994687e-03,1.277904102817598031e-02
8.780487804878047906e-03,3.333333333333333981e-03,4.847533632286994687e-03,1.277904102817598031e-02
8.780487804878047906e-03,3.333333333333333981e-03,4.847533632286994687e-03,1.277904102817598031e-02
8.780487804878047906e-03,3.333333333333333981e-03,4.847533632286994687e-03,1.277904102817598031e-02
8.780487804878047906e-03,3.333333333333333981e-03,4.847533632286994687e-03,1.277904102817598031e-02
8.780487804878047906e-03,3.333333333333333981e-03,4.847533632286994687e-03,1.277904102817598031e-02
8.780487804878047906e-03,3.333333333333333981e-03,4.847533632286994687e-03,1.277904102817598031e-02
8.780487804878047906e-03,3.333333333333333981e-03,4.847533632286994687e-03,1.277904102817598031e-02
8.780487804878047906e-03,3.333333333333333981e-03,4.847533632286994687e-03,1.277904102817598031e-02
8.780487804878047906e-03,3.333333333333333981e-03,4.847533632286994687e-03,1.277904102817598031e-02
8.780487804878047906e-03,3.333333333333333981e-03,4.847533632286994687e-03,1.277904102817598031e-02
8.780487804878047906e-03,3.333333333333333981e-03,4.847533632286994687e-03,1.277904102817598031e-02
8.780487804878047906e-03,3.333333333333333981e-03,4.847533632286994687e-03,1.277904102817598031e-02
8.780487804878047906e-03,3.333333333333333981e-03,4.847533632286994687e-03,1.277904102817598031e-02
8.780487804878047906e-03,3.333333333333333981e-03,4.847533632286994687e-03,1.277904102817598031e-02
8.780487804878047906e-03,3.333333333333333981e-03,4.847533632286994687e-03,1.277904102817598031e-02
8.780487804878047906e-03,3.333333333333333981e-03,4.847533632286994687e-03,1.277904102817598031e-02
8.780487804878047906e-03,3.333333333333333981e-03,4.847533632286994687e-03,1.277904102817598031e-02
8.780487804878047906e-03,3.333333333333333981e-03,4.847533632286994687e-03,1.277904102817598031e-02
8.780487804878047906e-03,3.333333333333333981e-03,4.847533632286994687e-03,1.277904102817598031e-02
8.780487804878047906e-03,3.333333333333333981e-03,4.847533632286994687e-03,1.277904102817598031e-02
8.780487804878047906e-03,3.333333333333333981e-03,4.847533632286994687e-03,1.277904102817598031e-02
8.780487804878047906e-03,3.333333333333333981e-03,4.847533632286994687e-03,1.277904102817598031e-02
8.780487804878047906e-03,3.333333333333333981e-03,4.847533632286994687e-03,1.277904102817598031e-02
8.780487804878047906e-03,3.333333333333333981e-03,4.847533632286994687e-03,1.277904102817598031e-02
8.780487804878047906e-03,3.333333333333333981e-03,4.847533632286994687e-03,1.277904102817598031e-02
8.780487804878047906e-03,3.333333333333333981e-03,4.847533632286994687e-03,1.277904102817598031e-02
8.780487804878047906e-03,3.333333333333333981e-03,4.847533632286994687e-03,1.277904102817598031e-02
8.780487804878047906e-03,3.333333333333333981e-03,4.847533632286994687e-03,1.277904102817598031e-02
8.780487804878047906e-03,3.333333333333333981e-03,4.847533632286994687e-03,1.277904102817598031e-02
8.780487804878047906e-03,3.333333333333333981e-03,4.847533632286994687e-03,1.277904102817598031e-02
8.780487804878047906e-03,3.333333333333333981e-03,4.847533632286994687e-03,1.277904102817598031e-02
8.780487804878047906e-03,3.333333333333333981e-03,4.847533632286994687e-03,1.277904102817598031e-02
8.780487804878047906e-03,3.333333333333333981e-03,4.847533632286994687e-03,1.277904102817598031e-02
8.780487804878047906e-03,3.333333333333333981e-03,4.847533632286994687e-03,1.277904102817598031e-02
8.780487804878047906e-03,3.333333333333333981e-03,4.847533632286994687e-03,1.277904102817598031e-02
8.780487804878047906e-03,3.333333333333333981e-03,4.847533632286994687e-03,1.277904102817598031e-02
8.780487804878047906e-03,3.333333333333333981e-03,4.847533632286994687e-03,1.277904102817598031e-02
8.780487804878047906e-03,3.333333333333333981e-03,4.847533632286994687e-03,1.277904102817598031e-02
8.780487804878047906e-03,3.333333333333333981e-03,4.847533632286994687e-03,1.277904102817598031e-02
8.780487804878047906e-03,3.333333333333333981e-03,4.847533632286994687e-03,1.277904102817598031e-02
8.780487804878047906e-03,3.333333333333333981e-03,4.847533632286994687e-03,1.277904102817598031e-02
8.780487804878047906e-03,3.333333333333333981e-03,4.847533632286994687e-03,1.277904102817598031e-02
8.780487804878047906e-03,3.333333333333333981e-03,4.847533632286994687e-03,1.277904102817598031e-02
8.780487804878047906e-03,3.333333333333333981e-03,4.847533632286994687e-03,1.277904102817598031e-02
8.780487804878047906e-03,3.333333333333333981e-03,4.847533632286994687e-03,1.277904102817598031e-02
8.780487804878047906e-03,3.333333333333333981e-03,4.847533632286994687e-03,1.277904102817598031e-02
8.780487804878047906e-03,3.333333333333333981e-03,4.847533632286994687e-03,1.277904102817598031e-02
8.780487804878047906e-03,3.333333333333333981e-03,4.847533632286994687e-03,1.277904102817598031e-02
8.780487804878047906e-03,3.333333333333333981e-03,4.847533632286994687e-03,1.277904102817598031e-02
8.780487804878047906e-03,3.333333333333333981e-03,4.847533632286994687e-03,1.277904102817598031e-02
8.780487804878047906e-03,3.333333333333333981e-03,4.847533632286994687e-03,1.277904102817598031e-02
8.780487804878047906e-03,3.333333333333333981e-03,4.847533632286994687e-03,1.277904102817598031e-02
8.780487804878047906e-03,3.333333333333333981e-03,4.847533632286994687e-03,1.277904102817598031e-02
8.780487804878047906e-03,3.333333333333333981e-03,4.847533632286994687e-03,1.277904102817598031e-02
8.780487804878047906e-03,3.333333333333333981e-03,4.847533632286994687e-03,1.277904102817598031e-02
8.780487804878047906e-03,3.333333333333333981e-03,4.847533632286994687e-03,1.277904102817598031e-02
8.780487804878047906e-03,3.333333333333333981e-03,4.847533632286994687e-03,1.277904102817598031e-02
8.780487804878047906e-03,3.333333333333333981e-03,4.847533632286994687e-03,1.277904102817598031e-02
8.780487804878047906e-03,3.333333333333333981e-03,4.847533632286994687e-03,1.277904102817598031e-02
8.780487804878047906e-03,3.333333333333333981e-03,4.847533632286994687e-03,1.277904102817598031e-02
8.780487804878047906e-03,3.333333333333333981e-03,4.847533632286994687e-03,1.277904102817598031e-02
8.780487804878047906e-03,3.333333333333333981e-03,4.847533632286994687e-03,1.277904102817598031e-02
8.780487804878047906e-03,3.333333333333333981e-03,4.847533632286994687e-03,1.277904102817598031e-02
8.780487804878047906e-03,3.333333333333333981e-03,4.847533632286994687e-03,1.277904102817598031e-02
8.780487804878047906e-03,3.333333333333333981e-03,4.847533632286994687e-03,1.277904102817598031e-02
8.780487804878047906e-03,3.333333333333333981e-03,4.847533632286994687e-03,1.277904102817598031e-02
8.780487804878047906e-03,3.333333333333333981e-03,4.847533632286994687e-03,1.277904102817598031e-02
8.780487804878047906e-03,3.333333333333333981e-03,4.847533632286994687e-03,1.277904102817598031e-02
8.780487804878047906e-03,3.333333333333333981e-03,4.847533632286994687e-03,1.277904102817598031e-02
8.780487804878047906e-03,3.333333333333333981e-03,4.847533632286994687e-03,1.277904102817598031e-02
8.780487804878047906e-03,3.333333333333333981e-03,4.847533632286994687e-03,1.277904102817598031e-02
8.780487804878047906e-03,3.333333333333333981e-03,4.847533632286994687e-03,1.277904102817598031e-02
8.780487804878047906e-03,3.333333333333333981e-03,4.847533632286994687e-03,1.277904102817598031e-02
8.780487804878047906e-03,3.333333333333333981e-03,4.847533632286994687e-03,1.277904102817598031e-02
8.780487804878047906e-03,3.333333333333333981e-03,4.847533632286994687e-03,1.277904102817598031e-02
8.780487804878047906e-03,3.333333333333333981e-03,4.847533632286994687e-03,1.277904102817598031e-02
8.780487804878047906e-03,3.333333333333333981e-03,4.847533632286994687e-03,1.277904102817598031e-02
8.780487804878047906e-03,3.333333333333333981e-03,4.847533632286994687e-03,1.277904102817598031e-02
8.780487804878047906e-03,3.333333333333333981e-03,4.847533632286994687e-03,1.277904102817598031e-02
8.780487804878047906e-03,3.333333333333333981e-03,4.847533632286994687e-03,1.277904102817598031e-02
8.780487804878047906e-03,3.333333333333333981e-03,4.847533632286994687e-03,1.277904102817598031e-02
8.780487804878047906e-03,3.333333333333333981e-03,4.847533632286994687e-03,1.277904102817598031e-02
8.780487804878047906e-03,3.333333333333333981e-03,4.847533632286994687e-03,1.277904102817598031e-02
8.780487804878047906e-03,3.333333333333333981e-03,4.847533632286994687e-03,1.277904102817598031e-02
8.780487804878047906e-03,3.333333333333333981e-03,4.847533632286994687e-03,1.277904102817598031e-02
8.780487804878047906e-03,3.333333333333333981e-03,4.847533632286994687e-03,1.277904102817598031e-02
8.780487804878047906e-03,3.333333333333333981e-03,4.847533632286994687e-03,1.277904102817598031e-02
8.780487804878047906e-03,3.333333333333333981e-03,4.847533632286994687e-03,1.277904102817598031e-02
8.780487804878047906e-03,3.333333333333333981e-03,4.847533632286994687e-03,1.277904102817598031e-02
8.780487804878047906e-03,3.333333333333333981e-03,4.847533632286994687e-03,1.277904102817598031e-02
8.780487804878047906e-03,3.333333333333333981e-03,4.847533632286994687e-03,1.277904102817598031e-02
8.780487804878047906e-03,3.333333333333333981e-03,4.847533632286994687e-03,1.277904102817598031e-02
8.780487804878047906e-03,3.333333333333333981e-03,4.847533632286994687e-03,1.277904102817598031e-02
8.780487804878047906e-03,3.333333333333333981e-03,4.847533632286994687e-03,1.277904102817598031e-02
8.780487804878047906e-03,3.333333333333333981e-03,4.847533632286994687e-03,1.277904102817598031e-02
8.780487804878047906e-03,3.333333333333333981e-03,4.847533632286994687e-03,1.277904102817598031e-02
8.780487804878047906e-03,3.333333333333333981e-03,4.847533632286994687e-03,1.277904102817598031e-02
8.780487804878047906e-03,3.333333333333333981e-03,4.847533632286994687e-03,1.277904102817598031e-02
8.780487804878047906e-03,3.333333333333333981e-03,4.847533632286994687e-03,1.277904102817598031e-02
8.780487804878047906e-03,3.333333333333333981e-03,4.847533632286994687e-03,1.277904102817598031e-02
8.780487804878047906e-03,3.333333333333333981e-03,4.847533632286994687e-03,1.277904102817598031e-02
8.780487804878047906e-03,3.333333333333333981e-03,4.847533632286994687e-03,1.277904102817598031e-02
8.780487804878047906e-03,3.333333333333333981e-03,4.847533632286994687e-03,1.277904102817598031e-02
8.780487804878047906e-03,3.333333333333333981e-03,4.847533632286994687e-03,1.277904102817598031e-02
8.780487804878047906e-03,3.333333333333333981e-03,4.847533632286994687e-03,1.277904102817598031e-02
8.780487804878047906e-03,3.333333333333333981e-03,4.847533632286994687e-03,1.277904102817598031e-02
8.780487804878047906e-03,3.333333333333333981e-03,4.847533632286994687e-03,1.277904102817598031e-02
8.780487804878047906e-03,3.333333333333333981e-03,4.847533632286994687e-03,1.277904102817598031e-02
8.780487804878047906e-03,3.333333333333333981e-03,4.847533632286994687e-03,1.277904102817598031e-02
8.780487804878047906e-03,3.333333333333333981e-03,4.847533632286994687e-03,1.277904102817598031e-02
8.780487804878047906e-03,3.333333333333333981e-03,4.847533632286994687e-03,1.277904102817598031e-02
8.780487804878047906e-03,3.333333333333333981e-03,4.847533632286994687e-03,1.277904102817598031e-02
8.780487804878047906e-03,3.333333333333333981e-03,4.847533632286994687e-03,1.277904102817598031e-02
8.780487804878047906e-03,3.333333333333333981e-03,4.847533632286994687e-03,1.277904102817598031e-02
8.780487804878047906e-03,3.333333333333333981e-03,4.847533632286994687e-03,1.277904102817598031e-02
8.780487804878047906e-03,3.333333333333333981e-03,4.847533632286994687e-03,1.277904102817598031e-02
8.780487804878047906e-03,3.333333333333333981e-03,4.847533632286994687e-03,1.277904102817598031e-02
8.780487804878047906e-03,3.333333333333333981e-03,4.847533632286994687e-03,1.277904102817598031e-02
8.780487804878047906e-03,3.333333333333333981e-03,4.847533632286994687e-03,1.277904102817598031e-02
8.780487804878047906e-03,3.333333333333333981e-03,4.847533632286994687e-03,1.277904102817598031e-02
8.780487804878047906e-03,3.333333333333333981e-03,4.847533632286994687e-03,1.277904102817598031e-02
8.780487804878047906e-03,3.333333333333333981e-03,4.847533632286994687e-03,1.277904102817598031e-02
8.780487804878047906e-03,3.333333333333333981e-03,4.847533632286994687e-03,1.277904102817598031e-02
8.780487804878047906e-03,3.333333333333333981e-03,4.847533632286994687e-03,1.277904102817598031e-02
8.780487804878047906e-03,3.333333333333333981e-03,4.847533632286994687e-03,1.277904102817598031e-02
8.780487804878047906e-03,3.333333333333333981e-03,4.847533632286994687e-03,1.277904102817598031e-02
8.780487804878047906e-03,3.333333333333333981e-03,4.847533632286994687e-03,1.277904102817598031e-02
8.780487804878047906e-03,3.333333333333333981e-03,4.847533632286994687e-03,1.277904102817598031e-02
8.780487804878047906e-03,3.333333333333333981e-03,4.847533632286994687e-03,1.277904102817598031e-02
8.780487804878047906e-03,3.333333333333333981e-03,4.847533632286994687e-03,1.277904102817598031e-02
8.780487804878047906e-03,3.333333333333333981e-03,4.847533632286994687e-03,1.277904102817598031e-02
8.780487804878047906e-03,3.333333333333333981e-03,4.847533632286994687e-03,1.277904102817598031e-02
8.780487804878047906e-03,3.333333333333333981e-03,4.847533632286994687e-03,1.277904102817598031e-02
8.780487804878047906e-03,3.333333333333333981e-03,4.847533632286994687e-03,1.277904102817598031e-02
8.780487804878047906e-03,3.333333333333333981e-03,4.847533632286994687e-03,1.277904102817598031e-02
8.780487804878047906e-03,3.333333333333333981e-03,4.847533632286994687e-03,1.277904102817598031e-02
8.780487804878047906e-03,3.333333333333333981e-03,4.847533632286994687e-03,1.277904102817598031e-02
8.780487804878047906e-03,3.333333333333333981e-03,4.847533632286994687e-03,1.277904102817598031e-02
8.780487804878047906e-03,3.333333333333333981e-03,4.847533632286994687e-03,1.277904102817598031e-02
8.780487804878047906e-03,3.333333333333333981e-03,4.847533632286994687e-03,1.277904102817598031e-02
8.780487804878047906e-03,3.333333333333333981e-03,4.847533632286994687e-03,1.277904102817598031e-02
8.780487804878047906e-03,3.333333333333333981e-03,4.847533632286994687e-03,1.277904102817598031e-02
8.780487804878047906e-03,3.333333333333333981e-03,4.847533632286994687e-03,1.277904102817598031e-02
8.780487804878047906e-03,3.333333333333333981e-03,4.847533632286994687e-03,1.277904102817598031e-02
8.780487804878047906e-03,3.333333333333333981e-03,4.847533632286994687e-03,1.277904102817598031e-02
8.780487804878047906e-03,3.333333333333333981e-03,4.847533632286994687e-03,1.277904102817598031e-02
8.780487804878047906e-03,3.333333333333333981e-03,4.847533632286994687e-03,1.277904102817598031e-02
8.780487804878047906e-03,3.333333333333333981e-03,4.847533632286994687e-03,1.277904102817598031e-02
8.780487804878047906e-03,3.333333333333333981e-03,4.847533632286994687e-03,1.277904102817598031e-02
8.780487804878047906e-03,3.333333333333333981e-03,4.847533632286994687e-03,1.277904102817598031e-02
8.780487804878047906e-03,3.333333333333333981e-03,4.847533632286994687e-03,1.277904102817598031e-02
8.780487804878047906e-03,3.333333333333333981e-03,4.847533632286994687e-03,1.277904102817598031e-02
8.780487804878047906e-03,3.333333333333333981e-03,4.847533632286994687e-03,1.277904102817598031e-02
8.780487804878047906e-03,3.333333333333333981e-03,4.847533632286994687e-03,1.277904102817598031e-02
8.780487804878047906e-03,3.333333333333333981e-03,4.847533632286994687e-03,1.277904102817598031e-02
8.780487804878047906e-03,3.333333333333333981e-03,4.847533632286994687e-03,1.277904102817598031e-02
8.780487804878047906e-03,3.333333333333333981e-03,4.847533632286994687e-03,1.277904102817598031e-02
8.780487804878047906e-03,3.333333333333333981e-03,4.847533632286994687e-03,1.277904102817598031e-02
8.780487804878047906e-03,3.333333333333333981e-03,4.847533632286994687e-03,1.277904102817598031e-02
8.780487804878047906e-03,3.333333333333333981e-03,4.847533632286994687e-03,1.277904102817598031e-02
8.780487804878047906e-03,3.333333333333333981e-03,4.847533632286994687e-03,1.277904102817598031e-02
8.780487804878047906e-03,3.333333333333333981e-03,4.847533632286994687e-03,1.277904102817598031e-02
8.780487804878047906e-03,3.333333333333333981e-03,4.847533632286994687e-03,1.277904102817598031e-02
8.780487804878047906e-03,3.333333333333333981e-03,4.847533632286994687e-03,1.277904102817598031e-02
8.780487804878047906e-03,3.333333333333333981e-03,4.847533632286994687e-03,1.277904102817598031e-02
8.780487804878047906e-03,3.333333333333333981e-03,4.847533632286994687e-03,1.277904102817598031e-02
8.780487804878047906e-03,3.333333333333333981e-03,4.847533632286994687e-03,1.277904102817598031e-02
8.780487804878047906e-03,3.333333333333333981e-03,4.847533632286994687e-03,1.277904102817598031e-02
8.780487804878047906e-03,3.333333333333333981e-03,4.847533632286994687e-03,1.277904102817598031e-02
8.780487804878047906e-03,3.333333333333333981e-03,4.847533632286994687e-03,1.277904102817598031e-02
8.780487804878047906e-03,3.333333333333333981e-03,4.847533632286994687e-03,1.277904102817598031e-02
8.780487804878047906e-03,3.333333333333333981e-03,4.847533632286994687e-03,1.277904102817598031e-02
8.780487804878047906e-03,3.333333333333333981e-03,4.847533632286994687e-03,1.277904102817598031e-02
8.780487804878047906e-03,3.333333333333333981e-03,4.847533632286994687e-03,1.277904102817598031e-02
8.780487804878047906e-03,3.333333333333333981e-03,4.847533632286994687e-03,1.277904102817598031e-02
8.780487804878047906e-03,3.333333333333333981e-03,4.847533632286994687e-03,1.277904102817598031e-02
8.780487804878047906e-03,3.333333333333333981e-03,4.847533632286994687e-03,1.277904102817598031e-02
8.780487804878047906e-03,3.333333333333333981e-03,4.847533632286994687e-03,1.277904102817598031e-02
8.780487804878047906e-03,3.333333333333333981e-03,4.847533632286994687e-03,1.277904102817598031e-02
8.780487804878047906e-03,3.333333333333333981e-03,4.847533632286994687e-03,1.277904102817598031e-02
8.780487804878047906e-03,3.333333333333333981e-03,4.847533632286994687e-03,1.277904102817598031e-02
8.780487804878047906e-03,3.333333333333333981e-03,4.847533632286994687e-03,1.277904102817598031e-02
8.780487804878047906e-03,3.333333333333333981e-03,4.847533632286994687e-03,1.277904102817598031e-02
8.780487804878047906e-03,3.333333333333333981e-03,4.847533632286994687e-03,1.277904102817598031e-02
8.780487804878047906e-03,3.333333333333333981e-03,4.847533632286994687e-03,1.277904102817598031e-02
8.780487804878047906e-03,3.333333333333333981e-03,4.847533632286994687e-03,1.277904102817598031e-02
8.780487804878047906e-03,3.333333333333333981e-03,4.847533632286994687e-03,1.277904102817598031e-02
8.780487804878047906e-03,3.333333333333333981e-03,4.847533632286994687e-03,1.277904102817598031e-02
8.780487804878047906e-03,3.333333333333333981e-03,4.847533632286994687e-03,1.277904102817598031e-02
8.780487804878047906e-03,3.333333333333333981e-03,4.847533632286994687e-03,1.277904102817598031e-02
8.780487804878047906e-03,3.333333333333333981e-03,4.847533632286994687e-03,1.277904102817598031e-02
8.780487804878047906e-03,3.333333333333333981e-03,4.847533632286994687e-03,1.277904102817598031e-02
8.780487804878047906e-03,3.333333333333333981e-03,4.847533632286994687e-03,1.277904102817598031e-02
8.780487804878047906e-03,3.333333333333333981e-03,4.847533632286994687e-03,1.277904102817598031e-02
8.780487804878047906e-03,3.333333333333333981e-03,4.847533632286994687e-03,1.277904102817598031e-02
8.780487804878047906e-03,3.333333333333333981e-03,4.847533632286994687e-03,1.277904102817598031e-02
8.780487804878047906e-03,3.333333333333333981e-03,4.847533632286994687e-03,1.277904102817598031e-02
8.780487804878047906e-03,3.333333333333333981e-03,4.847533632286994687e-03,1.277904102817598031e-02
8.780487804878047906e-03,3.333333333333333981e-03,4.847533632286994687e-03,1.277904102817598031e-02
8.780487804878047906e-03,3.333333333333333981e-03,4.847533632286994687e-03,1.277904102817598031e-02
8.780487804878047906e-03,3.333333333333333981e-03,4.847533632286994687e-03,1.277904102817598031e-02
8.780487804878047906e-03,3.333333333333333981e-03,4.847533632286994687e-03,1.277904102817598031e-02
8.780487804878047906e-03,3.333333333333333981e-03,4.847533632286994687e-03,1.277904102817598031e-02
8.780487804878047906e-03,3.333333333333333981e-03,4.847533632286994687e-03,1.277904102817598031e-02
8.780487804878047906e-03,3.333333333333333981e-03,4.847533632286994687e-03,1.277904102817598031e-02
8.780487804878047906e-03,3.333333333333333981e-03,4.847533632286994687e-03,1.277904102817598031e-02
8.780487804878047906e-03,3.333333333333333981e-03,4.847533632286994687e-03,1.277904102817598031e-02
8.780487804878047906e-03,3.333333333333333981e-03,4.847533632286994687e-03,1.277904102817598031e-02
8.780487804878047906e-03,3.333333333333333981e-03,4.847533632286994687e-03,1.277904102817598031e-02
8.780487804878047906e-03,3.333333333333333981e-03,4.847533632286994687e-03,1.277904102817598031e-02
8.780487804878047906e-03,3.333333333333333981e-03,4.847533632286994687e-03,1.277904102817598031e-02
8.780487804878047906e-03,3.333333333333333981e-03,4.847533632286994687e-03,1.277904102817598031e-02
8.780487804878047906e-03,3.333333333333333981e-03,4.847533632286994687e-03,1.277904102817598031e-02
8.780487804878047906e-03,3.333333333333333981e-03,4.847533632286994687e-03,1.277904102817598031e-02
8.780487804878047906e-03,3.333333333333333981e-03,4.847533632286994687e-03,1.277904102817598031e-02
8.780487804878047906e-03,3.333333333333333981e-03,4.847533632286994687e-03,1.277904102817598031e-02
8.780487804878047906e-03,3.333333333333333981e-03,4.847533632286994687e-03,1.277904102817598031e-02
8.780487804878047906e-03,3.333333333333333981e-03,4.847533632286994687e-03,1.277904102817598031e-02
8.780487804878047906e-03,3.333333333333333981e-03,4.847533632286994687e-03,1.277904102817598031e-02
8.780487804878047906e-03,3.333333333333333981e-03,4.847533632286994687e-03,1.277904102817598031e-02
8.780487804878047906e-03,3.333333333333333981e-03,4.847533632286994687e-03,1.277904102817598031e-02
8.780487804878047906e-03,3.333333333333333981e-03,4.847533632286994687e-03,1.277904102817598031e-02
8.780487804878047906e-03,3.333333333333333981e-03,4.847533632286994687e-03,1.277904102817598031e-02
8.780487804878047906e-03,3.333333333333333981e-03,4.847533632286994687e-03,1.277904102817598031e-02
8.780487804878047906e-03,3.333333333333333981e-03,4.847533632286994687e-03,1.277904102817598031e-02
8.780487804878047906e-03,3.333333333333333981e-03,4.847533632286994687e-03,1.277904102817598031e-02
8.780487804878047906e-03,3.333333333333333981e-03,4.847533632286994687e-03,1.277904102817598031e-02
8.780487804878047906e-03,3.333333333333333981e-03,4.847533632286994687e-03,1.277904102817598031e-02
8.780487804878047906e-03,3.333333333333333981e-03,4.847533632286994687e-03,1.277904102817598031e-02
8.780487804878047906e-03,3.333333333333333981e-03,4.847533632286994687e-03,1.277904102817598031e-02
8.780487804878047906e-03,3.333333333333333981e-03,4.847533632286994687e-03,1.277904102817598031e-02
8.780487804878047906e-03,3.333333333333333981e-03,4.847533632286994687e-03,1.277904102817598031e-02
8.780487804878047906e-03,3.333333333333333981e-03,4.847533632286994687e-03,1.277904102817598031e-02
8.780487804878047906e-03,3.333333333333333981e-03,4.847533632286994687e-03,1.277904102817598031e-02
8.780487804878047906e-03,3.333333333333333981e-03,4.847533632286994687e-03,1.277904102817598031e-02
8.780487804878047906e-03,3.333333333333333981e-03,4.847533632286994687e-03,1.277904102817598031e-02
8.780487804878047906e-03,3.333333333333333981e-03,4.847533632286994687e-03,1.277904102817598031e-02
8.780487804878047906e-03,3.333333333333333981e-03,4.847533632286994687e-03,1.277904102817598031e-02
8.780487804878047906e-03,3.333333333333333981e-03,4.847533632286994687e-03,1.277904102817598031e-02
8.780487804878047906e-03,3.333333333333333981e-03,4.847533632286994687e-03,1.277904102817598031e-02
8.780487804878047906e-03,3.333333333333333981e-03,4.847533632286994687e-03,1.277904102817598031e-02
8.780487804878047906e-03,3.333333333333333981e-03,4.847533632286994687e-03,1.277904102817598031e-02
8.780487804878047906e-03,3.333333333333333981e-03,4.847533632286994687e-03,1.277904102817598031e-02
8.780487804878047906e-03,3.333333333333333981e-03,4.847533632286994687e-03,1.277904102817598031e-02
8.780487804878047906e-03,3.333333333333333981e-03,4.847533632286994687e-03,1.277904102817598031e-02
8.780487804878047906e-03,3.333333333333333981e-03,4.847533632286994687e-03,1.277904102817598031e-02
8.780487804878047906e-03,3.333333333333333981e-03,4.847533632286994687e-03,1.277904102817598031e-02
8.780487804878047906e-03,3.333333333333333981e-03,4.847533632286994687e-03,1.277904102817598031e-02
8.780487804878047906e-03,3.333333333333333981e-03,4.847533632286994687e-03,1.277904102817598031e-02
8.780487804878047906e-03,3.333333333333333981e-03,4.847533632286994687e-03,1.277904102817598031e-02
8.780487804878047906e-03,3.333333333333333981e-03,4.847533632286994687e-03,1.277904102817598031e-02
8.780487804878047906e-03,3.333333333333333981e-03,4.847533632286994687e-03,1.277904102817598031e-02
8.780487804878047906e-03,3.333333333333333981e-03,4.847533632286994687e-03,1.277904102817598031e-02
8.780487804878047906e-03,3.333333333333333981e-03,4.847533632286994687e-03,1.277904102817598031e-02
8.780487804878047906e-03,3.333333333333333981e-03,4.847533632286994687e-03,1.277904102817598031e-02
8.780487804878047906e-03,3.333333333333333981e-03,4.847533632286994687e-03,1.277904102817598031e-02
8.780487804878047906e-03,3.333333333333333981e-03,4.847533632286994687e-03,1.277904102817598031e-02
8.780487804878047906e-03,3.333333333333333981e-03,4.847533632286994687e-03,1.277904102817598031e-02
8.780487804878047906e-03,3.333333333333333981e-03,4.847533632286994687e-03,1.277904102817598031e-02
8.780487804878047906e-03,3.333333333333333981e-03,4.847533632286994687e-03,1.277904102817598031e-02
8.780487804878047906e-03,3.333333333333333981e-03,4.847533632286994687e-03,1.277904102817598031e-02
8.780487804878047906e-03,3.333333333333333981e-03,4.847533632286994687e-03,1.277904102817598031e-02
8.780487804878047906e-03,3.333333333333333981e-03,4.847533632286994687e-03,1.277904102817598031e-02
8.780487804878047906e-03,3.333333333333333981e-03,4.847533632286994687e-03,1.277904102817598031e-02
8.780487804878047906e-03,3.333333333333333981e-03,4.847533632286994687e-03,1.277904102817598031e-02
8.780487804878047906e-03,3.333333333333333981e-03,4.847533632286994687e-03,1.277904102817598031e-02
8.780487804878047906e-03,3.333333333333333981e-03,4.847533632286994687e-03,1.277904102817598031e-02
8.780487804878047906e-03,3.333333333333333981e-03,4.847533632286994687e-03,1.277904102817598031e-02
8.780487804878047906e-03,3.333333333333333981e-03,4.847533632286994687e-03,1.277904102817598031e-02
8.780487804878047906e-03,3.333333333333333981e-03,4.847533632286994687e-03,1.277904102817598031e-02
8.780487804878047906e-03,3.333333333333333981e-03,4.847533632286994687e-03,1.277904102817598031e-02
8.780487804878047906e-03,3.333333333333333981e-03,4.847533632286994687e-03,1.277904102817598031e-02
8.780487804878047906e-03,3.333333333333333981e-03,4.847533632286994687e-03,1.277904102817598031e-02
8.780487804878047906e-03,3.333333333333333981e-03,4.847533632286994687e-03,1.277904102817598031e-02
8.780487804878047906e-03,3.333333333333333981e-03,4.847533632286994687e-03,1.277904102817598031e-02
8.780487804878047906e-03,3.333333333333333981e-03,4.847533632286994687e-03,1.277904102817598031e-02
8.780487804878047906e-03,3.333333333333333981e-03,4.847533632286994687e-03,1.277904102817598031e-02
8.780487804878047906e-03,3.333333333333333981e-03,4.847533632286994687e-03,1.277904102817598031e-02
8.780487804878047906e-03,3.333333333333333981e-03,4.847533632286994687e-03,1.277904102817598031e-02
8.780487804878047906e-03,3.333333333333333981e-03,4.847533632286994687e-03,1.277904102817598031e-02
8.780487804878047906e-03,3.333333333333333981e-03,4.847533632286994687e-03,1.277904102817598031e-02
8.780487804878047906e-03,3.333333333333333981e-03,4.847533632286994687e-03,1.277904102817598031e-02
8.780487804878047906e-03,3.333333333333333981e-03,4.847533632286994687e-03,1.277904102817598031e-02
8.780487804878047906e-03,3.333333333333333981e-03,4.847533632286994687e-03,1.277904102817598031e-02
8.780487804878047906e-03,3.333333333333333981e-03,4.847533632286994687e-03,1.277904102817598031e-02
8.780487804878047906e-03,3.333333333333333981e-03,4.847533632286994687e-03,1.277904102817598031e-02
8.780487804878047906e-03,3.333333333333333981e-03,4.847533632286994687e-03,1.277904102817598031e-02
8.780487804878047906e-03,3.333333333333333981e-03,4.847533632286994687e-03,1.277904102817598031e-02
8.780487804878047906e-03,3.333333333333333981e-03,4.847533632286994687e-03,1.277904102817598031e-02
8.780487804878047906e-03,3.333333333333333981e-03,4.847533632286994687e-03,1.277904102817598031e-02
8.780487804878047906e-03,3.333333333333333981e-03,4.847533632286994687e-03,1.277904102817598031e-02
8.780487804878047906e-03,3.333333333333333981e-03,4.847533632286994687e-03,1.277904102817598031e-02
8.780487804878047906e-03,3.333333333333333981e-03,4.847533632286994687e-03,1.277904102817598031e-02
8.780487804878047906e-03,3.333333333333333981e-03,4.847533632286994687e-03,1.277904102817598031e-02
8.780487804878047906e-03,3.333333333333333981e-03,4.847533632286994687e-03,1.277904102817598031e-02
8.780487804878047906e-03,3.333333333333333981e-03,4.847533632286994687e-03,1.277904102817598031e-02
8.780487804878047906e-03,3.333333333333333981e-03,4.847533632286994687e-03,1.277904102817598031e-02
8.780487804878047906e-03,3.333333333333333981e-03,4.847533632286994687e-03,1.277904102817598031e-02
8.780487804878047906e-03,3.333333333333333981e-03,4.847533632286994687e-03,1.277904102817598031e-02
8.780487804878047906e-03,3.333333333333333981e-03,4.847533632286994687e-03,1.277904102817598031e-02
8.780487804878047906e-03,3.333333333333333981e-03,4.847533632286994687e-03,1.277904102817598031e-02
8.780487804878047906e-03,3.333333333333333981e-03,4.847533632286994687e-03,1.277904102817598031e-02
8.780487804878047906e-03,3.333333333333333981e-03,4.847533632286994687e-03,1.277904102817598031e-02
8.780487804878047906e-03,3.333333333333333981e-03,4.847533632286994687e-03,1.277904102817598031e-02
8.780487804878047906e-03,3.333333333333333981e-03,4.847533632286994687e-03,1.277904102817598031e-02
8.780487804878047906e-03,3.333333333333333981e-03,4.847533632286994687e-03,1.277904102817598031e-02
8.780487804878047906e-03,3.333333333333333981e-03,4.847533632286994687e-03,1.277904102817598031e-02
8.780487804878047906e-03,3.333333333333333981e-03,4.847533632286994687e-03,1.277904102817598031e-02
8.780487804878047906e-03,3.333333333333333981e-03,4.847533632286994687e-03,1.277904102817598031e-02
8.780487804878047906e-03,3.333333333333333981e-03,4.847533632286994687e-03,1.277904102817598031e-02
8.780487804878047906e-03,3.333333333333333981e-03,4.847533632286994687e-03,1.277904102817598031e-02
8.780487804878047906e-03,3.333333333333333981e-03,4.847533632286994687e-03,1.277904102817598031e-02
8.780487804878047906e-03,3.333333333333333981e-03,4.847533632286994687e-03,1.277904102817598031e-02
8.780487804878047906e-03,3.333333333333333981e-03,4.847533632286994687e-03,1.277904102817598031e-02
8.780487804878047906e-03,3.333333333333333981e-03,4.847533632286994687e-03,1.277904102817598031e-02
8.780487804878047906e-03,3.333333333333333981e-03,4.847533632286994687e-03,1.277904102817598031e-02
8.780487804878047906e-03,3.333333333333333981e-03,4.847533632286994687e-03,1.277904102817598031e-02
8.780487804878047906e-03,3.333333333333333981e-03,4.847533632286994687e-03,1.277904102817598031e-02
8.780487804878047906e-03,3.333333333333333981e-03,4.847533632286994687e-03,1.277904102817598031e-02
8.780487804878047906e-03,3.333333333333333981e-03,4.847533632286994687e-03,1.277904102817598031e-02
8.780487804878047906e-03,3.333333333333333981e-03,4.847533632286994687e-03,1.277904102817598031e-02
8.780487804878047906e-03,3.333333333333333981e-03,4.847533632286994687e-03,1.277904102817598031e-02
8.780487804878047906e-03,3.333333333333333981e-03,4.847533632286994687e-03,1.277904102817598031e-02
8.780487804878047906e-03,3.333333333333333981e-03,4.847533632286994687e-03,1.277904102817598031e-02
8.780487804878047906e-03,3.333333333333333981e-03,4.847533632286994687e-03,1.277904102817598031e-02
8.780487804878047906e-03,3.333333333333333981e-03,4.847533632286994687e-03,1.277904102817598031e-02
8.780487804878047906e-03,3.333333333333333981e-03,4.847533632286994687e-03,1.277904102817598031e-02
8.780487804878047906e-03,3.333333333333333981e-03,4.847533632286994687e-03,1.277904102817598031e-02
8.780487804878047906e-03,3.333333333333333981e-03,4.847533632286994687e-03,1.277904102817598031e-02
8.780487804878047906e-03,3.333333333333333981e-03,4.847533632286994687e-03,1.277904102817598031e-02
8.780487804878047906e-03,3.333333333333333981e-03,4.847533632286994687e-03,1.277904102817598031e-02
8.780487804878047906e-03,3.333333333333333981e-03,4.847533632286994687e-03,1.277904102817598031e-02
8.780487804878047906e-03,3.333333333333333981e-03,4.847533632286994687e-03,1.277904102817598031e-02
8.780487804878047906e-03,3.333333333333333981e-03,4.847533632286994687e-03,1.277904102817598031e-02
8.780487804878047906e-03,3.333333333333333981e-03,4.847533632286994687e-03,1.277904102817598031e-02
8.780487804878047906e-03,3.333333333333333981e-03,4.847533632286994687e-03,1.277904102817598031e-02
8.780487804878047906e-03,3.333333333333333981e-03,4.847533632286994687e-03,1.277904102817598031e-02
8.780487804878047906e-03,3.333333333333333981e-03,4.847533632286994687e-03,1.277904102817598031e-02
8.780487804878047906e-03,3.333333333333333981e-03,4.847533632286994687e-03,1.277904102817598031e-02
8.780487804878047906e-03,3.333333333333333981e-03,4.847533632286994687e-03,1.277904102817598031e-02
8.780487804878047906e-03,3.333333333333333981e-03,4.847533632286994687e-03,1.277904102817598031e-02
8.780487804878047906e-03,3.333333333333333981e-03,4.847533632286994687e-03,1.277904102817598031e-02
8.780487804878047906e-03,3.333333333333333981e-03,4.847533632286994687e-03,1.277904102817598031e-02
8.780487804878047906e-03,3.333333333333333981e-03,4.847533632286994687e-03,1.277904102817598031e-02
8.780487804878047906e-03,3.333333333333333981e-03,4.847533632286994687e-03,1.277904102817598031e-02
8.780487804878047906e-03,3.333333333333333981e-03,4.847533632286994687e-03,1.277904102817598031e-02
8.780487804878047906e-03,3.333333333333333981e-03,4.847533632286994687e-03,1.277904102817598031e-02
8.780487804878047906e-03,3.333333333333333981e-03,4.847533632286994687e-03,1.277904102817598031e-02
8.780487804878047906e-03,3.333333333333333981e-03,4.847533632286994687e-03,1.277904102817598031e-02
8.780487804878047906e-03,3.333333333333333981e-03,4.847533632286994687e-03,1.277904102817598031e-02
8.780487804878047906e-03,3.333333333333333981e-03,4.847533632286994687e-03,1.277904102817598031e-02
8.780487804878047906e-03,3.333333333333333981e-03,4.847533632286994687e-03,1.277904102817598031e-02
8.780487804878047906e-03,3.333333333333333981e-03,4.847533632286994687e-03,1.277904102817598031e-02
8.780487804878047906e-03,3.333333333333333981e-03,4.847533632286994687e-03,1.277904102817598031e-02
8.780487804878047906e-03,3.333333333333333981e-03,4.847533632286994687e-03,1.277904102817598031e-02
8.780487804878047906e-03,3.333333333333333981e-03,4.847533632286994687e-03,1.277904102817598031e-02
8.780487804878047906e-03,3.333333333333333981e-03,4.847533632286994687e-03,1.277904102817598031e-02
8.780487804878047906e-03,3.333333333333333981e-03,4.847533632286994687e-03,1.277904102817598031e-02
8.780487804878047906e-03,3.333333333333333981e-03,4.847533632286994687e-03,1.277904102817598031e-02
8.780487804878047906e-03,3.333333333333333981e-03,4.847533632286994687e-03,1.277904102817598031e-02
8.780487804878047906e-03,3.333333333333333981e-03,4.847533632286994687e-03,1.277904102817598031e-02
8.780487804878047906e-03,3.333333333333333981e-03,4.847533632286994687e-03,1.277904102817598031e-02
8.780487804878047906e-03,3.333333333333333981e-03,4.847533632286994687e-03,1.277904102817598031e-02
8.780487804878047906e-03,3.333333333333333981e-03,4.847533632286994687e-03,1.277904102817598031e-02
8.780487804878047906e-03,3.333333333333333981e-03,4.847533632286994687e-03,1.277904102817598031e-02
8.780487804878047906e-03,3.333333333333333981e-03,4.847533632286994687e-03,1.277904102817598031e-02
8.780487804878047906e-03,3.333333333333333981e-03,4.847533632286994687e-03,1.277904102817598031e-02
8.780487804878047906e-03,3.333333333333333981e-03,4.847533632286994687e-03,1.277904102817598031e-02
8.780487804878047906e-03,3.333333333333333981e-03,4.847533632286994687e-03,1.277904102817598031e-02
8.780487804878047906e-03,3.333333333333333981e-03,4.847533632286994687e-03,1.277904102817598031e-02
8.780487804878047906e-03,3.333333333333333981e-03,4.847533632286994687e-03,1.277904102817598031e-02
8.780487804878047906e-03,3.333333333333333981e-03,4.847533632286994687e-03,1.277904102817598031e-02
8.780487804878047906e-03,3.333333333333333981e-03,4.847533632286994687e-03,1.277904102817598031e-02
8.780487804878047906e-03,3.333333333333333981e-03,4.847533632286994687e-03,1.277904102817598031e-02
8.780487804878047906e-03,3.333333333333333981e-03,4.847533632286994687e-03,1.277904102817598031e-02
8.780487804878047906e-03,3.333333333333333981e-03,4.847533632286994687e-03,1.277904102817598031e-02
8.780487804878047906e-03,3.333333333333333981e-03,4.847533632286994687e-03,1.277904102817598031e-02
8.780487804878047906e-03,3.333333333333333981e-03,4.847533632286994687e-03,1.277904102817598031e-02
8.780487804878047906e-03,3.333333333333333981e-03,4.847533632286994687e-03,1.277904102817598031e-02
8.780487804878047906e-03,3.333333333333333981e-03,4.847533632286994687e-03,1.277904102817598031e-02
8.780487804878047906e-03,3.333333333333333981e-03,4.847533632286994687e-03,1.277904102817598031e-02
8.780487804878047906e-03,3.333333333333333981e-03,4.847533632286994687e-03,1.277904102817598031e-02
8.780487804878047906e-03,3.333333333333333981e-03,4.847533632286994687e-03,1.277904102817598031e-02
8.780487804878047906e-03,3.333333333333333981e-03,4.847533632286994687e-03,1.277904102817598031e-02
8.780487804878047906e-03,3.333333333333333981e-03,4.847533632286994687e-03,1.277904102817598031e-02
8.780487804878047906e-03,3.333333333333333981e-03,4.847533632286994687e-03,1.277904102817598031e-02
8.780487804878047906e-03,3.333333333333333981e-03,4.847533632286994687e-03,1.277904102817598031e-02
8.780487804878047906e-03,3.333333333333333981e-03,4.847533632286994687e-03,1.277904102817598031e-02
8.780487804878047906e-03,3.333333333333333981e-03,4.847533632286994687e-03,1.277904102817598031e-02
8.780487804878047906e-03,3.333333333333333981e-03,4.847533632286994687e-03,1.277904102817598031e-02
8.780487804878047906e-03,3.333333333333333981e-03,4.847533632286994687e-03,1.277904102817598031e-02
8.780487804878047906e-03,3.333333333333333981e-03,4.847533632286994687e-03,1.277904102817598031e-02
8.780487804878047906e-03,3.333333333333333981e-03,4.847533632286994687e-03,1.277904102817598031e-02
8.780487804878047906e-03,3.333333333333333981e-03,4.847533632286994687e-03,1.277904102817598031e-02
8.780487804878047906e-03,3.333333333333333981e-03,4.847533632286994687e-03,1.277904102817598031e-02
8.780487804878047906e-03,3.333333333333333981e-03,4.847533632286994687e-03,1.277904102817598031e-02
8.780487804878047906e-03,3.333333333333333981e-03,4.847533632286994687e-03,1.277904102817598031e-02
8.780487804878047906e-03,3.333333333333333981e-03,4.847533632286994687e-03,1.277904102817598031e-02
8.780487804878047906e-03,3.333333333333333981e-03,4.847533632286994687e-03,1.277904102817598031e-02
8.780487804878047906e-03,3.333333333333333981e-03,4.847533632286994687e-03,1.277904102817598031e-02
8.780487804878047906e-03,3.333333333333333981e-03,4.847533632286994687e-03,1.277904102817598031e-02
8.780487804878047906e-03,3.333333333333333981e-03,4.847533632286994687e-03,1.277904102817598031e-02
8.780487804878047906e-03,3.333333333333333981e-03,4.847533632286994687e-03,1.277904102817598031e-02
8.780487804878047906e-03,3.333333333333333981e-03,4.847533632286994687e-03,1.277904102817598031e-02
8.780487804878047906e-03,3.333333333333333981e-03,4.847533632286994687e-03,1.277904102817598031e-02
8.780487804878047906e-03,3.333333333333333981e-03,4.847533632286994687e-03,1.277904102817598031e-02
8.780487804878047906e-03,3.333333333333333981e-03,4.847533632286994687e-03,1.277904102817598031e-02
8.780487804878047906e-03,3.333333333333333981e-03,4.847533632286994687e-03,1.277904102817598031e-02
8.780487804878047906e-03,3.333333333333333981e-03,4.847533632286994687e-03,1.277904102817598031e-02
8.780487804878047906e-03,3.333333333333333981e-03,4.847533632286994687e-03,1.277904102817598031e-02
8.780487804878047906e-03,3.333333333333333981e-03,4.847533632286994687e-03,1.277904102817598031e-02
8.780487804878047906e-03,3.333333333333333981e-03,4.847533632286994687e-03,1.277904102817598031e-02
8.780487804878047906e-03,3.333333333333333981e-03,4.847533632286994687e-03,1.277904102817598031e-02
8.780487804878047906e-03,3.333333333333333981e-03,4.847533632286994687e-03,1.277904102817598031e-02
8.780487804878047906e-03,3.333333333333333981e-03,4.847533632286994687e-03,1.277904102817598031e-02
8.780487804878047906e-03,3.333333333333333981e-03,4.847533632286994687e-03,1.277904102817598031e-02
8.780487804878047906e-03,3.333333333333333981e-03,4.847533632286994687e-03,1.277904102817598031e-02
8.780487804878047906e-03,3.333333333333333981e-03,4.847533632286994687e-03,1.277904102817598031e-02
8.780487804878047906e-03,3.333333333333333981e-03,4.847533632286994687e-03,1.277904102817598031e-02
8.780487804878047906e-03,3.333333333333333981e-03,4.847533632286994687e-03,1.277904102817598031e-02
8.780487804878047906e-03,3.333333333333333981e-03,4.847533632286994687e-03,1.277904102817598031e-02
8.780487804878047906e-03,3.333333333333333981e-03,4.847533632286994687e-03,1.277904102817598031e-02
8.780487804878047906e-03,3.333333333333333981e-03,4.847533632286994687e-03,1.277904102817598031e-02
8.780487804878047906e-03,3.333333333333333981e-03,4.847533632286994687e-03,1.277904102817598031e-02
8.780487804878047906e-03,3.333333333333333981e-03,4.847533632286994687e-03,1.277904102817598031e-02
8.780487804878047906e-03,3.333333333333333981e-03,4.847533632286994687e-03,1.277904102817598031e-02
8.780487804878047906e-03,3.333333333333333981e-03,4.847533632286994687e-03,1.277904102817598031e-02
8.780487804878047906e-03,3.333333333333333981e-03,4.847533632286994687e-03,1.277904102817598031e-02
8.780487804878047906e-03,3.333333333333333981e-03,4.847533632286994687e-03,1.277904102817598031e-02
8.780487804878047906e-03,3.333333333333333981e-03,4.847533632286994687e-03,1.277904102817598031e-02
8.780487804878047906e-03,3.333333333333333981e-03,4.847533632286994687e-03,1.277904102817598031e-02
8.780487804878047906e-03,3.333333333333333981e-03,4.847533632286994687e-03,1.277904102817598031e-02
8.780487804878047906e-03,3.333333333333333981e-03,4.847533632286994687e-03,1.277904102817598031e-02
8.780487804878047906e-03,3.333333333333333981e-03,4.847533632286994687e-03,1.277904102817598031e-02
8.780487804878047906e-03,3.333333333333333981e-03,4.847533632286994687e-03,1.277904102817598031e-02
8.780487804878047906e-03,3.333333333333333981e-03,4.847533632286994687e-03,1.277904102817598031e-02
8.780487804878047906e-03,3.333333333333333981e-03,4.847533632286994687e-03,1.277904102817598031e-02
8.780487804878047906e-03,3.333333333333333981e-03,4.847533632286994687e-03,1.277904102817598031e-02
8.780487804878047906e-03,3.333333333333333981e-03,4.847533632286994687e-03,1.277904102817598031e-02
8.780487804878047906e-03,3.333333333333333981e-03,4.847533632286994687e-03,1.277904102817598031e-02
8.780487804878047906e-03,3.333333333333333981e-03,4.847533632286994687e-03,1.277904102817598031e-02
8.780487804878047906e-03,3.333333333333333981e-03,4.847533632286994687e-03,1.277904102817598031e-02
8.780487804878047906e-03,3.333333333333333981e-03,4.847533632286994687e-03,1.277904102817598031e-02
8.780487804878047906e-03,3.333333333333333981e-03,4.847533632286994687e-03,1.277904102817598031e-02
8.780487804878047906e-03,3.333333333333333981e-03,4.847533632286994687e-03,1.277904102817598031e-02
8.780487804878047906e-03,3.333333333333333981e-03,4.847533632286994687e-03,1.277904102817598031e-02
8.780487804878047906e-03,3.333333333333333981e-03,4.847533632286994687e-03,1.277904102817598031e-02
8.780487804878047906e-03,3.333333333333333981e-03,4.847533632286994687e-03,1.277904102817598031e-02
8.780487804878047906e-03,3.333333333333333981e-03,4.847533632286994687e-03,1.277904102817598031e-02
8.780487804878047906e-03,3.333333333333333981e-03,4.847533632286994687e-03,1.277904102817598031e-02
8.780487804878047906e-03,3.333333333333333981e-03,4.847533632286994687e-03,1.277904102817598031e-02
8.780487804878047906e-03,3.333333333333333981e-03,4.847533632286994687e-03,1.277904102817598031e-02
8.780487804878047906e-03,3.333333333333333981e-03,4.847533632286994687e-03,1.277904102817598031e-02
8.780487804878047906e-03,3.333333333333333981e-03,4.847533632286994687e-03,1.277904102817598031e-02
8.780487804878047906e-03,3.333333333333333981e-03,4.847533632286994687e-03,1.277904102817598031e-02
8.780487804878047906e-03,3.333333333333333981e-03,4.847533632286994687e-03,1.277904102817598031e-02
8.780487804878047906e-03,3.333333333333333981e-03,4.847533632286994687e-03,1.277904102817598031e-02
8.780487804878047906e-03,3.333333333333333981e-03,4.847533632286994687e-03,1.277904102817598031e-02
8.780487804878047906e-03,3.333333333333333981e-03,4.847533632286994687e-03,1.277904102817598031e-02
8.780487804878047906e-03,3.333333333333333981e-03,4.847533632286994687e-03,1.277904102817598031e-02
8.780487804878047906e-03,3.333333333333333981e-03,4.847533632286994687e-03,1.277904102817598031e-02
8.780487804878047906e-03,3.333333333333333981e-03,4.847533632286994687e-03,1.277904102817598031e-02
8.780487804878047906e-03,3.333333333333333981e-03,4.847533632286994687e-03,1.277904102817598031e-02
8.780487804878047906e-03,3.333333333333333981e-03,4.847533632286994687e-03,1.277904102817598031e-02
8.780487804878047906e-03,3.333333333333333981e-03,4.847533632286994687e-03,1.277904102817598031e-02
8.780487804878047906e-03,3.333333333333333981e-03,4.847533632286994687e-03,1.277904102817598031e-02
8.780487804878047906e-03,3.333333333333333981e-03,4.847533632286994687e-03,1.277904102817598031e-02
8.780487804878047906e-03,3.333333333333333981e-03,4.847533632286994687e-03,1.277904102817598031e-02
8.780487804878047906e-03,3.333333333333333981e-03,4.847533632286994687e-03,1.277904102817598031e-02
8.780487804878047906e-03,3.333333333333333981e-03,4.847533632286994687e-03,1.277904102817598031e-02
8.780487804878047906e-03,3.333333333333333981e-03,4.847533632286994687e-03,1.277904102817598031e-02
8.780487804878047906e-03,3.333333333333333981e-03,4.847533632286994687e-03,1.277904102817598031e-02
8.780487804878047906e-03,3.333333333333333981e-03,4.847533632286994687e-03,1.277904102817598031e-02
8.780487804878047906e-03,3.333333333333333981e-03,4.847533632286994687e-03,1.277904102817598031e-02
8.780487804878047906e-03,3.333333333333333981e-03,4.847533632286994687e-03,1.277904102817598031e-02
8.780487804878047906e-03,3.333333333333333981e-03,4.847533632286994687e-03,1.277904102817598031e-02
8.780487804878047906e-03,3.333333333333333981e-03,4.847533632286994687e-03,1.277904102817598031e-02
8.780487804878047906e-03,3.333333333333333981e-03,4.847533632286994687e-03,1.277904102817598031e-02
8.780487804878047906e-03,3.333333333333333981e-03,4.847533632286994687e-03,1.277904102817598031e-02
8.780487804878047906e-03,3.333333333333333981e-03,4.847533632286994687e-03,1.277904102817598031e-02
8.780487804878047906e-03,3.333333333333333981e-03,4.847533632286994687e-03,1.277904102817598031e-02
8.780487804878047906e-03,3.333333333333333981e-03,4.847533632286994687e-03,1.277904102817598031e-02
8.780487804878047906e-03,3.333333333333333981e-03,4.847533632286994687e-03,1.277904102817598031e-02
8.780487804878047906e-03,3.333333333333333981e-03,4.847533632286994687e-03,1.277904102817598031e-02
8.780487804878047906e-03,3.333333333333333981e-03,4.847533632286994687e-03,1.277904102817598031e-02
8.780487804878047906e-03,3.333333333333333981e-03,4.847533632286994687e-03,1.277904102817598031e-02
8.780487804878047906e-03,3.333333333333333981e-03,4.847533632286994687e-03,1.277904102817598031e-02
8.780487804878047906e-03,3.333333333333333981e-03,4.847533632286994687e-03,1.277904102817598031e-02
8.780487804878047906e-03,3.333333333333333981e-03,4.847533632286994687e-03,1.277904102817598031e-02
8.780487804878047906e-03,3.333333333333333981e-03,4.847533632286994687e-03,1.277904102817598031e-02
8.780487804878047906e-03,3.333333333333333981e-03,4.847533632286994687e-03,1.277904102817598031e-02
8.780487804878047906e-03,3.333333333333333981e-03,4.847533632286994687e-03,1.277904102817598031e-02
8.780487804878047906e-03,3.333333333333333981e-03,4.847533632286994687e-03,1.277904102817598031e-02
8.780487804878047906e-03,3.333333333333333981e-03,4.847533632286994687e-03,1.277904102817598031e-02
8.780487804878047906e-03,3.333333333333333981e-03,4.847533632286994687e-03,1.277904102817598031e-02
8.780487804878047906e-03,3.333333333333333981e-03,4.847533632286994687e-03,1.277904102817598031e-02
8.780487804878047906e-03,3.333333333333333981e-03,4.847533632286994687e-03,1.277904102817598031e-02
8.780487804878047906e-03,3.333333333333333981e-03,4.847533632286994687e-03,1.277904102817598031e-02
8.780487804878047906e-03,3.333333333333333981e-03,4.847533632286994687e-03,1.277904102817598031e-02
8.780487804878047906e-03,3.333333333333333981e-03,4.847533632286994687e-03,1.277904102817598031e-02
8.780487804878047906e-03,3.333333333333333981e-03,4.847533632286994687e-03,1.277904102817598031e-02
8.780487804878047906e-03,3.333333333333333981e-03,4.847533632286994687e-03,1.277904102817598031e-02
8.780487804878047906e-03,3.333333333333333981e-03,4.847533632286994687e-03,1.277904102817598031e-02
8.780487804878047906e-03,3.333333333333333981e-03,4.847533632286994687e-03,1.277904102817598031e-02
8.780487804878047906e-03,3.333333333333333981e-03,4.847533632286994687e-03,1.277904102817598031e-02
8.780487804878047906e-03,3.333333333333333981e-03,4.847533632286994687e-03,1.277904102817598031e-02
8.780487804878047906e-03,3.333333333333333981e-03,4.847533632286994687e-03,1.277904102817598031e-02
8.780487804878047906e-03,3.333333333333333981e-03,4.847533632286994687e-03,1.277904102817598031e-02
8.780487804878047906e-03,3.333333333333333981e-03,4.847533632286994687e-03,1.277904102817598031e-02
8.780487804878047906e-03,3.333333333333333981e-03,4.847533632286994687e-03,1.277904102817598031e-02
8.780487804878047906e-03,3.333333333333333981e-03,4.847533632286994687e-03,1.277904102817598031e-02
8.780487804878047906e-03,3.333333333333333981e-03,4.847533632286994687e-03,1.277904102817598031e-02
8.780487804878047906e-03,3.333333333333333981e-03,4.847533632286994687e-03,1.277904102817598031e-02
8.780487804878047906e-03,3.333333333333333981e-03,4.847533632286994687e-03,1.277904102817598031e-02
8.780487804878047906e-03,3.333333333333333981e-03,4.847533632286994687e-03,1.277904102817598031e-02
8.780487804878047906e-03,3.333333333333333981e-03,4.847533632286994687e-03,1.277904102817598031e-02
8.780487804878047906e-03,3.333333333333333981e-03,4.847533632286994687e-03,1.277904102817598031e-02
8.780487804878047906e-03,3.333333333333333981e-03,4.847533632286994687e-03,1.277904102817598031e-02
8.780487804878047906e-03,3.333333333333333981e-03,4.847533632286994687e-03,1.277904102817598031e-02
8.780487804878047906e-03,3.333333333333333981e-03,4.847533632286994687e-03,1.277904102817598031e-02
8.780487804878047906e-03,3.333333333333333981e-03,4.847533632286994687e-03,1.277904102817598031e-02
8.780487804878047906e-03,3.333333333333333981e-03,4.847533632286994687e-03,1.277904102817598031e-02
8.780487804878047906e-03,3.333333333333333981e-03,4.847533632286994687e-03,1.277904102817598031e-02
8.780487804878047906e-03,3.333333333333333981e-03,4.847533632286994687e-03,1.277904102817598031e-02
8.780487804878047906e-03,3.333333333333333981e-03,4.847533632286994687e-03,1.277904102817598031e-02
8.780487804878047906e-03,3.333333333333333981e-03,4.847533632286994687e-03,1.277904102817598031e-02
8.780487804878047906e-03,3.333333333333333981e-03,4.847533632286994687e-03,1.277904102817598031e-02
8.780487804878047906e-03,3.333333333333333981e-03,4.847533632286994687e-03,1.277904102817598031e-02
8.780487804878047906e-03,3.333333333333333981e-03,4.847533632286994687e-03,1.277904102817598031e-02
8.780487804878047906e-03,3.333333333333333981e-03,4.847533632286994687e-03,1.277904102817598031e-02
8.780487804878047906e-03,3.333333333333333981e-03,4.847533632286994687e-03,1.277904102817598031e-02
8.780487804878047906e-03,3.333333333333333981e-03,4.847533632286994687e-03,1.277904102817598031e-02
8.780487804878047906e-03,3.333333333333333981e-03,4.847533632286994687e-03,1.277904102817598031e-02
8.780487804878047906e-03,3.333333333333333981e-03,4.847533632286994687e-03,1.277904102817598031e-02
8.780487804878047906e-03,3.333333333333333981e-03,4.847533632286994687e-03,1.277904102817598031e-02
8.780487804878047906e-03,3.333333333333333981e-03,4.847533632286994687e-03,1.277904102817598031e-02
8.780487804878047906e-03,3.333333333333333981e-03,4.847533632286994687e-03,1.277904102817598031e-02
8.780487804878047906e-03,3.333333333333333981e-03,4.847533632286994687e-03,1.277904102817598031e-02
8.780487804878047906e-03,3.333333333333333981e-03,4.847533632286994687e-03,1.277904102817598031e-02
8.780487804878047906e-03,3.333333333333333981e-03,4.847533632286994687e-03,1.277904102817598031e-02
8.780487804878047906e-03,3.333333333333333981e-03,4.847533632286994687e-03,1.277904102817598031e-02
8.780487804878047906e-03,3.333333333333333981e-03,4.847533632286994687e-03,1.277904102817598031e-02
8.780487804878047906e-03,3.333333333333333981e-03,4.847533632286994687e-03,1.277904102817598031e-02
8.780487804878047906e-03,3.333333333333333981e-03,4.847533632286994687e-03,1.277904102817598031e-02
8.780487804878047906e-03,3.333333333333333981e-03,4.847533632286994687e-03,1.277904102817598031e-02
8.780487804878047906e-03,3.333333333333333981e-03,4.847533632286994687e-03,1.277904102817598031e-02
8.780487804878047906e-03,3.333333333333333981e-03,4.847533632286994687e-03,1.277904102817598031e-02
8.780487804878047906e-03,3.333333333333333981e-03,4.847533632286994687e-03,1.277904102817598031e-02
8.780487804878047906e-03,3.333333333333333981e-03,4.847533632286994687e-03,1.277904102817598031e-02
8.780487804878047906e-03,3.333333333333333981e-03,4.847533632286994687e-03,1.277904102817598031e-02
8.780487804878047906e-03,3.333333333333333981e-03,4.847533632286994687e-03,1.277904102817598031e-02
8.780487804878047906e-03,3.333333333333333981e-03,4.847533632286994687e-03,1.277904102817598031e-02
8.780487804878047906e-03,3.333333333333333981e-03,4.847533632286994687e-03,1.277904102817598031e-02
8.780487804878047906e-03,3.333333333333333981e-03,4.847533632286994687e-03,1.277904102817598031e-02
8.780487804878047906e-03,3.333333333333333981e-03,4.847533632286994687e-03,1.277904102817598031e-02
8.780487804878047906e-03,3.333333333333333981e-03,4.847533632286994687e-03,1.277904102817598031e-02
8.780487804878047906e-03,3.333333333333333981e-03,4.847533632286994687e-03,1.277904102817598031e-02
8.780487804878047906e-03,3.333333333333333981e-03,4.847533632286994687e-03,1.277904102817598031e-02
8.780487804878047906e-03,3.333333333333333981e-03,4.847533632286994687e-03,1.277904102817598031e-02
8.780487804878047906e-03,3.333333333333333981e-03,4.847533632286994687e-03,1.277904102817598031e-02
8.780487804878047906e-03,3.333333333333333981e-03,4.847533632286994687e-03,1.277904102817598031e-02
8.780487804878047906e-03,3.333333333333333981e-03,4.847533632286994687e-03,1.277904102817598031e-02
8.780487804878047906e-03,3.333333333333333981e-03,4.847533632286994687e-03,1.277904102817598031e-02
8.780487804878047906e-03,3.333333333333333981e-03,4.847533632286994687e-03,1.277904102817598031e-02
8.780487804878047906e-03,3.333333333333333981e-03,4.847533632286994687e-03,1.277904102817598031e-02
8.780487804878047906e-03,3.333333333333333981e-03,4.847533632286994687e-03,1.277904102817598031e-02
8.780487804878047906e-03,3.333333333333333981e-03,4.847533632286994687e-03,1.277904102817598031e-02
8.780487804878047906e-03,3.333333333333333981e-03,4.847533632286994687e-03,1.277904102817598031e-02
8.780487804878047906e-03,3.333333333333333981e-03,4.847533632286994687e-03,1.277904102817598031e-02
8.780487804878047906e-03,3.333333333333333981e-03,4.847533632286994687e-03,1.277904102817598031e-02
8.780487804878047906e-03,3.333333333333333981e-03,4.847533632286994687e-03,1.277904102817598031e-02
8.780487804878047906e-03,3.333333333333333981e-03,4.847533632286994687e-03,1.277904102817598031e-02
8.780487804878047906e-03,3.333333333333333981e-03,4.847533632286994687e-03,1.277904102817598031e-02
8.780487804878047906e-03,3.333333333333333981e-03,4.847533632286994687e-03,1.277904102817598031e-02
8.780487804878047906e-03,3.333333333333333981e-03,4.847533632286994687e-03,1.277904102817598031e-02
8.780487804878047906e-03,3.333333333333333981e-03,4.847533632286994687e-03,1.277904102817598031e-02
8.780487804878047906e-03,3.333333333333333981e-03,4.847533632286994687e-03,1.277904102817598031e-02
8.780487804878047906e-03,3.333333333333333981e-03,4.847533632286994687e-03,1.277904102817598031e-02
8.780487804878047906e-03,3.333333333333333981e-03,4.847533632286994687e-03,1.277904102817598031e-02
8.780487804878047906e-03,3.333333333333333981e-03,4.847533632286994687e-03,1.277904102817598031e-02
8.780487804878047906e-03,3.333333333333333981e-03,4.847533632286994687e-03,1.277904102817598031e-02
8.780487804878047906e-03,3.333333333333333981e-03,4.847533632286994687e-03,1.277904102817598031e-02
8.780487804878047906e-03,3.333333333333333981e-03,4.847533632286994687e-03,1.277904102817598031e-02
8.780487804878047906e-03,3.333333333333333981e-03,4.847533632286994687e-03,1.277904102817598031e-02
8.780487804878047906e-03,3.333333333333333981e-03,4.847533632286994687e-03,1.277904102817598031e-02
8.780487804878047906e-03,3.333333333333333981e-03,4.847533632286994687e-03,1.277904102817598031e-02
8.780487804878047906e-03,3.333333333333333981e-03,4.847533632286994687e-03,1.277904102817598031e-02
8.780487804878047906e-03,3.333333333333333981e-03,4.847533632286994687e-03,1.277904102817598031e-02
8.780487804878047906e-03,3.333333333333333981e-03,4.847533632286994687e-03,1.277904102817598031e-02
8.780487804878047906e-03,3.333333333333333981e-03,4.847533632286994687e-03,1.277904102817598031e-02
8.780487804878047906e-03,3.333333333333333981e-03,4.847533632286994687e-03,1.277904102817598031e-02
8.780487804878047906e-03,3.333333333333333981e-03,4.847533632286994687e-03,1.277904102817598031e-02
8.780487804878047906e-03,3.333333333333333981e-03,4.847533632286994687e-03,1.277904102817598031e-02
8.780487804878047906e-03,3.333333333333333981e-03,4.847533632286994687e-03,1.277904102817598031e-02
8.780487804878047906e-03,3.333333333333333981e-03,4.847533632286994687e-03,1.277904102817598031e-02
8.780487804878047906e-03,3.333333333333333981e-03,4.847533632286994687e-03,1.277904102817598031e-02
8.780487804878047906e-03,3.333333333333333981e-03,4.847533632286994687e-03,1.277904102817598031e-02
8.780487804878047906e-03,3.333333333333333981e-03,4.847533632286994687e-03,1.277904102817598031e-02
8.780487804878047906e-03,3.333333333333333981e-03,4.847533632286994687e-03,1.277904102817598031e-02
8.780487804878047906e-03,3.333333333333333981e-03,4.847533632286994687e-03,1.277904102817598031e-02
8.780487804878047906e-03,3.333333333333333981e-03,4.847533632286994687e-03,1.277904102817598031e-02
8.780487804878047906e-03,3.333333333333333981e-03,4.847533632286994687e-03,1.277904102817598031e-02
8.780487804878047906e-03,3.333333333333333981e-03,4.847533632286994687e-03,1.277904102817598031e-02
8.780487804878047906e-03,3.333333333333333981e-03,4.847533632286994687e-03,1.277904102817598031e-02
8.780487804878047906e-03,3.333333333333333981e-03,4.847533632286994687e-03,1.277904102817598031e-02
8.780487804878047906e-03,3.333333333333333981e-03,4.847533632286994687e-03,1.277904102817598031e-02
8.780487804878047906e-03,3.333333333333333981e-03,4.847533632286994687e-03,1.277904102817598031e-02
8.780487804878047906e-03,3.333333333333333981e-03,4.847533632286994687e-03,1.277904102817598031e-02
8.780487804878047906e-03,3.333333333333333981e-03,4.847533632286994687e-03,1.277904102817598031e-02
8.780487804878047906e-03,3.333333333333333981e-03,4.847533632286994687e-03,1.277904102817598031e-02
8.780487804878047906e-03,3.333333333333333981e-03,4.847533632286994687e-03,1.277904102817598031e-02
8.780487804878047906e-03,3.333333333333333981e-03,4.847533632286994687e-03,1.277904102817598031e-02
8.780487804878047906e-03,3.333333333333333981e-03,4.847533632286994687e-03,1.277904102817598031e-02
8.780487804878047906e-03,3.333333333333333981e-03,4.847533632286994687e-03,1.277904102817598031e-02
8.780487804878047906e-03,3.333333333333333981e-03,4.847533632286994687e-03,1.277904102817598031e-02
8.780487804878047906e-03,3.333333333333333981e-03,4.847533632286994687e-03,1.277904102817598031e-02
8.780487804878047906e-03,3.333333333333333981e-03,4.847533632286994687e-03,1.277904102817598031e-02
8.780487804878047906e-03,3.333333333333333981e-03,4.847533632286994687e-03,1.277904102817598031e-02
8.780487804878047906e-03,3.333333333333333981e-03,4.847533632286994687e-03,1.277904102817598031e-02
8.780487804878047906e-03,3.333333333333333981e-03,4.847533632286994687e-03,1.277904102817598031e-02
8.780487804878047906e-03,3.333333333333333981e-03,4.847533632286994687e-03,1.277904102817598031e-02
8.780487804878047906e-03,3.333333333333333981e-03,4.847533632286994687e-03,1.277904102817598031e-02
8.780487804878047906e-03,3.333333333333333981e-03,4.847533632286994687e-03,1.277904102817598031e-02
8.780487804878047906e-03,3.333333333333333981e-03,4.847533632286994687e-03,1.277904102817598031e-02
8.780487804878047906e-03,3.333333333333333981e-03,4.847533632286994687e-03,1.277904102817598031e-02
8.780487804878047906e-03,3.333333333333333981e-03,4.847533632286994687e-03,1.277904102817598031e-02
8.780487804878047906e-03,3.333333333333333981e-03,4.847533632286994687e-03,1.277904102817598031e-02
8.780487804878047906e-03,3.333333333333333981e-03,4.847533632286994687e-03,1.277904102817598031e-02
8.780487804878047906e-03,3.333333333333333981e-03,4.847533632286994687e-03,1.277904102817598031e-02
8.780487804878047906e-03,3.333333333333333981e-03,4.847533632286994687e-03,1.277904102817598031e-02
8.780487804878047906e-03,3.333333333333333981e-03,4.847533632286994687e-03,1.277904102817598031e-02
8.780487804878047906e-03,3.333333333333333981e-03,4.847533632286994687e-03,1.277904102817598031e-02
8.780487804878047906e-03,3.333333333333333981e-03,4.847533632286994687e-03,1.277904102817598031e-02
8.780487804878047906e-03,3.333333333333333981e-03,4.847533632286994687e-03,1.277904102817598031e-02
8.780487804878047906e-03,3.333333333333333981e-03,4.847533632286994687e-03,1.277904102817598031e-02
8.780487804878047906e-03,3.333333333333333981e-03,4.847533632286994687e-03,1.277904102817598031e-02
8.780487804878047906e-03,3.333333333333333981e-03,4.847533632286994687e-03,1.277904102817598031e-02
8.780487804878047906e-03,3.333333333333333981e-03,4.847533632286994687e-03,1.277904102817598031e-02
8.780487804878047906e-03,3.333333333333333981e-03,4.847533632286994687e-03,1.277904102817598031e-02
8.780487804878047906e-03,3.333333333333333981e-03,4.847533632286994687e-03,1.277904102817598031e-02
8.780487804878047906e-03,3.333333333333333981e-03,4.847533632286994687e-03,1.277904102817598031e-02
8.780487804878047906e-03,3.333333333333333981e-03,4.847533632286994687e-03,1.277904102817598031e-02
8.780487804878047906e-03,3.333333333333333981e-03,4.847533632286994687e-03,1.277904102817598031e-02
8.780487804878047906e-03,3.333333333333333981e-03,4.847533632286994687e-03,1.277904102817598031e-02
8.780487804878047906e-03,3.333333333333333981e-03,4.847533632286994687e-03,1.277904102817598031e-02
8.780487804878047906e-03,3.333333333333333981e-03,4.847533632286994687e-03,1.277904102817598031e-02
8.780487804878047906e-03,3.333333333333333981e-03,4.847533632286994687e-03,1.277904102817598031e-02
8.780487804878047906e-03,3.333333333333333981e-03,4.847533632286994687e-03,1.277904102817598031e-02
8.780487804878047906e-03,3.333333333333333981e-03,4.847533632286994687e-03,1.277904102817598031e-02
8.780487804878047906e-03,3.333333333333333981e-03,4.847533632286994687e-03,1.277904102817598031e-02
8.780487804878047906e-03,3.333333333333333981e-03,4.847533632286994687e-03,1.277904102817598031e-02
8.780487804878047906e-03,3.333333333333333981e-03,4.847533632286994687e-03,1.277904102817598031e-02
8.780487804878047906e-03,3.333333333333333981e-03,4.847533632286994687e-03,1.277904102817598031e-02
8.780487804878047906e-03,3.333333333333333981e-03,4.847533632286994687e-03,1.277904102817598031e-02
8.780487804878047906e-03,3.333333333333333981e-03,4.847533632286994687e-03,1.277904102817598031e-02
8.780487804878047906e-03,3.333333333333333981e-03,4.847533632286994687e-03,1.277904102817598031e-02
8.780487804878047906e-03,3.333333333333333981e-03,4.847533632286994687e-03,1.277904102817598031e-02
8.780487804878047906e-03,3.333333333333333981e-03,4.847533632286994687e-03,1.277904102817598031e-02
8.780487804878047906e-03,3.333333333333333981e-03,4.847533632286994687e-03,1.277904102817598031e-02
8.780487804878047906e-03,3.333333333333333981e-03,4.847533632286994687e-03,1.277904102817598031e-02
8.780487804878047906e-03,3.333333333333333981e-03,4.847533632286994687e-03,1.277904102817598031e-02
8.780487804878047906e-03,3.333333333333333981e-03,4.847533632286994687e-03,1.277904102817598031e-02
8.780487804878047906e-03,3.333333333333333981e-03,4.847533632286994687e-03,1.277904102817598031e-02
8.780487804878047906e-03,3.333333333333333981e-03,4.847533632286994687e-03,1.277904102817598031e-02
8.780487804878047906e-03,3.333333333333333981e-03,4.847533632286994687e-03,1.277904102817598031e-02
8.780487804878047906e-03,3.333333333333333981e-03,4.847533632286994687e-03,1.277904102817598031e-02
8.780487804878047906e-03,3.333333333333333981e-03,4.847533632286994687e-03,1.277904102817598031e-02
8.780487804878047906e-03,3.333333333333333981e-03,4.847533632286994687e-03,1.277904102817598031e-02
8.780487804878047906e-03,3.333333333333333981e-03,4.847533632286994687e-03,1.277904102817598031e-02
8.780487804878047906e-03,3.333333333333333981e-03,4.847533632286994687e-03,1.277904102817598031e-02
8.780487804878047906e-03,3.333333333333333981e-03,4.847533632286994687e-03,1.277904102817598031e-02
8.780487804878047906e-03,3.333333333333333981e-03,4.847533632286994687e-03,1.277904102817598031e-02
8.780487804878047906e-03,3.333333333333333981e-03,4.847533632286994687e-03,1.277904102817598031e-02
8.780487804878047906e-03,3.333333333333333981e-03,4.847533632286994687e-03,1.277904102817598031e-02
8.780487804878047906e-03,3.333333333333333981e-03,4.847533632286994687e-03,1.277904102817598031e-02
8.780487804878047906e-03,3.333333333333333981e-03,4.847533632286994687e-03,1.277904102817598031e-02
8.780487804878047906e-03,3.333333333333333981e-03,4.847533632286994687e-03,1.277904102817598031e-02
8.780487804878047906e-03,3.333333333333333981e-03,4.847533632286994687e-03,1.277904102817598031e-02
8.780487804878047906e-03,3.333333333333333981e-03,4.847533632286994687e-03,1.277904102817598031e-02
8.780487804878047906e-03,3.333333333333333981e-03,4.847533632286994687e-03,1.277904102817598031e-02
8.780487804878047906e-03,3.333333333333333981e-03,4.847533632286994687e-03,1.277904102817598031e-02
8.780487804878047906e-03,3.333333333333333981e-03,4.847533632286994687e-03,1.277904102817598031e-02
8.780487804878047906e-03,3.333333333333333981e-03,4.847533632286994687e-03,1.277904102817598031e-02
8.780487804878047906e-03,3.333333333333333981e-03,4.847533632286994687e-03,1.277904102817598031e-02
8.780487804878047906e-03,3.333333333333333981e-03,4.847533632286994687e-03,1.277904102817598031e-02
8.780487804878047906e-03,3.333333333333333981e-03,4.847533632286994687e-03,1.277904102817598031e-02
8.780487804878047906e-03,3.333333333333333981e-03,4.847533632286994687e-03,1.277904102817598031e-02
8.780487804878047906e-03,3.333333333333333981e-03,4.847533632286994687e-03,1.277904102817598031e-02
8.780487804878047906e-03,3.333333333333333981e-03,4.847533632286994687e-03,1.277904102817598031e-02
8.780487804878047906e-03,3.333333333333333981e-03,4.847533632286994687e-03,1.277904102817598031e-02
8.780487804878047906e-03,3.333333333333333981e-03,4.847533632286994687e-03,1.277904102817598031e-02
8.780487804878047906e-03,3.333333333333333981e-03,4.847533632286994687e-03,1.277904102817598031e-02
8.780487804878047906e-03,3.333333333333333981e-03,4.847533632286994687e-03,1.277904102817598031e-02
8.780487804878047906e-03,3.333333333333333981e-03,4.847533632286994687e-03,1.277904102817598031e-02
8.780487804878047906e-03,3.333333333333333981e-03,4.847533632286994687e-03,1.277904102817598031e-02
8.780487804878047906e-03,3.333333333333333981e-03,4.847533632286994687e-03,1.277904102817598031e-02
8.780487804878047906e-03,3.333333333333333981e-03,4.847533632286994687e-03,1.277904102817598031e-02
8.780487804878047906e-03,3.333333333333333981e-03,4.847533632286994687e-03,1.277904102817598031e-02
8.780487804878047906e-03,3.333333333333333981e-03,4.847533632286994687e-03,1.277904102817598031e-02
8.780487804878047906e-03,3.333333333333333981e-03,4.847533632286994687e-03,1.277904102817598031e-02
8.780487804878047906e-03,3.333333333333333981e-03,4.847533632286994687e-03,1.277904102817598031e-02
8.780487804878047906e-03,3.333333333333333981e-03,4.847533632286994687e-03,1.277904102817598031e-02
8.780487804878047906e-03,3.333333333333333981e-03,4.847533632286994687e-03,1.277904102817598031e-02
8.780487804878047906e-03,3.333333333333333981e-03,4.847533632286994687e-03,1.277904102817598031e-02
8.780487804878047906e-03,3.333333333333333981e-03,4.847533632286994687e-03,1.277904102817598031e-02
8.780487804878047906e-03,3.333333333333333981e-03,4.847533632286994687e-03,1.277904102817598031e-02
8.780487804878047906e-03,3.333333333333333981e-03,4.847533632286994687e-03,1.277904102817598031e-02
8.780487804878047906e-03,3.333333333333333981e-03,4.847533632286994687e-03,1.277904102817598031e-02
8.780487804878047906e-03,3.333333333333333981e-03,4.847533632286994687e-03,1.277904102817598031e-02
8.780487804878047906e-03,3.333333333333333981e-03,4.847533632286994687e-03,1.277904102817598031e-02
8.780487804878047906e-03,3.333333333333333981e-03,4.847533632286994687e-03,1.277904102817598031e-02
8.780487804878047906e-03,3.333333333333333981e-03,4.847533632286994687e-03,1.277904102817598031e-02
8.780487804878047906e-03,3.333333333333333981e-03,4.847533632286994687e-03,1.277904102817598031e-02
8.780487804878047906e-03,3.333333333333333981e-03,4.847533632286994687e-03,1.277904102817598031e-02
8.780487804878047906e-03,3.333333333333333981e-03,4.847533632286994687e-03,1.277904102817598031e-02
8.780487804878047906e-03,3.333333333333333981e-03,4.847533632286994687e-03,1.277904102817598031e-02
8.780487804878047906e-03,3.333333333333333981e-03,4.847533632286994687e-03,1.277904102817598031e-02
8.780487804878047906e-03,3.333333333333333981e-03,4.847533632286994687e-03,1.277904102817598031e-02
8.780487804878047906e-03,3.333333333333333981e-03,4.847533632286994687e-03,1.277904102817598031e-02
8.780487804878047906e-03,3.333333333333333981e-03,4.847533632286994687e-03,1.277904102817598031e-02
8.780487804878047906e-03,3.333333333333333981e-03,4.847533632286994687e-03,1.277904102817598031e-02
8.780487804878047906e-03,3.333333333333333981e-03,4.847533632286994687e-03,1.277904102817598031e-02
8.780487804878047906e-03,3.333333333333333981e-03,4.847533632286994687e-03,1.277904102817598031e-02
8.780487804878047906e-03,3.333333333333333981e-03,4.847533632286994687e-03,1.277904102817598031e-02
8.780487804878047906e-03,3.333333333333333981e-03,4.847533632286994687e-03,1.277904102817598031e-02
8.780487804878047906e-03,3.333333333333333981e-03,4.847533632286994687e-03,1.277904102817598031e-02
8.780487804878047906e-03,3.333333333333333981e-03,4.847533632286994687e-03,1.277904102817598031e-02
8.780487804878047906e-03,3.333333333333333981e-03,4.847533632286994687e-03,1.277904102817598031e-02
8.780487804878047906e-03,3.333333333333333981e-03,4.847533632286994687e-03,1.277904102817598031e-02
8.780487804878047906e-03,3.333333333333333981e-03,4.847533632286994687e-03,1.277904102817598031e-02
8.780487804878047906e-03,3.333333333333333981e-03,4.847533632286994687e-03,1.277904102817598031e-02
8.780487804878047906e-03,3.333333333333333981e-03,4.847533632286994687e-03,1.277904102817598031e-02
8.780487804878047906e-03,3.333333333333333981e-03,4.847533632286994687e-03,1.277904102817598031e-02
8.780487804878047906e-03,3.333333333333333981e-03,4.847533632286994687e-03,1.277904102817598031e-02
8.780487804878047906e-03,3.333333333333333981e-03,4.847533632286994687e-03,1.277904102817598031e-02
8.780487804878047906e-03,3.333333333333333981e-03,4.847533632286994687e-03,1.277904102817598031e-02
8.780487804878047906e-03,3.333333333333333981e-03,4.847533632286994687e-03,1.277904102817598031e-02
8.780487804878047906e-03,3.333333333333333981e-03,4.847533632286994687e-03,1.277904102817598031e-02
8.780487804878047906e-03,3.333333333333333981e-03,4.847533632286994687e-03,1.277904102817598031e-02
8.780487804878047906e-03,3.333333333333333981e-03,4.847533632286994687e-03,1.277904102817598031e-02
8.780487804878047906e-03,3.333333333333333981e-03,4.847533632286994687e-03,1.277904102817598031e-02
8.780487804878047906e-03,3.333333333333333981e-03,4.847533632286994687e-03,1.277904102817598031e-02
8.780487804878047906e-03,3.333333333333333981e-03,4.847533632286994687e-03,1.277904102817598031e-02
8.780487804878047906e-03,3.333333333333333981e-03,4.847533632286994687e-03,1.277904102817598031e-02
8.780487804878047906e-03,3.333333333333333981e-03,4.847533632286994687e-03,1.277904102817598031e-02
8.780487804878047906e-03,3.333333333333333981e-03,4.847533632286994687e-03,1.277904102817598031e-02
8.780487804878047906e-03,3.333333333333333981e-03,4.847533632286994687e-03,1.277904102817598031e-02
8.780487804878047906e-03,3.333333333333333981e-03,4.847533632286994687e-03,1.277904102817598031e-02
8.780487804878047906e-03,3.333333333333333981e-03,4.847533632286994687e-03,1.277904102817598031e-02
8.780487804878047906e-03,3.333333333333333981e-03,4.847533632286994687e-03,1.277904102817598031e-02
8.780487804878047906e-03,3.333333333333333981e-03,4.847533632286994687e-03,1.277904102817598031e-02
8.780487804878047906e-03,3.333333333333333981e-03,4.847533632286994687e-03,1.277904102817598031e-02
8.780487804878047906e-03,3.333333333333333981e-03,4.847533632286994687e-03,1.277904102817598031e-02
8.780487804878047906e-03,3.333333333333333981e-03,4.847533632286994687e-03,1.277904102817598031e-02
8.780487804878047906e-03,3.333333333333333981e-03,4.847533632286994687e-03,1.277904102817598031e-02
8.780487804878047906e-03,3.333333333333333981e-03,4.847533632286994687e-03,1.277904102817598031e-02
8.780487804878047906e-03,3.333333333333333981e-03,4.847533632286994687e-03,1.277904102817598031e-02
8.780487804878047906e-03,3.333333333333333981e-03,4.847533632286994687e-03,1.277904102817598031e-02
8.780487804878047906e-03,3.333333333333333981e-03,4.847533632286994687e-03,1.277904102817598031e-02
8.780487804878047906e-03,3.333333333333333981e-03,4.847533632286994687e-03,1.277904102817598031e-02
8.780487804878047906e-03,3.333333333333333981e-03,4.847533632286994687e-03,1.277904102817598031e-02
8.780487804878047906e-03,3.333333333333333981e-03,4.847533632286994687e-03,1.277904102817598031e-02
8.780487804878047906e-03,3.333333333333333981e-03,4.847533632286994687e-03,1.277904102817598031e-02
8.780487804878047906e-03,3.333333333333333981e-03,4.847533632286994687e-03,1.277904102817598031e-02
8.780487804878047906e-03,3.333333333333333981e-03,4.847533632286994687e-03,1.277904102817598031e-02
8.780487804878047906e-03,3.333333333333333981e-03,4.847533632286994687e-03,1.277904102817598031e-02
8.780487804878047906e-03,3.333333333333333981e-03,4.847533632286994687e-03,1.277904102817598031e-02
8.780487804878047906e-03,3.333333333333333981e-03,4.847533632286994687e-03,1.277904102817598031e-02
8.780487804878047906e-03,3.333333333333333981e-03,4.847533632286994687e-03,1.277904102817598031e-02
8.780487804878047906e-03,3.333333333333333981e-03,4.847533632286994687e-03,1.277904102817598031e-02
8.780487804878047906e-03,3.333333333333333981e-03,4.847533632286994687e-03,1.277904102817598031e-02
8.780487804878047906e-03,3.333333333333333981e-03,4.847533632286994687e-03,1.277904102817598031e-02
8.780487804878047906e-03,3.333333333333333981e-03,4.847533632286994687e-03,1.277904102817598031e-02
8.780487804878047906e-03,3.333333333333333981e-03,4.847533632286994687e-03,1.277904102817598031e-02
8.780487804878047906e-03,3.333333333333333981e-03,4.847533632286994687e-03,1.277904102817598031e-02
8.780487804878047906e-03,3.333333333333333981e-03,4.847533632286994687e-03,1.277904102817598031e-02
8.780487804878047906e-03,3.333333333333333981e-03,4.847533632286994687e-03,1.277904102817598031e-02
8.780487804878047906e-03,3.333333333333333981e-03,4.847533632286994687e-03,1.277904102817598031e-02
8.780487804878047906e-03,3.333333333333333981e-03,4.847533632286994687e-03,1.277904102817598031e-02
8.780487804878047906e-03,3.333333333333333981e-03,4.847533632286994687e-03,1.277904102817598031e-02
8.780487804878047906e-03,3.333333333333333981e-03,4.847533632286994687e-03,1.277904102817598031e-02
8.780487804878047906e-03,3.333333333333333981e-03,4.847533632286994687e-03,1.277904102817598031e-02
8.780487804878047906e-03,3.333333333333333981e-03,4.847533632286994687e-03,1.277904102817598031e-02
8.780487804878047906e-03,3.333333333333333981e-03,4.847533632286994687e-03,1.277904102817598031e-02
8.780487804878047906e-03,3.333333333333333981e-03,4.847533632286994687e-03,1.277904102817598031e-02
8.780487804878047906e-03,3.333333333333333981e-03,4.847533632286994687e-03,1.277904102817598031e-02
8.780487804878047906e-03,3.333333333333333981e-03,4.847533632286994687e-03,1.277904102817598031e-02
8.780487804878047906e-03,3.333333333333333981e-03,4.847533632286994687e-03,1.277904102817598031e-02
8.780487804878047906e-03,3.333333333333333981e-03,4.847533632286994687e-03,1.277904102817598031e-02
8.780487804878047906e-03,3.333333333333333981e-03,4.847533632286994687e-03,1.277904102817598031e-02
8.780487804878047906e-03,3.333333333333333981e-03,4.847533632286994687e-03,1.277904102817598031e-02
8.780487804878047906e-03,3.333333333333333981e-03,4.847533632286994687e-03,1.277904102817598031e-02
8.780487804878047906e-03,3.333333333333333981e-03,4.847533632286994687e-03,1.277904102817598031e-02
8.780487804878047906e-03,3.333333333333333981e-03,4.847533632286994687e-03,1.277904102817598031e-02
8.780487804878047906e-03,3.333333333333333981e-03,4.847533632286994687e-03,1.277904102817598031e-02
8.780487804878047906e-03,3.333333333333333981e-03,4.847533632286994687e-03,1.277904102817598031e-02
8.780487804878047906e-03,3.333333333333333981e-03,4.847533632286994687e-03,1.277904102817598031e-02
8.780487804878047906e-03,3.333333333333333981e-03,4.847533632286994687e-03,1.277904102817598031e-02
8.780487804878047906e-03,3.333333333333333981e-03,4.847533632286994687e-03,1.277904102817598031e-02
8.780487804878047906e-03,3.333333333333333981e-03,4.847533632286994687e-03,1.277904102817598031e-02
8.780487804878047906e-03,3.333333333333333981e-03,4.847533632286994687e-03,1.277904102817598031e-02
8.780487804878047906e-03,3.333333333333333981e-03,4.847533632286994687e-03,1.277904102817598031e-02
8.780487804878047906e-03,3.333333333333333981e-03,4.847533632286994687e-03,1.277904102817598031e-02
8.780487804878047906e-03,3.333333333333333981e-03,4.847533632286994687e-03,1.277904102817598031e-02
8.780487804878047906e-03,3.333333333333333981e-03,4.847533632286994687e-03,1.277904102817598031e-02
8.780487804878047906e-03,3.333333333333333981e-03,4.847533632286994687e-03,1.277904102817598031e-02
8.780487804878047906e-03,3.333333333333333981e-03,4.847533632286994687e-03,1.277904102817598031e-02
8.780487804878047906e-03,3.333333333333333981e-03,4.847533632286994687e-03,1.277904102817598031e-02
8.780487804878047906e-03,3.333333333333333981e-03,4.847533632286994687e-03,1.277904102817598031e-02
8.780487804878047906e-03,3.333333333333333981e-03,4.847533632286994687e-03,1.277904102817598031e-02
8.780487804878047906e-03,3.333333333333333981e-03,4.847533632286994687e-03,1.277904102817598031e-02
8.780487804878047906e-03,3.333333333333333981e-03,4.847533632286994687e-03,1.277904102817598031e-02
8.780487804878047906e-03,3.333333333333333981e-03,4.847533632286994687e-03,1.277904102817598031e-02
8.780487804878047906e-03,3.333333333333333981e-03,4.847533632286994687e-03,1.277904102817598031e-02
8.780487804878047906e-03,3.333333333333333981e-03,4.847533632286994687e-03,1.277904102817598031e-02
8.780487804878047906e-03,3.333333333333333981e-03,4.847533632286994687e-03,1.277904102817598031e-02
8.780487804878047906e-03,3.333333333333333981e-03,4.847533632286994687e-03,1.277904102817598031e-02
8.780487804878047906e-03,3.333333333333333981e-03,4.847533632286994687e-03,1.277904102817598031e-02
8.780487804878047906e-03,3.333333333333333981e-03,4.847533632286994687e-03,1.277904102817598031e-02
8.780487804878047906e-03,3.333333333333333981e-03,4.847533632286994687e-03,1.277904102817598031e-02
8.780487804878047906e-03,3.333333333333333981e-03,4.847533632286994687e-03,1.277904102817598031e-02
8.780487804878047906e-03,3.333333333333333981e-03,4.847533632286994687e-03,1.277904102817598031e-02
8.780487804878047906e-03,3.333333333333333981e-03,4.847533632286994687e-03,1.277904102817598031e-02
8.780487804878047906e-03,3.333333333333333981e-03,4.847533632286994687e-03,1.277904102817598031e-02
8.780487804878047906e-03,3.333333333333333981e-03,4.847533632286994687e-03,1.277904102817598031e-02
8.780487804878047906e-03,3.333333333333333981e-03,4.847533632286994687e-03,1.277904102817598031e-02
8.780487804878047906e-03,3.333333333333333981e-03,4.847533632286994687e-03,1.277904102817598031e-02
8.780487804878047906e-03,3.333333333333333981e-03,4.847533632286994687e-03,1.277904102817598031e-02
8.780487804878047906e-03,3.333333333333333981e-03,4.847533632286994687e-03,1.277904102817598031e-02
8.780487804878047906e-03,3.333333333333333981e-03,4.847533632286994687e-03,1.277904102817598031e-02
8.780487804878047906e-03,3.333333333333333981e-03,4.847533632286994687e-03,1.277904102817598031e-02
8.780487804878047906e-03,3.333333333333333981e-03,4.847533632286994687e-03,1.277904102817598031e-02
8.780487804878047906e-03,3.333333333333333981e-03,4.847533632286994687e-03,1.277904102817598031e-02
8.780487804878047906e-03,3.333333333333333981e-03,4.847533632286994687e-03,1.277904102817598031e-02
8.780487804878047906e-03,3.333333333333333981e-03,4.847533632286994687e-03,1.277904102817598031e-02
8.780487804878047906e-03,3.333333333333333981e-03,4.847533632286994687e-03,1.277904102817598031e-02
8.780487804878047906e-03,3.333333333333333981e-03,4.847533632286994687e-03,1.277904102817598031e-02
8.780487804878047906e-03,3.333333333333333981e-03,4.847533632286994687e-03,1.277904102817598031e-02
8.780487804878047906e-03,3.333333333333333981e-03,4.847533632286994687e-03,1.277904102817598031e-02
8.780487804878047906e-03,3.333333333333333981e-03,4.847533632286994687e-03,1.277904102817598031e-02
8.780487804878047906e-03,3.333333333333333981e-03,4.847533632286994687e-03,1.277904102817598031e-02
8.780487804878047906e-03,3.333333333333333981e-03,4.847533632286994687e-03,1.277904102817598031e-02
8.780487804878047906e-03,3.333333333333333981e-03,4.847533632286994687e-03,1.277904102817598031e-02
8.780487804878047906e-03,3.333333333333333981e-03,4.847533632286994687e-03,1.277904102817598031e-02
8.780487804878047906e-03,3.333333333333333981e-03,4.847533632286994687e-03,1.277904102817598031e-02
8.780487804878047906e-03,3.333333333333333981e-03,4.847533632286994687e-03,1.277904102817598031e-02
8.780487804878047906e-03,3.333333333333333981e-03,4.847533632286994687e-03,1.277904102817598031e-02
8.780487804878047906e-03,3.333333333333333981e-03,4.847533632286994687e-03,1.277904102817598031e-02
8.780487804878047906e-03,3.333333333333333981e-03,4.847533632286994687e-03,1.277904102817598031e-02
8.780487804878047906e-03,3.333333333333333981e-03,4.847533632286994687e-03,1.277904102817598031e-02
8.780487804878047906e-03,3.333333333333333981e-03,4.847533632286994687e-03,1.277904102817598031e-02
8.780487804878047906e-03,3.333333333333333981e-03,4.847533632286994687e-03,1.277904102817598031e-02
8.780487804878047906e-03,3.333333333333333981e-03,4.847533632286994687e-03,1.277904102817598031e-02
8.780487804878047906e-03,3.333333333333333981e-03,4.847533632286994687e-03,1.277904102817598031e-02
8.780487804878047906e-03,3.333333333333333981e-03,4.847533632286994687e-03,1.277904102817598031e-02
8.780487804878047906e-03,3.333333333333333981e-03,4.847533632286994687e-03,1.277904102817598031e-02
8.780487804878047906e-03,3.333333333333333981e-03,4.847533632286994687e-03,1.277904102817598031e-02
8.780487804878047906e-03,3.333333333333333981e-03,4.847533632286994687e-03,1.277904102817598031e-02
8.780487804878047906e-03,3.333333333333333981e-03,4.847533632286994687e-03,1.277904102817598031e-02
8.780487804878047906e-03,3.333333333333333981e-03,4.847533632286994687e-03,1.277904102817598031e-02
8.780487804878047906e-03,3.333333333333333981e-03,4.847533632286994687e-03,1.277904102817598031e-02
8.780487804878047906e-03,3.333333333333333981e-03,4.847533632286994687e-03,1.277904102817598031e-02
8.780487804878047906e-03,3.333333333333333981e-03,4.847533632286994687e-03,1.277904102817598031e-02
8.780487804878047906e-03,3.333333333333333981e-03,4.847533632286994687e-03,1.277904102817598031e-02
8.780487804878047906e-03,3.333333333333333981e-03,4.847533632286994687e-03,1.277904102817598031e-02
8.780487804878047906e-03,3.333333333333333981e-03,4.847533632286994687e-03,1.277904102817598031e-02
8.780487804878047906e-03,3.333333333333333981e-03,4.847533632286994687e-03,1.277904102817598031e-02
8.780487804878047906e-03,3.333333333333333981e-03,4.847533632286994687e-03,1.277904102817598031e-02
8.780487804878047906e-03,3.333333333333333981e-03,4.847533632286994687e-03,1.277904102817598031e-02
8.780487804878047906e-03,3.333333333333333981e-03,4.847533632286994687e-03,1.277904102817598031e-02
8.780487804878047906e-03,3.333333333333333981e-03,4.847533632286994687e-03,1.277904102817598031e-02
8.780487804878047906e-03,3.333333333333333981e-03,4.847533632286994687e-03,1.277904102817598031e-02
8.780487804878047906e-03,3.333333333333333981e-03,4.847533632286994687e-03,1.277904102817598031e-02
8.780487804878047906e-03,3.333333333333333981e-03,4.847533632286994687e-03,1.277904102817598031e-02
8.780487804878047906e-03,3.333333333333333981e-03,4.847533632286994687e-03,1.277904102817598031e-02
8.780487804878047906e-03,3.333333333333333981e-03,4.847533632286994687e-03,1.277904102817598031e-02
8.780487804878047906e-03,3.333333333333333981e-03,4.847533632286994687e-03,1.277904102817598031e-02
8.780487804878047906e-03,3.333333333333333981e-03,4.847533632286994687e-03,1.277904102817598031e-02
8.780487804878047906e-03,3.333333333333333981e-03,4.847533632286994687e-03,1.277904102817598031e-02
8.780487804878047906e-03,3.333333333333333981e-03,4.847533632286994687e-03,1.277904102817598031e-02
8.780487804878047906e-03,3.333333333333333981e-03,4.847533632286994687e-03,1.277904102817598031e-02
8.780487804878047906e-03,3.333333333333333981e-03,4.847533632286994687e-03,1.277904102817598031e-02
8.780487804878047906e-03,3.333333333333333981e-03,4.847533632286994687e-03,1.277904102817598031e-02
8.780487804878047906e-03,3.333333333333333981e-03,4.847533632286994687e-03,1.277904102817598031e-02
8.780487804878047906e-03,3.333333333333333981e-03,4.847533632286994687e-03,1.277904102817598031e-02
8.780487804878047906e-03,3.333333333333333981e-03,4.847533632286994687e-03,1.277904102817598031e-02
8.780487804878047906e-03,3.333333333333333981e-03,4.847533632286994687e-03,1.277904102817598031e-02
8.780487804878047906e-03,3.333333333333333981e-03,4.847533632286994687e-03,1.277904102817598031e-02
8.780487804878047906e-03,3.333333333333333981e-03,4.847533632286994687e-03,1.277904102817598031e-02
8.780487804878047906e-03,3.333333333333333981e-03,4.847533632286994687e-03,1.277904102817598031e-02
8.780487804878047906e-03,3.333333333333333981e-03,4.847533632286994687e-03,1.277904102817598031e-02
8.780487804878047906e-03,3.333333333333333981e-03,4.847533632286994687e-03,1.277904102817598031e-02
8.780487804878047906e-03,3.333333333333333981e-03,4.847533632286994687e-03,1.277904102817598031e-02
8.780487804878047906e-03,3.333333333333333981e-03,4.847533632286994687e-03,1.277904102817598031e-02
8.780487804878047906e-03,3.333333333333333981e-03,4.847533632286994687e-03,1.277904102817598031e-02
8.780487804878047906e-03,3.333333333333333981e-03,4.847533632286994687e-03,1.277904102817598031e-02
8.780487804878047906e-03,3.333333333333333981e-03,4.847533632286994687e-03,1.277904102817598031e-02
8.780487804878047906e-03,3.333333333333333981e-03,4.847533632286994687e-03,1.277904102817598031e-02
8.780487804878047906e-03,3.333333333333333981e-03,4.847533632286994687e-03,1.277904102817598031e-02
8.780487804878047906e-03,3.333333333333333981e-03,4.847533632286994687e-03,1.277904102817598031e-02
8.780487804878047906e-03,3.333333333333333981e-03,4.847533632286994687e-03,1.277904102817598031e-02
8.780487804878047906e-03,3.333333333333333981e-03,4.847533632286994687e-03,1.277904102817598031e-02
8.780487804878047906e-03,3.333333333333333981e-03,4.847533632286994687e-03,1.277904102817598031e-02
8.780487804878047906e-03,3.333333333333333981e-03,4.847533632286994687e-03,1.277904102817598031e-02
8.780487804878047906e-03,3.333333333333333981e-03,4.847533632286994687e-03,1.277904102817598031e-02
8.780487804878047906e-03,3.333333333333333981e-03,4.847533632286994687e-03,1.277904102817598031e-02
8.780487804878047906e-03,3.333333333333333981e-03,4.847533632286994687e-03,1.277904102817598031e-02
8.780487804878047906e-03,3.333333333333333981e-03,4.847533632286994687e-03,1.277904102817598031e-02
8.780487804878047906e-03,3.333333333333333981e-03,4.847533632286994687e-03,1.277904102817598031e-02
8.780487804878047906e-03,3.333333333333333981e-03,4.847533632286994687e-03,1.277904102817598031e-02
8.780487804878047906e-03,3.333333333333333981e-03,4.847533632286994687e-03,1.277904102817598031e-02
8.780487804878047906e-03,3.333333333333333981e-03,4.847533632286994687e-03,1.277904102817598031e-02
8.780487804878047906e-03,3.333333333333333981e-03,4.847533632286994687e-03,1.277904102817598031e-02
8.780487804878047906e-03,3.333333333333333981e-03,4.847533632286994687e-03,1.277904102817598031e-02
8.780487804878047906e-03,3.333333333333333981e-03,4.847533632286994687e-03,1.277904102817598031e-02
8.780487804878047906e-03,3.333333333333333981e-03,4.847533632286994687e-03,1.277904102817598031e-02
8.780487804878047906e-03,3.333333333333333981e-03,4.847533632286994687e-03,1.277904102817598031e-02
8.780487804878047906e-03,3.333333333333333981e-03,4.847533632286994687e-03,1.277904102817598031e-02
8.780487804878047906e-03,3.333333333333333981e-03,4.847533632286994687e-03,1.277904102817598031e-02
8.780487804878047906e-03,3.333333333333333981e-03,4.847533632286994687e-03,1.277904102817598031e-02
8.780487804878047906e-03,3.333333333333333981e-03,4.847533632286994687e-03,1.277904102817598031e-02
8.780487804878047906e-03,3.333333333333333981e-03,4.847533632286994687e-03,1.277904102817598031e-02
8.780487804878047906e-03,3.333333333333333981e-03,4.847533632286994687e-03,1.277904102817598031e-02
8.780487804878047906e-03,3.333333333333333981e-03,4.847533632286994687e-03,1.277904102817598031e-02
8.780487804878047906e-03,3.333333333333333981e-03,4.847533632286994687e-03,1.277904102817598031e-02
8.780487804878047906e-03,3.333333333333333981e-03,4.847533632286994687e-03,1.277904102817598031e-02
8.780487804878047906e-03,3.333333333333333981e-03,4.847533632286994687e-03,1.277904102817598031e-02
8.780487804878047906e-03,3.333333333333333981e-03,4.847533632286994687e-03,1.277904102817598031e-02
8.780487804878047906e-03,3.333333333333333981e-03,4.847533632286994687e-03,1.277904102817598031e-02
8.780487804878047906e-03,3.333333333333333981e-03,4.847533632286994687e-03,1.277904102817598031e-02
8.780487804878047906e-03,3.333333333333333981e-03,4.847533632286994687e-03,1.277904102817598031e-02
8.780487804878047906e-03,3.333333333333333981e-03,4.847533632286994687e-03,1.277904102817598031e-02
8.780487804878047906e-03,3.333333333333333981e-03,4.847533632286994687e-03,1.277904102817598031e-02
8.780487804878047906e-03,3.333333333333333981e-03,4.847533632286994687e-03,1.277904102817598031e-02
8.780487804878047906e-03,3.333333333333333981e-03,4.847533632286994687e-03,1.277904102817598031e-02
8.780487804878047906e-03,3.333333333333333981e-03,4.847533632286994687e-03,1.277904102817598031e-02
8.780487804878047906e-03,3.333333333333333981e-03,4.847533632286994687e-03,1.277904102817598031e-02
8.780487804878047906e-03,3.333333333333333981e-03,4.847533632286994687e-03,1.277904102817598031e-02
8.780487804878047906e-03,3.333333333333333981e-03,4.847533632286994687e-03,1.277904102817598031e-02
8.780487804878047906e-03,3.333333333333333981e-03,4.847533632286994687e-03,1.277904102817598031e-02
8.780487804878047906e-03,3.333333333333333981e-03,4.847533632286994687e-03,1.277904102817598031e-02
8.780487804878047906e-03,3.333333333333333981e-03,4.847533632286994687e-03,1.277904102817598031e-02
8.780487804878047906e-03,3.333333333333333981e-03,4.847533632286994687e-03,1.277904102817598031e-02
8.780487804878047906e-03,3.333333333333333981e-03,4.847533632286994687e-03,1.277904102817598031e-02
8.780487804878047906e-03,3.333333333333333981e-03,4.847533632286994687e-03,1.277904102817598031e-02
8.780487804878047906e-03,3.333333333333333981e-03,4.847533632286994687e-03,1.277904102817598031e-02
8.780487804878047906e-03,3.333333333333333981e-03,4.847533632286994687e-03,1.277904102817598031e-02
8.780487804878047906e-03,3.333333333333333981e-03,4.847533632286994687e-03,1.277904102817598031e-02
8.780487804878047906e-03,3.333333333333333981e-03,4.847533632286994687e-03,1.277904102817598031e-02
8.780487804878047906e-03,3.333333333333333981e-03,4.847533632286994687e-03,1.277904102817598031e-02
8.780487804878047906e-03,3.333333333333333981e-03,4.847533632286994687e-03,1.277904102817598031e-02
8.780487804878047906e-03,3.333333333333333981e-03,4.847533632286994687e-03,1.277904102817598031e-02
8.780487804878047906e-03,3.333333333333333981e-03,4.847533632286994687e-03,1.277904102817598031e-02
8.780487804878047906e-03,3.333333333333333981e-03,4.847533632286994687e-03,1.277904102817598031e-02
8.780487804878047906e-03,3.333333333333333981e-03,4.847533632286994687e-03,1.277904102817598031e-02
8.780487804878047906e-03,3.333333333333333981e-03,4.847533632286994687e-03,1.277904102817598031e-02
8.780487804878047906e-03,3.333333333333333981e-03,4.847533632286994687e-03,1.277904102817598031e-02
8.780487804878047906e-03,3.333333333333333981e-03,4.847533632286994687e-03,1.277904102817598031e-02
8.780487804878047906e-03,3.333333333333333981e-03,4.847533632286994687e-03,1.277904102817598031e-02
8.780487804878047906e-03,3.333333333333333981e-03,4.847533632286994687e-03,1.277904102817598031e-02
8.780487804878047906e-03,3.333333333333333981e-03,4.847533632286994687e-03,1.277904102817598031e-02
8.780487804878047906e-03,3.333333333333333981e-03,4.847533632286994687e-03,1.277904102817598031e-02
8.780487804878047906e-03,3.333333333333333981e-03,4.847533632286994687e-03,1.277904102817598031e-02
8.780487804878047906e-03,3.333333333333333981e-03,4.847533632286994687e-03,1.277904102817598031e-02
8.780487804878047906e-03,3.333333333333333981e-03,4.847533632286994687e-03,1.277904102817598031e-02
8.780487804878047906e-03,3.333333333333333981e-03,4.847533632286994687e-03,1.277904102817598031e-02
8.780487804878047906e-03,3.333333333333333981e-03,4.847533632286994687e-03,1.277904102817598031e-02
8.780487804878047906e-03,3.333333333333333981e-03,4.847533632286994687e-03,1.277904102817598031e-02
8.780487804878047906e-03,3.333333333333333981e-03,4.847533632286994687e-03,1.277904102817598031e-02
8.780487804878047906e-03,3.333333333333333981e-03,4.847533632286994687e-03,1.277904102817598031e-02
8.780487804878047906e-03,3.333333333333333981e-03,4.847533632286994687e-03,1.277904102817598031e-02
8.780487804878047906e-03,3.333333333333333981e-03,4.847533632286994687e-03,1.277904102817598031e-02
8.780487804878047906e-03,3.333333333333333981e-03,4.847533632286994687e-03,1.277904102817598031e-02
8.780487804878047906e-03,3.333333333333333981e-03,4.847533632286994687e-03,1.277904102817598031e-02
8.780487804878047906e-03,3.333333333333333981e-03,4.847533632286994687e-03,1.277904102817598031e-02
8.780487804878047906e-03,3.333333333333333981e-03,4.847533632286994687e-03,1.277904102817598031e-02
8.780487804878047906e-03,3.333333333333333981e-03,4.847533632286994687e-03,1.277904102817598031e-02
8.780487804878047906e-03,3.333333333333333981e-03,4.847533632286994687e-03,1.277904102817598031e-02
8.780487804878047906e-03,3.333333333333333981e-03,4.847533632286994687e-03,1.277904102817598031e-02
8.780487804878047906e-03,3.333333333333333981e-03,4.847533632286994687e-03,1.277904102817598031e-02
8.780487804878047906e-03,3.333333333333333981e-03,4.847533632286994687e-03,1.277904102817598031e-02
8.780487804878047906e-03,3.333333333333333981e-03,4.847533632286994687e-03,1.277904102817598031e-02
8.780487804878047906e-03,3.333333333333333981e-03,4.847533632286994687e-03,1.277904102817598031e-02
8.780487804878047906e-03,3.333333333333333981e-03,4.847533632286994687e-03,1.277904102817598031e-02
8.780487804878047906e-03,3.333333333333333981e-03,4.847533632286994687e-03,1.277904102817598031e-02
8.780487804878047906e-03,3.333333333333333981e-03,4.847533632286994687e-03,1.277904102817598031e-02
8.780487804878047906e-03,3.333333333333333981e-03,4.847533632286994687e-03,1.277904102817598031e-02
8.780487804878047906e-03,3.333333333333333981e-03,4.847533632286994687e-03,1.277904102817598031e-02
8.780487804878047906e-03,3.333333333333333981e-03,4.847533632286994687e-03,1.277904102817598031e-02
8.780487804878047906e-03,3.333333333333333981e-03,4.847533632286994687e-03,1.277904102817598031e-02
8.780487804878047906e-03,3.333333333333333981e-03,4.847533632286994687e-03,1.277904102817598031e-02
8.780487804878047906e-03,3.333333333333333981e-03,4.847533632286994687e-03,1.277904102817598031e-02
8.780487804878047906e-03,3.333333333333333981e-03,4.847533632286994687e-03,1.277904102817598031e-02
8.780487804878047906e-03,3.333333333333333981e-03,4.847533632286994687e-03,1.277904102817598031e-02
8.780487804878047906e-03,3.333333333333333981e-03,4.847533632286994687e-03,1.277904102817598031e-02
8.780487804878047906e-03,3.333333333333333981e-03,4.847533632286994687e-03,1.277904102817598031e-02
8.780487804878047906e-03,3.333333333333333981e-03,4.847533632286994687e-03,1.277904102817598031e-02
8.780487804878047906e-03,3.333333333333333981e-03,4.847533632286994687e-03,1.277904102817598031e-02
8.780487804878047906e-03,3.333333333333333981e-03,4.847533632286994687e-03,1.277904102817598031e-02
8.780487804878047906e-03,3.333333333333333981e-03,4.847533632286994687e-03,1.277904102817598031e-02
8.780487804878047906e-03,3.333333333333333981e-03,4.847533632286994687e-03,1.277904102817598031e-02
8.780487804878047906e-03,3.333333333333333981e-03,4.847533632286994687e-03,1.277904102817598031e-02
8.780487804878047906e-03,3.333333333333333981e-03,4.847533632286994687e-03,1.277904102817598031e-02
8.780487804878047906e-03,3.333333333333333981e-03,4.847533632286994687e-03,1.277904102817598031e-02
8.780487804878047906e-03,3.333333333333333981e-03,4.847533632286994687e-03,1.277904102817598031e-02
8.780487804878047906e-03,3.333333333333333981e-03,4.847533632286994687e-03,1.277904102817598031e-02
8.780487804878047906e-03,3.333333333333333981e-03,4.847533632286994687e-03,1.277904102817598031e-02
8.780487804878047906e-03,3.333333333333333981e-03,4.847533632286994687e-03,1.277904102817598031e-02
8.780487804878047906e-03,3.333333333333333981e-03,4.847533632286994687e-03,1.277904102817598031e-02
8.780487804878047906e-03,3.333333333333333981e-03,4.847533632286994687e-03,1.277904102817598031e-02
8.780487804878047906e-03,3.333333333333333981e-03,4.847533632286994687e-03,1.277904102817598031e-02
8.780487804878047906e-03,3.333333333333333981e-03,4.847533632286994687e-03,1.277904102817598031e-02
8.780487804878047906e-03,3.333333333333333981e-03,4.847533632286994687e-03,1.277904102817598031e-02
8.780487804878047906e-03,3.333333333333333981e-03,4.847533632286994687e-03,1.277904102817598031e-02
8.780487804878047906e-03,3.333333333333333981e-03,4.847533632286994687e-03,1.277904102817598031e-02
8.780487804878047906e-03,3.333333333333333981e-03,4.847533632286994687e-03,1.277904102817598031e-02
8.780487804878047906e-03,3.333333333333333981e-03,4.847533632286994687e-03,1.277904102817598031e-02
8.780487804878047906e-03,3.333333333333333981e-03,4.847533632286994687e-03,1.277904102817598031e-02
8.780487804878047906e-03,3.333333333333333981e-03,4.847533632286994687e-03,1.277904102817598031e-02
8.780487804878047906e-03,3.333333333333333981e-03,4.847533632286994687e-03,1.277904102817598031e-02
8.780487804878047906e-03,3.333333333333333981e-03,4.847533632286994687e-03,1.277904102817598031e-02
8.780487804878047906e-03,3.333333333333333981e-03,4.847533632286994687e-03,1.277904102817598031e-02
8.780487804878047906e-03,3.333333333333333981e-03,4.847533632286994687e-03,1.277904102817598031e-02
8.780487804878047906e-03,3.333333333333333981e-03,4.847533632286994687e-03,1.277904102817598031e-02
8.780487804878047906e-03,3.333333333333333981e-03,4.847533632286994687e-03,1.277904102817598031e-02
8.780487804878047906e-03,3.333333333333333981e-03,4.847533632286994687e-03,1.277904102817598031e-02
8.780487804878047906e-03,3.333333333333333981e-03,4.847533632286994687e-03,1.277904102817598031e-02
8.780487804878047906e-03,3.333333333333333981e-03,4.847533632286994687e-03,1.277904102817598031e-02
8.780487804878047906e-03,3.333333333333333981e-03,4.847533632286994687e-03,1.277904102817598031e-02
8.780487804878047906e-03,3.333333333333333981e-03,4.847533632286994687e-03,1.277904102817598031e-02
8.780487804878047906e-03,3.333333333333333981e-03,4.847533632286994687e-03,1.277904102817598031e-02
8.780487804878047906e-03,3.333333333333333981e-03,4.847533632286994687e-03,1.277904102817598031e-02
8.780487804878047906e-03,3.333333333333333981e-03,4.847533632286994687e-03,1.277904102817598031e-02
8.780487804878047906e-03,3.333333333333333981e-03,4.847533632286994687e-03,1.277904102817598031e-02
8.780487804878047906e-03,3.333333333333333981e-03,4.847533632286994687e-03,1.277904102817598031e-02
8.780487804878047906e-03,3.333333333333333981e-03,4.847533632286994687e-03,1.277904102817598031e-02
8.780487804878047906e-03,3.333333333333333981e-03,4.847533632286994687e-03,1.277904102817598031e-02
8.780487804878047906e-03,3.333333333333333981e-03,4.847533632286994687e-03,1.277904102817598031e-02
8.780487804878047906e-03,3.333333333333333981e-03,4.847533632286994687e-03,1.277904102817598031e-02
8.780487804878047906e-03,3.333333333333333981e-03,4.847533632286994687e-03,1.277904102817598031e-02
8.780487804878047906e-03,3.333333333333333981e-03,4.847533632286994687e-03,1.277904102817598031e-02
8.780487804878047906e-03,3.333333333333333981e-03,4.847533632286994687e-03,1.277904102817598031e-02
8.780487804878047906e-03,3.333333333333333981e-03,4.847533632286994687e-03,1.277904102817598031e-02
8.780487804878047906e-03,3.333333333333333981e-03,4.847533632286994687e-03,1.277904102817598031e-02
8.780487804878047906e-03,3.333333333333333981e-03,4.847533632286994687e-03,1.277904102817598031e-02
8.780487804878047906e-03,3.333333333333333981e-03,4.847533632286994687e-03,1.277904102817598031e-02
8.780487804878047906e-03,3.333333333333333981e-03,4.847533632286994687e-03,1.277904102817598031e-02
8.780487804878047906e-03,3.333333333333333981e-03,4.847533632286994687e-03,1.277904102817598031e-02
8.780487804878047906e-03,3.333333333333333981e-03,4.847533632286994687e-03,1.277904102817598031e-02
8.780487804878047906e-03,3.333333333333333981e-03,4.847533632286994687e-03,1.277904102817598031e-02
8.780487804878047906e-03,3.333333333333333981e-03,4.847533632286994687e-03,1.277904102817598031e-02
8.780487804878047906e-03,3.333333333333333981e-03,4.847533632286994687e-03,1.277904102817598031e-02
8.780487804878047906e-03,3.333333333333333981e-03,4.847533632286994687e-03,1.277904102817598031e-02
8.780487804878047906e-03,3.333333333333333981e-03,4.847533632286994687e-03,1.277904102817598031e-02
8.780487804878047906e-03,3.333333333333333981e-03,4.847533632286994687e-03,1.277904102817598031e-02
8.780487804878047906e-03,3.333333333333333981e-03,4.847533632286994687e-03,1.277904102817598031e-02
8.780487804878047906e-03,3.333333333333333981e-03,4.847533632286994687e-03,1.277904102817598031e-02
8.780487804878047906e-03,3.333333333333333981e-03,4.847533632286994687e-03,1.277904102817598031e-02
8.780487804878047906e-03,3.333333333333333981e-03,4.847533632286994687e-03,1.277904102817598031e-02
8.780487804878047906e-03,3.333333333333333981e-03,4.847533632286994687e-03,1.277904102817598031e-02
8.780487804878047906e-03,3.333333333333333981e-03,4.847533632286994687e-03,1.277904102817598031e-02
8.780487804878047906e-03,3.333333333333333981e-03,4.847533632286994687e-03,1.277904102817598031e-02
8.780487804878047906e-03,3.333333333333333981e-03,4.847533632286994687e-03,1.277904102817598031e-02
8.780487804878047906e-03,3.333333333333333981e-03,4.847533632286994687e-03,1.277904102817598031e-02
8.780487804878047906e-03,3.333333333333333981e-03,4.847533632286994687e-03,1.277904102817598031e-02
8.780487804878047906e-03,3.333333333333333981e-03,4.847533632286994687e-03,1.277904102817598031e-02
8.780487804878047906e-03,3.333333333333333981e-03,4.847533632286994687e-03,1.277904102817598031e-02
8.780487804878047906e-03,3.333333333333333981e-03,4.847533632286994687e-03,1.277904102817598031e-02
8.780487804878047906e-03,3.333333333333333981e-03,4.847533632286994687e-03,1.277904102817598031e-02
8.780487804878047906e-03,3.333333333333333981e-03,4.847533632286994687e-03,1.277904102817598031e-02
8.780487804878047906e-03,3.333333333333333981e-03,4.847533632286994687e-03,1.277904102817598031e-02
8.780487804878047906e-03,3.333333333333333981e-03,4.847533632286994687e-03,1.277904102817598031e-02
8.780487804878047906e-03,3.333333333333333981e-03,4.847533632286994687e-03,1.277904102817598031e-02
8.780487804878047906e-03,3.333333333333333981e-03,4.847533632286994687e-03,1.277904102817598031e-02
8.780487804878047906e-03,3.333333333333333981e-03,4.847533632286994687e-03,1.277904102817598031e-02
8.780487804878047906e-03,3.333333333333333981e-03,4.847533632286994687e-03,1.277904102817598031e-02
8.780487804878047906e-03,3.333333333333333981e-03,4.847533632286994687e-03,1.277904102817598031e-02
8.780487804878047906e-03,3.333333333333333981e-03,4.847533632286994687e-03,1.277904102817598031e-02
8.780487804878047906e-03,3.333333333333333981e-03,4.847533632286994687e-03,1.277904102817598031e-02
8.780487804878047906e-03,3.333333333333333981e-03,4.847533632286994687e-03,1.277904102817598031e-02
8.780487804878047906e-03,3.333333333333333981e-03,4.847533632286994687e-03,1.277904102817598031e-02
8.780487804878047906e-03,3.333333333333333981e-03,4.847533632286994687e-03,1.277904102817598031e-02
8.780487804878047906e-03,3.333333333333333981e-03,4.847533632286994687e-03,1.277904102817598031e-02
8.780487804878047906e-03,3.333333333333333981e-03,4.847533632286994687e-03,1.277904102817598031e-02
8.780487804878047906e-03,3.333333333333333981e-03,4.847533632286994687e-03,1.277904102817598031e-02
8.780487804878047906e-03,3.333333333333333981e-03,4.847533632286994687e-03,1.277904102817598031e-02
8.780487804878047906e-03,3.333333333333333981e-03,4.847533632286994687e-03,1.277904102817598031e-02
8.780487804878047906e-03,3.333333333333333981e-03,4.847533632286994687e-03,1.277904102817598031e-02
8.780487804878047906e-03,3.333333333333333981e-03,4.847533632286994687e-03,1.277904102817598031e-02
8.780487804878047906e-03,3.333333333333333981e-03,4.847533632286994687e-03,1.277904102817598031e-02
8.780487804878047906e-03,3.333333333333333981e-03,4.847533632286994687e-03,1.277904102817598031e-02
8.780487804878047906e-03,3.333333333333333981e-03,4.847533632286994687e-03,1.277904102817598031e-02
8.780487804878047906e-03,3.333333333333333981e-03,4.847533632286994687e-03,1.277904102817598031e-02
8.780487804878047906e-03,3.333333333333333981e-03,4.847533632286994687e-03,1.277904102817598031e-02
8.780487804878047906e-03,3.333333333333333981e-03,4.847533632286994687e-03,1.277904102817598031e-02
8.780487804878047906e-03,3.333333333333333981e-03,4.847533632286994687e-03,1.277904102817598031e-02
8.780487804878047906e-03,3.333333333333333981e-03,4.847533632286994687e-03,1.277904102817598031e-02
8.780487804878047906e-03,3.333333333333333981e-03,4.847533632286994687e-03,1.277904102817598031e-02
8.780487804878047906e-03,3.333333333333333981e-03,4.847533632286994687e-03,1.277904102817598031e-02
8.780487804878047906e-03,3.333333333333333981e-03,4.847533632286994687e-03,1.277904102817598031e-02
8.780487804878047906e-03,3.333333333333333981e-03,4.847533632286994687e-03,1.277904102817598031e-02
8.780487804878047906e-03,3.333333333333333981e-03,4.847533632286994687e-03,1.277904102817598031e-02
8.780487804878047906e-03,3.333333333333333981e-03,4.847533632286994687e-03,1.277904102817598031e-02
8.780487804878047906e-03,3.333333333333333981e-03,4.847533632286994687e-03,1.277904102817598031e-02
8.780487804878047906e-03,3.333333333333333981e-03,4.847533632286994687e-03,1.277904102817598031e-02
8.780487804878047906e-03,3.333333333333333981e-03,4.847533632286994687e-03,1.277904102817598031e-02
8.780487804878047906e-03,3.333333333333333981e-03,4.847533632286994687e-03,1.277904102817598031e-02
8.780487804878047906e-03,3.333333333333333981e-03,4.847533632286994687e-03,1.277904102817598031e-02
8.780487804878047906e-03,3.333333333333333981e-03,4.847533632286994687e-03,1.277904102817598031e-02
8.780487804878047906e-03,3.333333333333333981e-03,4.847533632286994687e-03,1.277904102817598031e-02
8.780487804878047906e-03,3.333333333333333981e-03,4.847533632286994687e-03,1.277904102817598031e-02
8.780487804878047906e-03,3.333333333333333981e-03,4.847533632286994687e-03,1.277904102817598031e-02
8.780487804878047906e-03,3.333333333333333981e-03,4.847533632286994687e-03,1.277904102817598031e-02
8.780487804878047906e-03,3.333333333333333981e-03,4.847533632286994687e-03,1.277904102817598031e-02
8.780487804878047906e-03,3.333333333333333981e-03,4.847533632286994687e-03,1.277904102817598031e-02
8.780487804878047906e-03,3.333333333333333981e-03,4.847533632286994687e-03,1.277904102817598031e-02
8.780487804878047906e-03,3.333333333333333981e-03,4.847533632286994687e-03,1.277904102817598031e-02
8.780487804878047906e-03,3.333333333333333981e-03,4.847533632286994687e-03,1.277904102817598031e-02
8.780487804878047906e-03,3.333333333333333981e-03,4.847533632286994687e-03,1.277904102817598031e-02
8.780487804878047906e-03,3.333333333333333981e-03,4.847533632286994687e-03,1.277904102817598031e-02
8.780487804878047906e-03,3.333333333333333981e-03,4.847533632286994687e-03,1.277904102817598031e-02
8.780487804878047906e-03,3.333333333333333981e-03,4.847533632286994687e-03,1.277904102817598031e-02
8.780487804878047906e-03,3.333333333333333981e-03,4.847533632286994687e-03,1.277904102817598031e-02
8.780487804878047906e-03,3.333333333333333981e-03,4.847533632286994687e-03,1.277904102817598031e-02
8.780487804878047906e-03,3.333333333333333981e-03,4.847533632286994687e-03,1.277904102817598031e-02
8.780487804878047906e-03,3.333333333333333981e-03,4.847533632286994687e-03,1.277904102817598031e-02
8.780487804878047906e-03,3.333333333333333981e-03,4.847533632286994687e-03,1.277904102817598031e-02
8.780487804878047906e-03,3.333333333333333981e-03,4.847533632286994687e-03,1.277904102817598031e-02
8.780487804878047906e-03,3.333333333333333981e-03,4.847533632286994687e-03,1.277904102817598031e-02
8.780487804878047906e-03,3.333333333333333981e-03,4.847533632286994687e-03,1.277904102817598031e-02
8.780487804878047906e-03,3.333333333333333981e-03,4.847533632286994687e-03,1.277904102817598031e-02
8.780487804878047906e-03,3.333333333333333981e-03,4.847533632286994687e-03,1.277904102817598031e-02
8.780487804878047906e-03,3.333333333333333981e-03,4.847533632286994687e-03,1.277904102817598031e-02
8.780487804878047906e-03,3.333333333333333981e-03,4.847533632286994687e-03,1.277904102817598031e-02
8.780487804878047906e-03,3.333333333333333981e-03,4.847533632286994687e-03,1.277904102817598031e-02
8.780487804878047906e-03,3.333333333333333981e-03,4.847533632286994687e-03,1.277904102817598031e-02
8.780487804878047906e-03,3.333333333333333981e-03,4.847533632286994687e-03,1.277904102817598031e-02
8.780487804878047906e-03,3.333333333333333981e-03,4.847533632286994687e-03,1.277904102817598031e-02
8.780487804878047906e-03,3.333333333333333981e-03,4.847533632286994687e-03,1.277904102817598031e-02
8.780487804878047906e-03,3.333333333333333981e-03,4.847533632286994687e-03,1.277904102817598031e-02
8.780487804878047906e-03,3.333333333333333981e-03,4.847533632286994687e-03,1.277904102817598031e-02
8.780487804878047906e-03,3.333333333333333981e-03,4.847533632286994687e-03,1.277904102817598031e-02
8.780487804878047906e-03,3.333333333333333981e-03,4.847533632286994687e-03,1.277904102817598031e-02
8.780487804878047906e-03,3.333333333333333981e-03,4.847533632286994687e-03,1.277904102817598031e-02
8.780487804878047906e-03,3.333333333333333981e-03,4.847533632286994687e-03,1.277904102817598031e-02
8.780487804878047906e-03,3.333333333333333981e-03,4.847533632286994687e-03,1.277904102817598031e-02
8.780487804878047906e-03,3.333333333333333981e-03,4.847533632286994687e-03,1.277904102817598031e-02
8.780487804878047906e-03,3.333333333333333981e-03,4.847533632286994687e-03,1.277904102817598031e-02
8.780487804878047906e-03,3.333333333333333981e-03,4.847533632286994687e-03,1.277904102817598031e-02
8.780487804878047906e-03,3.333333333333333981e-03,4.847533632286994687e-03,1.277904102817598031e-02
8.780487804878047906e-03,3.333333333333333981e-03,4.847533632286994687e-03,1.277904102817598031e-02
8.780487804878047906e-03,3.333333333333333981e-03,4.847533632286994687e-03,1.277904102817598031e-02
8.780487804878047906e-03,3.333333333333333981e-03,4.847533632286994687e-03,1.277904102817598031e-02
8.780487804878047906e-03,3.333333333333333981e-03,4.847533632286994687e-03,1.277904102817598031e-02
8.780487804878047906e-03,3.333333333333333981e-03,4.847533632286994687e-03,1.277904102817598031e-02
8.780487804878047906e-03,3.333333333333333981e-03,4.847533632286994687e-03,1.277904102817598031e-02
8.780487804878047906e-03,3.333333333333333981e-03,4.847533632286994687e-03,1.277904102817598031e-02
8.780487804878047906e-03,3.333333333333333981e-03,4.847533632286994687e-03,1.277904102817598031e-02
8.780487804878047906e-03,3.333333333333333981e-03,4.847533632286994687e-03,1.277904102817598031e-02
8.780487804878047906e-03,3.333333333333333981e-03,4.847533632286994687e-03,1.277904102817598031e-02
8.780487804878047906e-03,3.333333333333333981e-03,4.847533632286994687e-03,1.277904102817598031e-02
8.780487804878047906e-03,3.333333333333333981e-03,4.847533632286994687e-03,1.277904102817598031e-02
8.780487804878047906e-03,3.333333333333333981e-03,4.847533632286994687e-03,1.277904102817598031e-02
8.780487804878047906e-03,3.333333333333333981e-03,4.847533632286994687e-03,1.277904102817598031e-02
8.780487804878047906e-03,3.333333333333333981e-03,4.847533632286994687e-03,1.277904102817598031e-02
8.780487804878047906e-03,3.333333333333333981e-03,4.847533632286994687e-03,1.277904102817598031e-02
8.780487804878047906e-03,3.333333333333333981e-03,4.847533632286994687e-03,1.277904102817598031e-02
8.780487804878047906e-03,3.333333333333333981e-03,4.847533632286994687e-03,1.277904102817598031e-02
8.780487804878047906e-03,3.333333333333333981e-03,4.847533632286994687e-03,1.277904102817598031e-02
8.780487804878047906e-03,3.333333333333333981e-03,4.847533632286994687e-03,1.277904102817598031e-02
8.780487804878047906e-03,3.333333333333333981e-03,4.847533632286994687e-03,1.277904102817598031e-02
8.780487804878047906e-03,3.333333333333333981e-03,4.847533632286994687e-03,1.277904102817598031e-02
8.780487804878047906e-03,3.333333333333333981e-03,4.847533632286994687e-03,1.277904102817598031e-02
8.780487804878047906e-03,3.333333333333333981e-03,4.847533632286994687e-03,1.277904102817598031e-02
8.780487804878047906e-03,3.333333333333333981e-03,4.847533632286994687e-03,1.277904102817598031e-02
8.780487804878047906e-03,3.333333333333333981e-03,4.847533632286994687e-03,1.277904102817598031e-02
8.780487804878047906e-03,3.333333333333333981e-03,4.847533632286994687e-03,1.277904102817598031e-02
8.780487804878047906e-03,3.333333333333333981e-03,4.847533632286994687e-03,1.277904102817598031e-02
8.780487804878047906e-03,3.333333333333333981e-03,4.847533632286994687e-03,1.277904102817598031e-02
8.780487804878047906e-03,3.333333333333333981e-03,4.847533632286994687e-03,1.277904102817598031e-02
8.780487804878047906e-03,3.333333333333333981e-03,4.847533632286994687e-03,1.277904102817598031e-02
8.780487804878047906e-03,3.333333333333333981e-03,4.847533632286994687e-03,1.277904102817598031e-02
8.780487804878047906e-03,3.333333333333333981e-03,4.847533632286994687e-03,1.277904102817598031e-02
8.780487804878047906e-03,3.333333333333333981e-03,4.847533632286994687e-03,1.277904102817598031e-02
8.780487804878047906e-03,3.333333333333333981e-03,4.847533632286994687e-03,1.277904102817598031e-02
8.780487804878047906e-03,3.333333333333333981e-03,4.847533632286994687e-03,1.277904102817598031e-02
8.780487804878047906e-03,3.333333333333333981e-03,4.847533632286994687e-03,1.277904102817598031e-02
8.780487804878047906e-03,3.333333333333333981e-03,4.847533632286994687e-03,1.277904102817598031e-02
8.780487804878047906e-03,3.333333333333333981e-03,4.847533632286994687e-03,1.277904102817598031e-02
8.780487804878047906e-03,3.333333333333333981e-03,4.847533632286994687e-03,1.277904102817598031e-02
8.780487804878047906e-03,3.333333333333333981e-03,4.847533632286994687e-03,1.277904102817598031e-02
8.780487804878047906e-03,3.333333333333333981e-03,4.847533632286994687e-03,1.277904102817598031e-02
8.780487804878047906e-03,3.333333333333333981e-03,4.847533632286994687e-03,1.277904102817598031e-02
8.780487804878047906e-03,3.333333333333333981e-03,4.847533632286994687e-03,1.277904102817598031e-02
8.780487804878047906e-03,3.333333333333333981e-03,4.847533632286994687e-03,1.277904102817598031e-02
8.780487804878047906e-03,3.333333333333333981e-03,4.847533632286994687e-03,1.277904102817598031e-02
8.780487804878047906e-03,3.333333333333333981e-03,4.847533632286994687e-03,1.277904102817598031e-02
8.780487804878047906e-03,3.333333333333333981e-03,4.847533632286994687e-03,1.277904102817598031e-02
8.780487804878047906e-03,3.333333333333333981e-03,4.847533632286994687e-03,1.277904102817598031e-02
8.780487804878047906e-03,3.333333333333333981e-03,4.847533632286994687e-03,1.277904102817598031e-02
8.780487804878047906e-03,3.333333333333333981e-03,4.847533632286994687e-03,1.277904102817598031e-02
8.780487804878047906e-03,3.333333333333333981e-03,4.847533632286994687e-03,1.277904102817598031e-02
8.780487804878047906e-03,3.333333333333333981e-03,4.847533632286994687e-03,1.277904102817598031e-02
8.780487804878047906e-03,3.333333333333333981e-03,4.847533632286994687e-03,1.277904102817598031e-02
8.780487804878047906e-03,3.333333333333333981e-03,4.847533632286994687e-03,1.277904102817598031e-02
8.780487804878047906e-03,3.333333333333333981e-03,4.847533632286994687e-03,1.277904102817598031e-02
8.780487804878047906e-03,3.333333333333333981e-03,4.847533632286994687e-03,1.277904102817598031e-02
8.780487804878047906e-03,3.333333333333333981e-03,4.847533632286994687e-03,1.277904102817598031e-02
8.780487804878047906e-03,3.333333333333333981e-03,4.847533632286994687e-03,1.277904102817598031e-02
8.780487804878047906e-03,3.333333333333333981e-03,4.847533632286994687e-03,1.277904102817598031e-02
8.780487804878047906e-03,3.333333333333333981e-03,4.847533632286994687e-03,1.277904102817598031e-02
8.780487804878047906e-03,3.333333333333333981e-03,4.847533632286994687e-03,1.277904102817598031e-02
8.780487804878047906e-03,3.333333333333333981e-03,4.847533632286994687e-03,1.277904102817598031e-02
8.780487804878047906e-03,3.333333333333333981e-03,4.847533632286994687e-03,1.277904102817598031e-02
8.780487804878047906e-03,3.333333333333333981e-03,4.847533632286994687e-03,1.277904102817598031e-02
8.780487804878047906e-03,3.333333333333333981e-03,4.847533632286994687e-03,1.277904102817598031e-02
8.780487804878047906e-03,3.333333333333333981e-03,4.847533632286994687e-03,1.277904102817598031e-02
8.780487804878047906e-03,3.333333333333333981e-03,4.847533632286994687e-03,1.277904102817598031e-02
8.780487804878047906e-03,3.333333333333333981e-03,4.847533632286994687e-03,1.277904102817598031e-02
8.780487804878047906e-03,3.333333333333333981e-03,4.847533632286994687e-03,1.277904102817598031e-02
8.780487804878047906e-03,3.333333333333333981e-03,4.847533632286994687e-03,1.277904102817598031e-02
8.780487804878047906e-03,3.333333333333333981e-03,4.847533632286994687e-03,1.277904102817598031e-02
8.780487804878047906e-03,3.333333333333333981e-03,4.847533632286994687e-03,1.277904102817598031e-02
8.780487804878047906e-03,3.333333333333333981e-03,4.847533632286994687e-03,1.277904102817598031e-02
8.780487804878047906e-03,3.333333333333333981e-03,4.847533632286994687e-03,1.277904102817598031e-02
8.780487804878047906e-03,3.333333333333333981e-03,4.847533632286994687e-03,1.277904102817598031e-02
8.780487804878047906e-03,3.333333333333333981e-03,4.847533632286994687e-03,1.277904102817598031e-02
8.780487804878047906e-03,3.333333333333333981e-03,4.847533632286994687e-03,1.277904102817598031e-02
8.780487804878047906e-03,3.333333333333333981e-03,4.847533632286994687e-03,1.277904102817598031e-02
8.780487804878047906e-03,3.333333333333333981e-03,4.847533632286994687e-03,1.277904102817598031e-02
8.780487804878047906e-03,3.333333333333333981e-03,4.847533632286994687e-03,1.277904102817598031e-02
8.780487804878047906e-03,3.333333333333333981e-03,4.847533632286994687e-03,1.277904102817598031e-02
8.780487804878047906e-03,3.333333333333333981e-03,4.847533632286994687e-03,1.277904102817598031e-02
8.780487804878047906e-03,3.333333333333333981e-03,4.847533632286994687e-03,1.277904102817598031e-02
8.780487804878047906e-03,3.333333333333333981e-03,4.847533632286994687e-03,1.277904102817598031e-02
8.780487804878047906e-03,3.333333333333333981e-03,4.847533632286994687e-03,1.277904102817598031e-02
8.780487804878047906e-03,3.333333333333333981e-03,4.847533632286994687e-03,1.277904102817598031e-02
8.780487804878047906e-03,3.333333333333333981e-03,4.847533632286994687e-03,1.277904102817598031e-02
8.780487804878047906e-03,3.333333333333333981e-03,4.847533632286994687e-03,1.277904102817598031e-02
8.780487804878047906e-03,3.333333333333333981e-03,4.847533632286994687e-03,1.277904102817598031e-02
8.780487804878047906e-03,3.333333333333333981e-03,4.847533632286994687e-03,1.277904102817598031e-02
8.780487804878047906e-03,3.333333333333333981e-03,4.847533632286994687e-03,1.277904102817598031e-02
8.780487804878047906e-03,3.333333333333333981e-03,4.847533632286994687e-03,1.277904102817598031e-02
8.780487804878047906e-03,3.333333333333333981e-03,4.847533632286994687e-03,1.277904102817598031e-02
8.780487804878047906e-03,3.333333333333333981e-03,4.847533632286994687e-03,1.277904102817598031e-02
8.780487804878047906e-03,3.333333333333333981e-03,4.847533632286994687e-03,1.277904102817598031e-02
8.780487804878047906e-03,3.333333333333333981e-03,4.847533632286994687e-03,1.277904102817598031e-02
8.780487804878047906e-03,3.333333333333333981e-03,4.847533632286994687e-03,1.277904102817598031e-02
8.780487804878047906e-03,3.333333333333333981e-03,4.847533632286994687e-03,1.277904102817598031e-02
8.780487804878047906e-03,3.333333333333333981e-03,4.847533632286994687e-03,1.277904102817598031e-02
8.780487804878047906e-03,3.333333333333333981e-03,4.847533632286994687e-03,1.277904102817598031e-02
8.780487804878047906e-03,3.333333333333333981e-03,4.847533632286994687e-03,1.277904102817598031e-02
8.780487804878047906e-03,3.333333333333333981e-03,4.847533632286994687e-03,1.277904102817598031e-02
8.780487804878047906e-03,3.333333333333333981e-03,4.847533632286994687e-03,1.277904102817598031e-02
8.780487804878047906e-03,3.333333333333333981e-03,4.847533632286994687e-03,1.277904102817598031e-02
8.780487804878047906e-03,3.333333333333333981e-03,4.847533632286994687e-03,1.277904102817598031e-02
8.780487804878047906e-03,3.333333333333333981e-03,4.847533632286994687e-03,1.277904102817598031e-02
8.780487804878047906e-03,3.333333333333333981e-03,4.847533632286994687e-03,1.277904102817598031e-02
8.780487804878047906e-03,3.333333333333333981e-03,4.847533632286994687e-03,1.277904102817598031e-02
8.780487804878047906e-03,3.333333333333333981e-03,4.847533632286994687e-03,1.277904102817598031e-02
8.780487804878047906e-03,3.333333333333333981e-03,4.847533632286994687e-03,1.277904102817598031e-02
8.780487804878047906e-03,3.333333333333333981e-03,4.847533632286994687e-03,1.277904102817598031e-02
8.780487804878047906e-03,3.333333333333333981e-03,4.847533632286994687e-03,1.277904102817598031e-02
8.780487804878047906e-03,3.333333333333333981e-03,4.847533632286994687e-03,1.277904102817598031e-02
8.780487804878047906e-03,3.333333333333333981e-03,4.847533632286994687e-03,1.277904102817598031e-02
8.780487804878047906e-03,3.333333333333333981e-03,4.847533632286994687e-03,1.277904102817598031e-02
8.780487804878047906e-03,3.333333333333333981e-03,4.847533632286994687e-03,1.277904102817598031e-02
8.780487804878047906e-03,3.333333333333333981e-03,4.847533632286994687e-03,1.277904102817598031e-02
8.780487804878047906e-03,3.333333333333333981e-03,4.847533632286994687e-03,1.277904102817598031e-02
8.780487804878047906e-03,3.333333333333333981e-03,4.847533632286994687e-03,1.277904102817598031e-02
8.780487804878047906e-03,3.333333333333333981e-03,4.847533632286994687e-03,1.277904102817598031e-02
8.780487804878047906e-03,3.333333333333333981e-03,4.847533632286994687e-03,1.277904102817598031e-02
8.780487804878047906e-03,3.333333333333333981e-03,4.847533632286994687e-03,1.277904102817598031e-02
8.780487804878047906e-03,3.333333333333333981e-03,4.847533632286994687e-03,1.277904102817598031e-02
8.780487804878047906e-03,3.333333333333333981e-03,4.847533632286994687e-03,1.277904102817598031e-02
8.780487804878047906e-03,3.333333333333333981e-03,4.847533632286994687e-03,1.277904102817598031e-02
8.780487804878047906e-03,3.333333333333333981e-03,4.847533632286994687e-03,1.277904102817598031e-02
8.780487804878047906e-03,3.333333333333333981e-03,4.847533632286994687e-03,1.277904102817598031e-02
8.780487804878047906e-03,3.333333333333333981e-03,4.847533632286994687e-03,1.277904102817598031e-02
8.780487804878047906e-03,3.333333333333333981e-03,4.847533632286994687e-03,1.277904102817598031e-02
8.780487804878047906e-03,3.333333333333333981e-03,4.847533632286994687e-03,1.277904102817598031e-02
8.780487804878047906e-03,3.333333333333333981e-03,4.847533632286994687e-03,1.277904102817598031e-02
8.780487804878047906e-03,3.333333333333333981e-03,4.847533632286994687e-03,1.277904102817598031e-02
8.780487804878047906e-03,3.333333333333333981e-03,4.847533632286994687e-03,1.277904102817598031e-02
8.780487804878047906e-03,3.333333333333333981e-03,4.847533632286994687e-03,1.277904102817598031e-02
8.780487804878047906e-03,3.333333333333333981e-03,4.847533632286994687e-03,1.277904102817598031e-02
8.780487804878047906e-03,3.333333333333333981e-03,4.847533632286994687e-03,1.277904102817598031e-02
8.780487804878047906e-03,3.333333333333333981e-03,4.847533632286994687e-03,1.277904102817598031e-02
8.780487804878047906e-03,3.333333333333333981e-03,4.847533632286994687e-03,1.277904102817598031e-02
8.780487804878047906e-03,3.333333333333333981e-03,4.847533632286994687e-03,1.277904102817598031e-02
8.780487804878047906e-03,3.333333333333333981e-03,4.847533632286994687e-03,1.277904102817598031e-02
8.780487804878047906e-03,3.333333333333333981e-03,4.847533632286994687e-03,1.277904102817598031e-02
8.780487804878047906e-03,3.333333333333333981e-03,4.847533632286994687e-03,1.277904102817598031e-02
8.780487804878047906e-03,3.333333333333333981e-03,4.847533632286994687e-03,1.277904102817598031e-02
8.780487804878047906e-03,3.333333333333333981e-03,4.847533632286994687e-03,1.277904102817598031e-02
8.780487804878047906e-03,3.333333333333333981e-03,4.847533632286994687e-03,1.277904102817598031e-02
8.780487804878047906e-03,3.333333333333333981e-03,4.847533632286994687e-03,1.277904102817598031e-02
8.780487804878047906e-03,3.333333333333333981e-03,4.847533632286994687e-03,1.277904102817598031e-02
8.780487804878047906e-03,3.333333333333333981e-03,4.847533632286994687e-03,1.277904102817598031e-02
8.780487804878047906e-03,3.333333333333333981e-03,4.847533632286994687e-03,1.277904102817598031e-02
8.780487804878047906e-03,3.333333333333333981e-03,4.847533632286994687e-03,1.277904102817598031e-02
8.780487804878047906e-03,3.333333333333333981e-03,4.847533632286994687e-03,1.277904102817598031e-02
8.780487804878047906e-03,3.333333333333333981e-03,4.847533632286994687e-03,1.277904102817598031e-02
8.780487804878047906e-03,3.333333333333333981e-03,4.847533632286994687e-03,1.277904102817598031e-02
8.780487804878047906e-03,3.333333333333333981e-03,4.847533632286994687e-03,1.277904102817598031e-02
8.780487804878047906e-03,3.333333333333333981e-03,4.847533632286994687e-03,1.277904102817598031e-02
8.780487804878047906e-03,3.333333333333333981e-03,4.847533632286994687e-03,1.277904102817598031e-02
8.780487804878047906e-03,3.333333333333333981e-03,4.847533632286994687e-03,1.277904102817598031e-02
8.780487804878047906e-03,3.333333333333333981e-03,4.847533632286994687e-03,1.277904102817598031e-02
8.780487804878047906e-03,3.333333333333333981e-03,4.847533632286994687e-03,1.277904102817598031e-02
8.780487804878047906e-03,3.333333333333333981e-03,4.847533632286994687e-03,1.277904102817598031e-02
8.780487804878047906e-03,3.333333333333333981e-03,4.847533632286994687e-03,1.277904102817598031e-02
8.780487804878047906e-03,3.333333333333333981e-03,4.847533632286994687e-03,1.277904102817598031e-02
8.780487804878047906e-03,3.333333333333333981e-03,4.847533632286994687e-03,1.277904102817598031e-02
8.780487804878047906e-03,3.333333333333333981e-03,4.847533632286994687e-03,1.277904102817598031e-02
8.780487804878047906e-03,3.333333333333333981e-03,4.847533632286994687e-03,1.277904102817598031e-02
8.780487804878047906e-03,3.333333333333333981e-03,4.847533632286994687e-03,1.277904102817598031e-02
8.780487804878047906e-03,3.333333333333333981e-03,4.847533632286994687e-03,1.277904102817598031e-02
8.780487804878047906e-03,3.333333333333333981e-03,4.847533632286994687e-03,1.277904102817598031e-02
8.780487804878047906e-03,3.333333333333333981e-03,4.847533632286994687e-03,1.277904102817598031e-02
8.780487804878047906e-03,3.333333333333333981e-03,4.847533632286994687e-03,1.277904102817598031e-02
8.780487804878047906e-03,3.333333333333333981e-03,4.847533632286994687e-03,1.277904102817598031e-02
8.780487804878047906e-03,3.333333333333333981e-03,4.847533632286994687e-03,1.277904102817598031e-02
8.780487804878047906e-03,3.333333333333333981e-03,4.847533632286994687e-03,1.277904102817598031e-02
8.780487804878047906e-03,3.333333333333333981e-03,4.847533632286994687e-03,1.277904102817598031e-02
8.780487804878047906e-03,3.333333333333333981e-03,4.847533632286994687e-03,1.277904102817598031e-02
8.780487804878047906e-03,3.333333333333333981e-03,4.847533632286994687e-03,1.277904102817598031e-02
8.780487804878047906e-03,3.333333333333333981e-03,4.847533632286994687e-03,1.277904102817598031e-02
8.780487804878047906e-03,3.333333333333333981e-03,4.847533632286994687e-03,1.277904102817598031e-02
8.780487804878047906e-03,3.333333333333333981e-03,4.847533632286994687e-03,1.277904102817598031e-02
8.780487804878047906e-03,3.333333333333333981e-03,4.847533632286994687e-03,1.277904102817598031e-02
8.780487804878047906e-03,3.333333333333333981e-03,4.847533632286994687e-03,1.277904102817598031e-02
8.780487804878047906e-03,3.333333333333333981e-03,4.847533632286994687e-03,1.277904102817598031e-02
8.780487804878047906e-03,3.333333333333333981e-03,4.847533632286994687e-03,1.277904102817598031e-02
8.780487804878047906e-03,3.333333333333333981e-03,4.847533632286994687e-03,1.277904102817598031e-02
8.780487804878047906e-03,3.333333333333333981e-03,4.847533632286994687e-03,1.277904102817598031e-02
8.780487804878047906e-03,3.333333333333333981e-03,4.847533632286994687e-03,1.277904102817598031e-02
8.780487804878047906e-03,3.333333333333333981e-03,4.847533632286994687e-03,1.277904102817598031e-02
8.780487804878047906e-03,3.333333333333333981e-03,4.847533632286994687e-03,1.277904102817598031e-02
8.780487804878047906e-03,3.333333333333333981e-03,4.847533632286994687e-03,1.277904102817598031e-02
8.780487804878047906e-03,3.333333333333333981e-03,4.847533632286994687e-03,1.277904102817598031e-02
8.780487804878047906e-03,3.333333333333333981e-03,4.847533632286994687e-03,1.277904102817598031e-02
8.780487804878047906e-03,3.333333333333333981e-03,4.847533632286994687e-03,1.277904102817598031e-02
8.780487804878047906e-03,3.333333333333333981e-03,4.847533632286994687e-03,1.277904102817598031e-02
8.780487804878047906e-03,3.333333333333333981e-03,4.847533632286994687e-03,1.277904102817598031e-02
8.780487804878047906e-03,3.333333333333333981e-03,4.847533632286994687e-03,1.277904102817598031e-02
8.780487804878047906e-03,3.333333333333333981e-03,4.847533632286994687e-03,1.277904102817598031e-02
8.780487804878047906e-03,3.333333333333333981e-03,4.847533632286994687e-03,1.277904102817598031e-02
8.780487804878047906e-03,3.333333333333333981e-03,4.847533632286994687e-03,1.277904102817598031e-02
8.780487804878047906e-03,3.333333333333333981e-03,4.847533632286994687e-03,1.277904102817598031e-02
8.780487804878047906e-03,3.333333333333333981e-03,4.847533632286994687e-03,1.277904102817598031e-02
8.780487804878047906e-03,3.333333333333333981e-03,4.847533632286994687e-03,1.277904102817598031e-02
8.780487804878047906e-03,3.333333333333333981e-03,4.847533632286994687e-03,1.277904102817598031e-02
8.780487804878047906e-03,3.333333333333333981e-03,4.847533632286994687e-03,1.277904102817598031e-02
8.780487804878047906e-03,3.333333333333333981e-03,4.847533632286994687e-03,1.277904102817598031e-02
8.780487804878047906e-03,3.333333333333333981e-03,4.847533632286994687e-03,1.277904102817598031e-02
8.780487804878047906e-03,3.333333333333333981e-03,4.847533632286994687e-03,1.277904102817598031e-02
8.780487804878047906e-03,3.333333333333333981e-03,4.847533632286994687e-03,1.277904102817598031e-02
8.780487804878047906e-03,3.333333333333333981e-03,4.847533632286994687e-03,1.277904102817598031e-02
8.780487804878047906e-03,3.333333333333333981e-03,4.847533632286994687e-03,1.277904102817598031e-02
8.780487804878047906e-03,3.333333333333333981e-03,4.847533632286994687e-03,1.277904102817598031e-02
8.780487804878047906e-03,3.333333333333333981e-03,4.847533632286994687e-03,1.277904102817598031e-02
8.780487804878047906e-03,3.333333333333333981e-03,4.847533632286994687e-03,1.277904102817598031e-02
8.780487804878047906e-03,3.333333333333333981e-03,4.847533632286994687e-03,1.277904102817598031e-02
8.780487804878047906e-03,3.333333333333333981e-03,4.847533632286994687e-03,1.277904102817598031e-02
8.780487804878047906e-03,3.333333333333333981e-03,4.847533632286994687e-03,1.277904102817598031e-02
8.780487804878047906e-03,3.333333333333333981e-03,4.847533632286994687e-03,1.277904102817598031e-02
8.780487804878047906e-03,3.333333333333333981e-03,4.847533632286994687e-03,1.277904102817598031e-02
8.780487804878047906e-03,3.333333333333333981e-03,4.847533632286994687e-03,1.277904102817598031e-02
8.780487804878047906e-03,3.333333333333333981e-03,4.847533632286994687e-03,1.277904102817598031e-02
8.780487804878047906e-03,3.333333333333333981e-03,4.847533632286994687e-03,1.277904102817598031e-02
8.780487804878047906e-03,3.333333333333333981e-03,4.847533632286994687e-03,1.277904102817598031e-02
8.780487804878047906e-03,3.333333333333333981e-03,4.847533632286994687e-03,1.277904102817598031e-02
8.780487804878047906e-03,3.333333333333333981e-03,4.847533632286994687e-03,1.277904102817598031e-02
8.780487804878047906e-03,3.333333333333333981e-03,4.847533632286994687e-03,1.277904102817598031e-02
8.780487804878047906e-03,3.333333333333333981e-03,4.847533632286994687e-03,1.277904102817598031e-02
8.780487804878047906e-03,3.333333333333333981e-03,4.847533632286994687e-03,1.277904102817598031e-02
8.780487804878047906e-03,3.333333333333333981e-03,4.847533632286994687e-03,1.277904102817598031e-02
8.780487804878047906e-03,3.333333333333333981e-03,4.847533632286994687e-03,1.277904102817598031e-02
8.780487804878047906e-03,3.333333333333333981e-03,4.847533632286994687e-03,1.277904102817598031e-02
8.780487804878047906e-03,3.333333333333333981e-03,4.847533632286994687e-03,1.277904102817598031e-02
8.780487804878047906e-03,3.333333333333333981e-03,4.847533632286994687e-03,1.277904102817598031e-02
8.780487804878047906e-03,3.333333333333333981e-03,4.847533632286994687e-03,1.277904102817598031e-02
8.780487804878047906e-03,3.333333333333333981e-03,4.847533632286994687e-03,1.277904102817598031e-02
8.780487804878047906e-03,3.333333333333333981e-03,4.847533632286994687e-03,1.277904102817598031e-02
8.780487804878047906e-03,3.333333333333333981e-03,4.847533632286994687e-03,1.277904102817598031e-02
8.780487804878047906e-03,3.333333333333333981e-03,4.847533632286994687e-03,1.277904102817598031e-02
8.780487804878047906e-03,3.333333333333333981e-03,4.847533632286994687e-03,1.277904102817598031e-02
8.780487804878047906e-03,3.333333333333333981e-03,4.847533632286994687e-03,1.277904102817598031e-02
8.780487804878047906e-03,3.333333333333333981e-03,4.847533632286994687e-03,1.277904102817598031e-02
8.780487804878047906e-03,3.333333333333333981e-03,4.847533632286994687e-03,1.277904102817598031e-02
8.780487804878047906e-03,3.333333333333333981e-03,4.847533632286994687e-03,1.277904102817598031e-02
8.780487804878047906e-03,3.333333333333333981e-03,4.847533632286994687e-03,1.277904102817598031e-02
8.780487804878047906e-03,3.333333333333333981e-03,4.847533632286994687e-03,1.277904102817598031e-02
8.780487804878047906e-03,3.333333333333333981e-03,4.847533632286994687e-03,1.277904102817598031e-02
8.780487804878047906e-03,3.333333333333333981e-03,4.847533632286994687e-03,1.277904102817598031e-02
8.780487804878047906e-03,3.333333333333333981e-03,4.847533632286994687e-03,1.277904102817598031e-02
8.780487804878047906e-03,3.333333333333333981e-03,4.847533632286994687e-03,1.277904102817598031e-02
8.780487804878047906e-03,3.333333333333333981e-03,4.847533632286994687e-03,1.277904102817598031e-02
8.780487804878047906e-03,3.333333333333333981e-03,4.847533632286994687e-03,1.277904102817598031e-02
8.780487804878047906e-03,3.333333333333333981e-03,4.847533632286994687e-03,1.277904102817598031e-02
8.780487804878047906e-03,3.333333333333333981e-03,4.847533632286994687e-03,1.277904102817598031e-02
8.780487804878047906e-03,3.333333333333333981e-03,4.847533632286994687e-03,1.277904102817598031e-02
8.780487804878047906e-03,3.333333333333333981e-03,4.847533632286994687e-03,1.277904102817598031e-02
8.780487804878047906e-03,3.333333333333333981e-03,4.847533632286994687e-03,1.277904102817598031e-02
8.780487804878047906e-03,3.333333333333333981e-03,4.847533632286994687e-03,1.277904102817598031e-02
8.780487804878047906e-03,3.333333333333333981e-03,4.847533632286994687e-03,1.277904102817598031e-02
8.780487804878047906e-03,3.333333333333333981e-03,4.847533632286994687e-03,1.277904102817598031e-02
8.780487804878047906e-03,3.333333333333333981e-03,4.847533632286994687e-03,1.277904102817598031e-02
8.780487804878047906e-03,3.333333333333333981e-03,4.847533632286994687e-03,1.277904102817598031e-02
8.780487804878047906e-03,3.333333333333333981e-03,4.847533632286994687e-03,1.277904102817598031e-02
8.780487804878047906e-03,3.333333333333333981e-03,4.847533632286994687e-03,1.277904102817598031e-02
8.780487804878047906e-03,3.333333333333333981e-03,4.847533632286994687e-03,1.277904102817598031e-02
8.780487804878047906e-03,3.333333333333333981e-03,4.847533632286994687e-03,1.277904102817598031e-02
8.780487804878047906e-03,3.333333333333333981e-03,4.847533632286994687e-03,1.277904102817598031e-02
8.780487804878047906e-03,3.333333333333333981e-03,4.847533632286994687e-03,1.277904102817598031e-02
8.780487804878047906e-03,3.333333333333333981e-03,4.847533632286994687e-03,1.277904102817598031e-02
8.780487804878047906e-03,3.333333333333333981e-03,4.847533632286994687e-03,1.277904102817598031e-02
8.780487804878047906e-03,3.333333333333333981e-03,4.847533632286994687e-03,1.277904102817598031e-02
8.780487804878047906e-03,3.333333333333333981e-03,4.847533632286994687e-03,1.277904102817598031e-02
8.780487804878047906e-03,3.333333333333333981e-03,4.847533632286994687e-03,1.277904102817598031e-02
8.780487804878047906e-03,3.333333333333333981e-03,4.847533632286994687e-03,1.277904102817598031e-02
8.780487804878047906e-03,3.333333333333333981e-03,4.847533632286994687e-03,1.277904102817598031e-02
8.780487804878047906e-03,3.333333333333333981e-03,4.847533632286994687e-03,1.277904102817598031e-02
8.780487804878047906e-03,3.333333333333333981e-03,4.847533632286994687e-03,1.277904102817598031e-02
8.780487804878047906e-03,3.333333333333333981e-03,4.847533632286994687e-03,1.277904102817598031e-02
8.780487804878047906e-03,3.333333333333333981e-03,4.847533632286994687e-03,1.277904102817598031e-02
8.780487804878047906e-03,3.333333333333333981e-03,4.847533632286994687e-03,1.277904102817598031e-02
8.780487804878047906e-03,3.333333333333333981e-03,4.847533632286994687e-03,1.277904102817598031e-02
8.780487804878047906e-03,3.333333333333333981e-03,4.847533632286994687e-03,1.277904102817598031e-02
8.780487804878047906e-03,3.333333333333333981e-03,4.847533632286994687e-03,1.277904102817598031e-02
8.780487804878047906e-03,3.333333333333333981e-03,4.847533632286994687e-03,1.277904102817598031e-02
8.780487804878047906e-03,3.333333333333333981e-03,4.847533632286994687e-03,1.277904102817598031e-02
8.780487804878047906e-03,3.333333333333333981e-03,4.847533632286994687e-03,1.277904102817598031e-02
8.780487804878047906e-03,3.333333333333333981e-03,4.847533632286994687e-03,1.277904102817598031e-02
8.780487804878047906e-03,3.333333333333333981e-03,4.847533632286994687e-03,1.277904102817598031e-02
8.780487804878047906e-03,3.333333333333333981e-03,4.847533632286994687e-03,1.277904102817598031e-02
8.780487804878047906e-03,3.333333333333333981e-03,4.847533632286994687e-03,1.277904102817598031e-02
8.780487804878047906e-03,3.333333333333333981e-03,4.847533632286994687e-03,1.277904102817598031e-02
8.780487804878047906e-03,3.333333333333333981e-03,4.847533632286994687e-03,1.277904102817598031e-02
8.780487804878047906e-03,3.333333333333333981e-03,4.847533632286994687e-03,1.277904102817598031e-02
8.780487804878047906e-03,3.333333333333333981e-03,4.847533632286994687e-03,1.277904102817598031e-02
8.780487804878047906e-03,3.333333333333333981e-03,4.847533632286994687e-03,1.277904102817598031e-02
8.780487804878047906e-03,3.333333333333333981e-03,4.847533632286994687e-03,1.277904102817598031e-02
8.780487804878047906e-03,3.333333333333333981e-03,4.847533632286994687e-03,1.277904102817598031e-02
8.780487804878047906e-03,3.333333333333333981e-03,4.847533632286994687e-03,1.277904102817598031e-02
8.780487804878047906e-03,3.333333333333333981e-03,4.847533632286994687e-03,1.277904102817598031e-02
8.780487804878047906e-03,3.333333333333333981e-03,4.847533632286994687e-03,1.277904102817598031e-02
8.780487804878047906e-03,3.333333333333333981e-03,4.847533632286994687e-03,1.277904102817598031e-02
8.780487804878047906e-03,3.333333333333333981e-03,4.847533632286994687e-03,1.277904102817598031e-02
8.780487804878047906e-03,3.333333333333333981e-03,4.847533632286994687e-03,1.277904102817598031e-02
8.780487804878047906e-03,3.333333333333333981e-03,4.847533632286994687e-03,1.277904102817598031e-02
8.780487804878047906e-03,3.333333333333333981e-03,4.847533632286994687e-03,1.277904102817598031e-02
8.780487804878047906e-03,3.333333333333333981e-03,4.847533632286994687e-03,1.277904102817598031e-02
8.780487804878047906e-03,3.333333333333333981e-03,4.847533632286994687e-03,1.277904102817598031e-02
8.780487804878047906e-03,3.333333333333333981e-03,4.847533632286994687e-03,1.277904102817598031e-02
8.780487804878047906e-03,3.333333333333333981e-03,4.847533632286994687e-03,1.277904102817598031e-02
8.780487804878047906e-03,3.333333333333333981e-03,4.847533632286994687e-03,1.277904102817598031e-02
8.780487804878047906e-03,3.333333333333333981e-03,4.847533632286994687e-03,1.277904102817598031e-02
8.780487804878047906e-03,3.333333333333333981e-03,4.847533632286994687e-03,1.277904102817598031e-02
8.780487804878047906e-03,3.333333333333333981e-03,4.847533632286994687e-03,1.277904102817598031e-02
8.780487804878047906e-03,3.333333333333333981e-03,4.847533632286994687e-03,1.277904102817598031e-02
8.780487804878047906e-03,3.333333333333333981e-03,4.847533632286994687e-03,1.277904102817598031e-02
8.780487804878047906e-03,3.333333333333333981e-03,4.847533632286994687e-03,1.277904102817598031e-02
8.780487804878047906e-03,3.333333333333333981e-03,4.847533632286994687e-03,1.277904102817598031e-02
8.780487804878047906e-03,3.333333333333333981e-03,4.847533632286994687e-03,1.277904102817598031e-02
8.780487804878047906e-03,3.333333333333333981e-03,4.847533632286994687e-03,1.277904102817598031e-02
8.780487804878047906e-03,3.333333333333333981e-03,4.847533632286994687e-03,1.277904102817598031e-02
8.780487804878047906e-03,3.333333333333333981e-03,4.847533632286994687e-03,1.277904102817598031e-02
8.780487804878047906e-03,3.333333333333333981e-03,4.847533632286994687e-03,1.277904102817598031e-02
8.780487804878047906e-03,3.333333333333333981e-03,4.847533632286994687e-03,1.277904102817598031e-02
8.780487804878047906e-03,3.333333333333333981e-03,4.847533632286994687e-03,1.277904102817598031e-02
8.780487804878047906e-03,3.333333333333333981e-03,4.847533632286994687e-03,1.277904102817598031e-02
8.780487804878047906e-03,3.333333333333333981e-03,4.847533632286994687e-03,1.277904102817598031e-02
8.780487804878047906e-03,3.333333333333333981e-03,4.847533632286994687e-03,1.277904102817598031e-02
8.780487804878047906e-03,3.333333333333333981e-03,4.847533632286994687e-03,1.277904102817598031e-02
8.780487804878047906e-03,3.333333333333333981e-03,4.847533632286994687e-03,1.277904102817598031e-02
8.780487804878047906e-03,3.333333333333333981e-03,4.847533632286994687e-03,1.277904102817598031e-02
8.780487804878047906e-03,3.333333333333333981e-03,4.847533632286994687e-03,1.277904102817598031e-02
8.780487804878047906e-03,3.333333333333333981e-03,4.847533632286994687e-03,1.277904102817598031e-02
8.780487804878047906e-03,3.333333333333333981e-03,4.847533632286994687e-03,1.277904102817598031e-02
8.780487804878047906e-03,3.333333333333333981e-03,4.847533632286994687e-03,1.277904102817598031e-02
8.780487804878047906e-03,3.333333333333333981e-03,4.847533632286994687e-03,1.277904102817598031e-02
8.780487804878047906e-03,3.333333333333333981e-03,4.847533632286994687e-03,1.277904102817598031e-02
8.780487804878047906e-03,3.333333333333333981e-03,4.847533632286994687e-03,1.277904102817598031e-02
8.780487804878047906e-03,3.333333333333333981e-03,4.847533632286994687e-03,1.277904102817598031e-02
8.780487804878047906e-03,3.333333333333333981e-03,4.847533632286994687e-03,1.277904102817598031e-02
8.780487804878047906e-03,3.333333333333333981e-03,4.847533632286994687e-03,1.277904102817598031e-02
8.780487804878047906e-03,3.333333333333333981e-03,4.847533632286994687e-03,1.277904102817598031e-02
8.780487804878047906e-03,3.333333333333333981e-03,4.847533632286994687e-03,1.277904102817598031e-02
8.780487804878047906e-03,3.333333333333333981e-03,4.847533632286994687e-03,1.277904102817598031e-02
8.780487804878047906e-03,3.333333333333333981e-03,4.847533632286994687e-03,1.277904102817598031e-02
8.780487804878047906e-03,3.333333333333333981e-03,4.847533632286994687e-03,1.277904102817598031e-02
8.780487804878047906e-03,3.333333333333333981e-03,4.847533632286994687e-03,1.277904102817598031e-02
8.780487804878047906e-03,3.333333333333333981e-03,4.847533632286994687e-03,1.277904102817598031e-02
8.780487804878047906e-03,3.333333333333333981e-03,4.847533632286994687e-03,1.277904102817598031e-02
8.780487804878047906e-03,3.333333333333333981e-03,4.847533632286994687e-03,1.277904102817598031e-02
8.780487804878047906e-03,3.333333333333333981e-03,4.847533632286994687e-03,1.277904102817598031e-02
8.780487804878047906e-03,3.333333333333333981e-03,4.847533632286994687e-03,1.277904102817598031e-02
8.780487804878047906e-03,3.333333333333333981e-03,4.847533632286994687e-03,1.277904102817598031e-02
8.780487804878047906e-03,3.333333333333333981e-03,4.847533632286994687e-03,1.277904102817598031e-02
8.780487804878047906e-03,3.333333333333333981e-03,4.847533632286994687e-03,1.277904102817598031e-02
8.780487804878047906e-03,3.333333333333333981e-03,4.847533632286994687e-03,1.277904102817598031e-02
8.780487804878047906e-03,3.333333333333333981e-03,4.847533632286994687e-03,1.277904102817598031e-02
8.780487804878047906e-03,3.333333333333333981e-03,4.847533632286994687e-03,1.277904102817598031e-02
8.780487804878047906e-03,3.333333333333333981e-03,4.847533632286994687e-03,1.277904102817598031e-02
8.780487804878047906e-03,3.333333333333333981e-03,4.847533632286994687e-03,1.277904102817598031e-02
8.780487804878047906e-03,3.333333333333333981e-03,4.847533632286994687e-03,1.277904102817598031e-02
8.780487804878047906e-03,3.333333333333333981e-03,4.847533632286994687e-03,1.277904102817598031e-02
8.780487804878047906e-03,3.333333333333333981e-03,4.847533632286994687e-03,1.277904102817598031e-02
8.780487804878047906e-03,3.333333333333333981e-03,4.847533632286994687e-03,1.277904102817598031e-02
8.780487804878047906e-03,3.333333333333333981e-03,4.847533632286994687e-03,1.277904102817598031e-02
8.780487804878047906e-03,3.333333333333333981e-03,4.847533632286994687e-03,1.277904102817598031e-02
8.780487804878047906e-03,3.333333333333333981e-03,4.847533632286994687e-03,1.277904102817598031e-02
8.780487804878047906e-03,3.333333333333333981e-03,4.847533632286994687e-03,1.277904102817598031e-02
8.780487804878047906e-03,3.333333333333333981e-03,4.847533632286994687e-03,1.277904102817598031e-02
8.780487804878047906e-03,3.333333333333333981e-03,4.847533632286994687e-03,1.277904102817598031e-02
8.780487804878047906e-03,3.333333333333333981e-03,4.847533632286994687e-03,1.277904102817598031e-02
8.780487804878047906e-03,3.333333333333333981e-03,4.847533632286994687e-03,1.277904102817598031e-02
8.780487804878047906e-03,3.333333333333333981e-03,4.847533632286994687e-03,1.277904102817598031e-02
8.780487804878047906e-03,3.333333333333333981e-03,4.847533632286994687e-03,1.277904102817598031e-02
8.780487804878047906e-03,3.333333333333333981e-03,4.847533632286994687e-03,1.277904102817598031e-02
8.780487804878047906e-03,3.333333333333333981e-03,4.847533632286994687e-03,1.277904102817598031e-02
8.780487804878047906e-03,3.333333333333333981e-03,4.847533632286994687e-03,1.277904102817598031e-02
8.780487804878047906e-03,3.333333333333333981e-03,4.847533632286994687e-03,1.277904102817598031e-02
8.780487804878047906e-03,3.333333333333333981e-03,4.847533632286994687e-03,1.277904102817598031e-02
8.780487804878047906e-03,3.333333333333333981e-03,4.847533632286994687e-03,1.277904102817598031e-02
8.780487804878047906e-03,3.333333333333333981e-03,4.847533632286994687e-03,1.277904102817598031e-02
8.780487804878047906e-03,3.333333333333333981e-03,4.847533632286994687e-03,1.277904102817598031e-02
8.780487804878047906e-03,3.333333333333333981e-03,4.847533632286994687e-03,1.277904102817598031e-02
8.780487804878047906e-03,3.333333333333333981e-03,4.847533632286994687e-03,1.277904102817598031e-02
8.780487804878047906e-03,3.333333333333333981e-03,4.847533632286994687e-03,1.277904102817598031e-02
8.780487804878047906e-03,3.333333333333333981e-03,4.847533632286994687e-03,1.277904102817598031e-02
8.780487804878047906e-03,3.333333333333333981e-03,4.847533632286994687e-03,1.277904102817598031e-02
8.780487804878047906e-03,3.333333333333333981e-03,4.847533632286994687e-03,1.277904102817598031e-02
8.780487804878047906e-03,3.333333333333333981e-03,4.847533632286994687e-03,1.277904102817598031e-02
8.780487804878047906e-03,3.333333333333333981e-03,4.847533632286994687e-03,1.277904102817598031e-02
8.780487804878047906e-03,3.333333333333333981e-03,4.847533632286994687e-03,1.277904102817598031e-02
8.780487804878047906e-03,3.333333333333333981e-03,4.847533632286994687e-03,1.277904102817598031e-02
8.780487804878047906e-03,3.333333333333333981e-03,4.847533632286994687e-03,1.277904102817598031e-02
8.780487804878047906e-03,3.333333333333333981e-03,4.847533632286994687e-03,1.277904102817598031e-02
8.780487804878047906e-03,3.333333333333333981e-03,4.847533632286994687e-03,1.277904102817598031e-02
8.780487804878047906e-03,3.333333333333333981e-03,4.847533632286994687e-03,1.277904102817598031e-02
8.780487804878047906e-03,3.333333333333333981e-03,4.847533632286994687e-03,1.277904102817598031e-02
8.780487804878047906e-03,3.333333333333333981e-03,4.847533632286994687e-03,1.277904102817598031e-02
8.780487804878047906e-03,3.333333333333333981e-03,4.847533632286994687e-03,1.277904102817598031e-02
8.780487804878047906e-03,3.333333333333333981e-03,4.847533632286994687e-03,1.277904102817598031e-02
8.780487804878047906e-03,3.333333333333333981e-03,4.847533632286994687e-03,1.277904102817598031e-02
8.780487804878047906e-03,3.333333333333333981e-03,4.847533632286994687e-03,1.277904102817598031e-02
8.780487804878047906e-03,3.333333333333333981e-03,4.847533632286994687e-03,1.277904102817598031e-02
8.780487804878047906e-03,3.333333333333333981e-03,4.847533632286994687e-03,1.277904102817598031e-02
8.780487804878047906e-03,3.333333333333333981e-03,4.847533632286994687e-03,1.277904102817598031e-02
8.780487804878047906e-03,3.333333333333333981e-03,4.847533632286994687e-03,1.277904102817598031e-02
8.780487804878047906e-03,3.333333333333333981e-03,4.847533632286994687e-03,1.277904102817598031e-02
8.780487804878047906e-03,3.333333333333333981e-03,4.847533632286994687e-03,1.277904102817598031e-02
8.780487804878047906e-03,3.333333333333333981e-03,4.847533632286994687e-03,1.277904102817598031e-02
8.780487804878047906e-03,3.333333333333333981e-03,4.847533632286994687e-03,1.277904102817598031e-02
8.780487804878047906e-03,3.333333333333333981e-03,4.847533632286994687e-03,1.277904102817598031e-02
8.780487804878047906e-03,3.333333333333333981e-03,4.847533632286994687e-03,1.277904102817598031e-02
8.780487804878047906e-03,3.333333333333333981e-03,4.847533632286994687e-03,1.277904102817598031e-02
8.780487804878047906e-03,3.333333333333333981e-03,4.847533632286994687e-03,1.277904102817598031e-02
8.780487804878047906e-03,3.333333333333333981e-03,4.847533632286994687e-03,1.277904102817598031e-02
8.780487804878047906e-03,3.333333333333333981e-03,4.847533632286994687e-03,1.277904102817598031e-02
8.780487804878047906e-03,3.333333333333333981e-03,4.847533632286994687e-03,1.277904102817598031e-02
8.780487804878047906e-03,3.333333333333333981e-03,4.847533632286994687e-03,1.277904102817598031e-02
8.780487804878047906e-03,3.333333333333333981e-03,4.847533632286994687e-03,1.277904102817598031e-02
8.780487804878047906e-03,3.333333333333333981e-03,4.847533632286994687e-03,1.277904102817598031e-02
8.780487804878047906e-03,3.333333333333333981e-03,4.847533632286994687e-03,1.277904102817598031e-02
8.780487804878047906e-03,3.333333333333333981e-03,4.847533632286994687e-03,1.277904102817598031e-02
8.780487804878047906e-03,3.333333333333333981e-03,4.847533632286994687e-03,1.277904102817598031e-02
8.780487804878047906e-03,3.333333333333333981e-03,4.847533632286994687e-03,1.277904102817598031e-02
8.780487804878047906e-03,3.333333333333333981e-03,4.847533632286994687e-03,1.277904102817598031e-02
8.780487804878047906e-03,3.333333333333333981e-03,4.847533632286994687e-03,1.277904102817598031e-02
8.780487804878047906e-03,3.333333333333333981e-03,4.847533632286994687e-03,1.277904102817598031e-02
8.780487804878047906e-03,3.333333333333333981e-03,4.847533632286994687e-03,1.277904102817598031e-02
8.780487804878047906e-03,3.333333333333333981e-03,4.847533632286994687e-03,1.277904102817598031e-02
8.780487804878047906e-03,3.333333333333333981e-03,4.847533632286994687e-03,1.277904102817598031e-02
8.780487804878047906e-03,3.333333333333333981e-03,4.847533632286994687e-03,1.277904102817598031e-02
8.780487804878047906e-03,3.333333333333333981e-03,4.847533632286994687e-03,1.277904102817598031e-02
8.780487804878047906e-03,3.333333333333333981e-03,4.847533632286994687e-03,1.277904102817598031e-02
8.780487804878047906e-03,3.333333333333333981e-03,4.847533632286994687e-03,1.277904102817598031e-02
8.780487804878047906e-03,3.333333333333333981e-03,4.847533632286994687e-03,1.277904102817598031e-02
8.780487804878047906e-03,3.333333333333333981e-03,4.847533632286994687e-03,1.277904102817598031e-02
8.780487804878047906e-03,3.333333333333333981e-03,4.847533632286994687e-03,1.277904102817598031e-02
8.780487804878047906e-03,3.333333333333333981e-03,4.847533632286994687e-03,1.277904102817598031e-02
8.780487804878047906e-03,3.333333333333333981e-03,4.847533632286994687e-03,1.277904102817598031e-02
8.780487804878047906e-03,3.333333333333333981e-03,4.847533632286994687e-03,1.277904102817598031e-02
8.780487804878047906e-03,3.333333333333333981e-03,4.847533632286994687e-03,1.277904102817598031e-02
8.780487804878047906e-03,3.333333333333333981e-03,4.847533632286994687e-03,1.277904102817598031e-02
8.780487804878047906e-03,3.333333333333333981e-03,4.847533632286994687e-03,1.277904102817598031e-02
8.780487804878047906e-03,3.333333333333333981e-03,4.847533632286994687e-03,1.277904102817598031e-02
8.780487804878047906e-03,3.333333333333333981e-03,4.847533632286994687e-03,1.277904102817598031e-02
8.780487804878047906e-03,3.333333333333333981e-03,4.847533632286994687e-03,1.277904102817598031e-02
8.780487804878047906e-03,3.333333333333333981e-03,4.847533632286994687e-03,1.277904102817598031e-02
8.780487804878047906e-03,3.333333333333333981e-03,4.847533632286994687e-03,1.277904102817598031e-02
8.780487804878047906e-03,3.333333333333333981e-03,4.847533632286994687e-03,1.277904102817598031e-02
8.780487804878047906e-03,3.333333333333333981e-03,4.847533632286994687e-03,1.277904102817598031e-02
8.780487804878047906e-03,3.333333333333333981e-03,4.847533632286994687e-03,1.277904102817598031e-02
8.780487804878047906e-03,3.333333333333333981e-03,4.847533632286994687e-03,1.277904102817598031e-02
8.780487804878047906e-03,3.333333333333333981e-03,4.847533632286994687e-03,1.277904102817598031e-02
8.780487804878047906e-03,3.333333333333333981e-03,4.847533632286994687e-03,1.277904102817598031e-02
8.780487804878047906e-03,3.333333333333333981e-03,4.847533632286994687e-03,1.277904102817598031e-02
8.780487804878047906e-03,3.333333333333333981e-03,4.847533632286994687e-03,1.277904102817598031e-02
8.780487804878047906e-03,3.333333333333333981e-03,4.847533632286994687e-03,1.277904102817598031e-02
8.780487804878047906e-03,3.333333333333333981e-03,4.847533632286994687e-03,1.277904102817598031e-02
8.780487804878047906e-03,3.333333333333333981e-03,4.847533632286994687e-03,1.277904102817598031e-02
8.780487804878047906e-03,3.333333333333333981e-03,4.847533632286994687e-03,1.277904102817598031e-02
8.780487804878047906e-03,3.333333333333333981e-03,4.847533632286994687e-03,1.277904102817598031e-02
8.780487804878047906e-03,3.333333333333333981e-03,4.847533632286994687e-03,1.277904102817598031e-02
8.780487804878047906e-03,3.333333333333333981e-03,4.847533632286994687e-03,1.277904102817598031e-02
8.780487804878047906e-03,3.333333333333333981e-03,4.847533632286994687e-03,1.277904102817598031e-02
8.780487804878047906e-03,3.333333333333333981e-03,4.847533632286994687e-03,1.277904102817598031e-02
8.780487804878047906e-03,3.333333333333333981e-03,4.847533632286994687e-03,1.277904102817598031e-02
8.780487804878047906e-03,3.333333333333333981e-03,4.847533632286994687e-03,1.277904102817598031e-02
8.780487804878047906e-03,3.333333333333333981e-03,4.847533632286994687e-03,1.277904102817598031e-02
8.780487804878047906e-03,3.333333333333333981e-03,4.847533632286994687e-03,1.277904102817598031e-02
8.780487804878047906e-03,3.333333333333333981e-03,4.847533632286994687e-03,1.277904102817598031e-02
8.780487804878047906e-03,3.333333333333333981e-03,4.847533632286994687e-03,1.277904102817598031e-02
8.780487804878047906e-03,3.333333333333333981e-03,4.847533632286994687e-03,1.277904102817598031e-02
8.780487804878047906e-03,3.333333333333333981e-03,4.847533632286994687e-03,1.277904102817598031e-02
8.780487804878047906e-03,3.333333333333333981e-03,4.847533632286994687e-03,1.277904102817598031e-02
8.780487804878047906e-03,3.333333333333333981e-03,4.847533632286994687e-03,1.277904102817598031e-02
8.780487804878047906e-03,3.333333333333333981e-03,4.847533632286994687e-03,1.277904102817598031e-02
8.780487804878047906e-03,3.333333333333333981e-03,4.847533632286994687e-03,1.277904102817598031e-02
8.780487804878047906e-03,3.333333333333333981e-03,4.847533632286994687e-03,1.277904102817598031e-02
8.780487804878047906e-03,3.333333333333333981e-03,4.847533632286994687e-03,1.277904102817598031e-02
8.780487804878047906e-03,3.333333333333333981e-03,4.847533632286994687e-03,1.277904102817598031e-02
8.780487804878047906e-03,3.333333333333333981e-03,4.847533632286994687e-03,1.277904102817598031e-02
8.780487804878047906e-03,3.333333333333333981e-03,4.847533632286994687e-03,1.277904102817598031e-02
8.780487804878047906e-03,3.333333333333333981e-03,4.847533632286994687e-03,1.277904102817598031e-02
8.780487804878047906e-03,3.333333333333333981e-03,4.847533632286994687e-03,1.277904102817598031e-02
8.780487804878047906e-03,3.333333333333333981e-03,4.847533632286994687e-03,1.277904102817598031e-02
8.780487804878047906e-03,3.333333333333333981e-03,4.847533632286994687e-03,1.277904102817598031e-02
8.780487804878047906e-03,3.333333333333333981e-03,4.847533632286994687e-03,1.277904102817598031e-02
8.780487804878047906e-03,3.333333333333333981e-03,4.847533632286994687e-03,1.277904102817598031e-02
8.780487804878047906e-03,3.333333333333333981e-03,4.847533632286994687e-03,1.277904102817598031e-02
8.780487804878047906e-03,3.333333333333333981e-03,4.847533632286994687e-03,1.277904102817598031e-02
8.780487804878047906e-03,3.333333333333333981e-03,4.847533632286994687e-03,1.277904102817598031e-02
8.780487804878047906e-03,3.333333333333333981e-03,4.847533632286994687e-03,1.277904102817598031e-02
8.780487804878047906e-03,3.333333333333333981e-03,4.847533632286994687e-03,1.277904102817598031e-02
8.780487804878047906e-03,3.333333333333333981e-03,4.847533632286994687e-03,1.277904102817598031e-02
8.780487804878047906e-03,3.333333333333333981e-03,4.847533632286994687e-03,1.277904102817598031e-02
8.780487804878047906e-03,3.333333333333333981e-03,4.847533632286994687e-03,1.277904102817598031e-02
8.780487804878047906e-03,3.333333333333333981e-03,4.847533632286994687e-03,1.277904102817598031e-02
8.780487804878047906e-03,3.333333333333333981e-03,4.847533632286994687e-03,1.277904102817598031e-02
8.780487804878047906e-03,3.333333333333333981e-03,4.847533632286994687e-03,1.277904102817598031e-02
8.780487804878047906e-03,3.333333333333333981e-03,4.847533632286994687e-03,1.277904102817598031e-02
8.780487804878047906e-03,3.333333333333333981e-03,4.847533632286994687e-03,1.277904102817598031e-02
8.780487804878047906e-03,3.333333333333333981e-03,4.847533632286994687e-03,1.277904102817598031e-02
8.780487804878047906e-03,3.333333333333333981e-03,4.847533632286994687e-03,1.277904102817598031e-02
8.780487804878047906e-03,3.333333333333333981e-03,4.847533632286994687e-03,1.277904102817598031e-02
8.780487804878047906e-03,3.333333333333333981e-03,4.847533632286994687e-03,1.277904102817598031e-02
8.780487804878047906e-03,3.333333333333333981e-03,4.847533632286994687e-03,1.277904102817598031e-02
8.780487804878047906e-03,3.333333333333333981e-03,4.847533632286994687e-03,1.277904102817598031e-02
8.780487804878047906e-03,3.333333333333333981e-03,4.847533632286994687e-03,1.277904102817598031e-02
8.780487804878047906e-03,3.333333333333333981e-03,4.847533632286994687e-03,1.277904102817598031e-02
8.780487804878047906e-03,3.333333333333333981e-03,4.847533632286994687e-03,1.277904102817598031e-02
8.780487804878047906e-03,3.333333333333333981e-03,4.847533632286994687e-03,1.277904102817598031e-02
8.780487804878047906e-03,3.333333333333333981e-03,4.847533632286994687e-03,1.277904102817598031e-02
8.780487804878047906e-03,3.333333333333333981e-03,4.847533632286994687e-03,1.277904102817598031e-02
8.780487804878047906e-03,3.333333333333333981e-03,4.847533632286994687e-03,1.277904102817598031e-02
8.780487804878047906e-03,3.333333333333333981e-03,4.847533632286994687e-03,1.277904102817598031e-02
8.780487804878047906e-03,3.333333333333333981e-03,4.847533632286994687e-03,1.277904102817598031e-02
8.780487804878047906e-03,3.333333333333333981e-03,4.847533632286994687e-03,1.277904102817598031e-02
8.780487804878047906e-03,3.333333333333333981e-03,4.847533632286994687e-03,1.277904102817598031e-02
8.780487804878047906e-03,3.333333333333333981e-03,4.847533632286994687e-03,1.277904102817598031e-02
8.780487804878047906e-03,3.333333333333333981e-03,4.847533632286994687e-03,1.277904102817598031e-02
8.780487804878047906e-03,3.333333333333333981e-03,4.847533632286994687e-03,1.277904102817598031e-02
8.780487804878047906e-03,3.333333333333333981e-03,4.847533632286994687e-03,1.277904102817598031e-02
8.780487804878047906e-03,3.333333333333333981e-03,4.847533632286994687e-03,1.277904102817598031e-02
8.780487804878047906e-03,3.333333333333333981e-03,4.847533632286994687e-03,1.277904102817598031e-02
8.780487804878047906e-03,3.333333333333333981e-03,4.847533632286994687e-03,1.277904102817598031e-02
8.780487804878047906e-03,3.333333333333333981e-03,4.847533632286994687e-03,1.277904102817598031e-02
8.780487804878047906e-03,3.333333333333333981e-03,4.847533632286994687e-03,1.277904102817598031e-02
8.780487804878047906e-03,3.333333333333333981e-03,4.847533632286994687e-03,1.277904102817598031e-02
8.780487804878047906e-03,3.333333333333333981e-03,4.847533632286994687e-03,1.277904102817598031e-02
8.780487804878047906e-03,3.333333333333333981e-03,4.847533632286994687e-03,1.277904102817598031e-02
8.780487804878047906e-03,3.333333333333333981e-03,4.847533632286994687e-03,1.277904102817598031e-02
8.780487804878047906e-03,3.333333333333333981e-03,4.847533632286994687e-03,1.277904102817598031e-02
8.780487804878047906e-03,3.333333333333333981e-03,4.847533632286994687e-03,1.277904102817598031e-02
8.780487804878047906e-03,3.333333333333333981e-03,4.847533632286994687e-03,1.277904102817598031e-02
8.780487804878047906e-03,3.333333333333333981e-03,4.847533632286994687e-03,1.277904102817598031e-02
8.780487804878047906e-03,3.333333333333333981e-03,4.847533632286994687e-03,1.277904102817598031e-02
8.780487804878047906e-03,3.333333333333333981e-03,4.847533632286994687e-03,1.277904102817598031e-02
8.780487804878047906e-03,3.333333333333333981e-03,4.847533632286994687e-03,1.277904102817598031e-02
8.780487804878047906e-03,3.333333333333333981e-03,4.847533632286994687e-03,1.277904102817598031e-02
8.780487804878047906e-03,3.333333333333333981e-03,4.847533632286994687e-03,1.277904102817598031e-02
8.780487804878047906e-03,3.333333333333333981e-03,4.847533632286994687e-03,1.277904102817598031e-02
8.780487804878047906e-03,3.333333333333333981e-03,4.847533632286994687e-03,1.277904102817598031e-02
8.780487804878047906e-03,3.333333333333333981e-03,4.847533632286994687e-03,1.277904102817598031e-02
8.780487804878047906e-03,3.333333333333333981e-03,4.847533632286994687e-03,1.277904102817598031e-02
8.780487804878047906e-03,3.333333333333333981e-03,4.847533632286994687e-03,1.277904102817598031e-02
8.780487804878047906e-03,3.333333333333333981e-03,4.847533632286994687e-03,1.277904102817598031e-02
8.780487804878047906e-03,3.333333333333333981e-03,4.847533632286994687e-03,1.277904102817598031e-02
8.780487804878047906e-03,3.333333333333333981e-03,4.847533632286994687e-03,1.277904102817598031e-02
8.780487804878047906e-03,3.333333333333333981e-03,4.847533632286994687e-03,1.277904102817598031e-02
8.780487804878047906e-03,3.333333333333333981e-03,4.847533632286994687e-03,1.277904102817598031e-02
8.780487804878047906e-03,3.333333333333333981e-03,4.847533632286994687e-03,1.277904102817598031e-02
8.780487804878047906e-03,3.333333333333333981e-03,4.847533632286994687e-03,1.277904102817598031e-02
8.780487804878047906e-03,3.333333333333333981e-03,4.847533632286994687e-03,1.277904102817598031e-02
8.780487804878047906e-03,3.333333333333333981e-03,4.847533632286994687e-03,1.277904102817598031e-02
8.780487804878047906e-03,3.333333333333333981e-03,4.847533632286994687e-03,1.277904102817598031e-02
8.780487804878047906e-03,3.333333333333333981e-03,4.847533632286994687e-03,1.277904102817598031e-02
8.780487804878047906e-03,3.333333333333333981e-03,4.847533632286994687e-03,1.277904102817598031e-02
8.780487804878047906e-03,3.333333333333333981e-03,4.847533632286994687e-03,1.277904102817598031e-02
8.780487804878047906e-03,3.333333333333333981e-03,4.847533632286994687e-03,1.277904102817598031e-02
8.780487804878047906e-03,3.333333333333333981e-03,4.847533632286994687e-03,1.277904102817598031e-02
8.780487804878047906e-03,3.333333333333333981e-03,4.847533632286994687e-03,1.277904102817598031e-02
8.780487804878047906e-03,3.333333333333333981e-03,4.847533632286994687e-03,1.277904102817598031e-02
8.780487804878047906e-03,3.333333333333333981e-03,4.847533632286994687e-03,1.277904102817598031e-02
8.780487804878047906e-03,3.333333333333333981e-03,4.847533632286994687e-03,1.277904102817598031e-02
8.780487804878047906e-03,3.333333333333333981e-03,4.847533632286994687e-03,1.277904102817598031e-02
8.780487804878047906e-03,3.333333333333333981e-03,4.847533632286994687e-03,1.277904102817598031e-02
8.780487804878047906e-03,3.333333333333333981e-03,4.847533632286994687e-03,1.277904102817598031e-02
8.780487804878047906e-03,3.333333333333333981e-03,4.847533632286994687e-03,1.277904102817598031e-02
8.780487804878047906e-03,3.333333333333333981e-03,4.847533632286994687e-03,1.277904102817598031e-02
8.780487804878047906e-03,3.333333333333333981e-03,4.847533632286994687e-03,1.277904102817598031e-02
8.780487804878047906e-03,3.333333333333333981e-03,4.847533632286994687e-03,1.277904102817598031e-02
8.780487804878047906e-03,3.333333333333333981e-03,4.847533632286994687e-03,1.277904102817598031e-02
8.780487804878047906e-03,3.333333333333333981e-03,4.847533632286994687e-03,1.277904102817598031e-02
8.780487804878047906e-03,3.333333333333333981e-03,4.847533632286994687e-03,1.277904102817598031e-02
8.780487804878047906e-03,3.333333333333333981e-03,4.847533632286994687e-03,1.277904102817598031e-02
8.780487804878047906e-03,3.333333333333333981e-03,4.847533632286994687e-03,1.277904102817598031e-02
8.780487804878047906e-03,3.333333333333333981e-03,4.847533632286994687e-03,1.277904102817598031e-02
8.780487804878047906e-03,3.333333333333333981e-03,4.847533632286994687e-03,1.277904102817598031e-02
8.780487804878047906e-03,3.333333333333333981e-03,4.847533632286994687e-03,1.277904102817598031e-02
8.780487804878047906e-03,3.333333333333333981e-03,4.847533632286994687e-03,1.277904102817598031e-02
8.780487804878047906e-03,3.333333333333333981e-03,4.847533632286994687e-03,1.277904102817598031e-02
8.780487804878047906e-03,3.333333333333333981e-03,4.847533632286994687e-03,1.277904102817598031e-02
8.780487804878047906e-03,3.333333333333333981e-03,4.847533632286994687e-03,1.277904102817598031e-02
8.780487804878047906e-03,3.333333333333333981e-03,4.847533632286994687e-03,1.277904102817598031e-02
8.780487804878047906e-03,3.333333333333333981e-03,4.847533632286994687e-03,1.277904102817598031e-02
8.780487804878047906e-03,3.333333333333333981e-03,4.847533632286994687e-03,1.277904102817598031e-02
8.780487804878047906e-03,3.333333333333333981e-03,4.847533632286994687e-03,1.277904102817598031e-02
8.780487804878047906e-03,3.333333333333333981e-03,4.847533632286994687e-03,1.277904102817598031e-02
8.780487804878047906e-03,3.333333333333333981e-03,4.847533632286994687e-03,1.277904102817598031e-02
8.780487804878047906e-03,3.333333333333333981e-03,4.847533632286994687e-03,1.277904102817598031e-02
8.780487804878047906e-03,3.333333333333333981e-03,4.847533632286994687e-03,1.277904102817598031e-02
8.780487804878047906e-03,3.333333333333333981e-03,4.847533632286994687e-03,1.277904102817598031e-02
8.780487804878047906e-03,3.333333333333333981e-03,4.847533632286994687e-03,1.277904102817598031e-02
8.780487804878047906e-03,3.333333333333333981e-03,4.847533632286994687e-03,1.277904102817598031e-02
8.780487804878047906e-03,3.333333333333333981e-03,4.847533632286994687e-03,1.277904102817598031e-02
8.780487804878047906e-03,3.333333333333333981e-03,4.847533632286994687e-03,1.277904102817598031e-02
8.780487804878047906e-03,3.333333333333333981e-03,4.847533632286994687e-03,1.277904102817598031e-02
8.780487804878047906e-03,3.333333333333333981e-03,4.847533632286994687e-03,1.277904102817598031e-02
8.780487804878047906e-03,3.333333333333333981e-03,4.847533632286994687e-03,1.277904102817598031e-02
8.780487804878047906e-03,3.333333333333333981e-03,4.847533632286994687e-03,1.277904102817598031e-02
8.780487804878047906e-03,3.333333333333333981e-03,4.847533632286994687e-03,1.277904102817598031e-02
8.780487804878047906e-03,3.333333333333333981e-03,4.847533632286994687e-03,1.277904102817598031e-02
8.780487804878047906e-03,3.333333333333333981e-03,4.847533632286994687e-03,1.277904102817598031e-02
8.780487804878047906e-03,3.333333333333333981e-03,4.847533632286994687e-03,1.277904102817598031e-02
8.780487804878047906e-03,3.333333333333333981e-03,4.847533632286994687e-03,1.277904102817598031e-02
8.780487804878047906e-03,3.333333333333333981e-03,4.847533632286994687e-03,1.277904102817598031e-02
8.780487804878047906e-03,3.333333333333333981e-03,4.847533632286994687e-03,1.277904102817598031e-02
8.780487804878047906e-03,3.333333333333333981e-03,4.847533632286994687e-03,1.277904102817598031e-02
8.780487804878047906e-03,3.333333333333333981e-03,4.847533632286994687e-03,1.277904102817598031e-02
8.780487804878047906e-03,3.333333333333333981e-03,4.847533632286994687e-03,1.277904102817598031e-02
8.780487804878047906e-03,3.333333333333333981e-03,4.847533632286994687e-03,1.277904102817598031e-02
8.780487804878047906e-03,3.333333333333333981e-03,4.847533632286994687e-03,1.277904102817598031e-02
8.780487804878047906e-03,3.333333333333333981e-03,4.847533632286994687e-03,1.277904102817598031e-02
8.780487804878047906e-03,3.333333333333333981e-03,4.847533632286994687e-03,1.277904102817598031e-02
8.780487804878047906e-03,3.333333333333333981e-03,4.847533632286994687e-03,1.277904102817598031e-02
8.780487804878047906e-03,3.333333333333333981e-03,4.847533632286994687e-03,1.277904102817598031e-02
8.780487804878047906e-03,3.333333333333333981e-03,4.847533632286994687e-03,1.277904102817598031e-02
8.780487804878047906e-03,3.333333333333333981e-03,4.847533632286994687e-03,1.277904102817598031e-02
8.780487804878047906e-03,3.333333333333333981e-03,4.847533632286994687e-03,1.277904102817598031e-02
8.780487804878047906e-03,3.333333333333333981e-03,4.847533632286994687e-03,1.277904102817598031e-02
8.780487804878047906e-03,3.333333333333333981e-03,4.847533632286994687e-03,1.277904102817598031e-02
8.780487804878047906e-03,3.333333333333333981e-03,4.847533632286994687e-03,1.277904102817598031e-02
8.780487804878047906e-03,3.333333333333333981e-03,4.847533632286994687e-03,1.277904102817598031e-02
8.780487804878047906e-03,3.333333333333333981e-03,4.847533632286994687e-03,1.277904102817598031e-02
8.780487804878047906e-03,3.333333333333333981e-03,4.847533632286994687e-03,1.277904102817598031e-02
8.780487804878047906e-03,3.333333333333333981e-03,4.847533632286994687e-03,1.277904102817598031e-02
8.780487804878047906e-03,3.333333333333333981e-03,4.847533632286994687e-03,1.277904102817598031e-02
8.780487804878047906e-03,3.333333333333333981e-03,4.847533632286994687e-03,1.277904102817598031e-02
8.780487804878047906e-03,3.333333333333333981e-03,4.847533632286994687e-03,1.277904102817598031e-02
8.780487804878047906e-03,3.333333333333333981e-03,4.847533632286994687e-03,1.277904102817598031e-02
8.780487804878047906e-03,3.333333333333333981e-03,4.847533632286994687e-03,1.277904102817598031e-02
8.780487804878047906e-03,3.333333333333333981e-03,4.847533632286994687e-03,1.277904102817598031e-02
8.780487804878047906e-03,3.333333333333333981e-03,4.847533632286994687e-03,1.277904102817598031e-02
8.780487804878047906e-03,3.333333333333333981e-03,4.847533632286994687e-03,1.277904102817598031e-02
8.780487804878047906e-03,3.333333333333333981e-03,4.847533632286994687e-03,1.277904102817598031e-02
8.780487804878047906e-03,3.333333333333333981e-03,4.847533632286994687e-03,1.277904102817598031e-02
8.780487804878047906e-03,3.333333333333333981e-03,4.847533632286994687e-03,1.277904102817598031e-02
8.780487804878047906e-03,3.333333333333333981e-03,4.847533632286994687e-03,1.277904102817598031e-02
8.780487804878047906e-03,3.333333333333333981e-03,4.847533632286994687e-03,1.277904102817598031e-02
8.780487804878047906e-03,3.333333333333333981e-03,4.847533632286994687e-03,1.277904102817598031e-02
8.780487804878047906e-03,3.333333333333333981e-03,4.847533632286994687e-03,1.277904102817598031e-02
8.780487804878047906e-03,3.333333333333333981e-03,4.847533632286994687e-03,1.277904102817598031e-02
8.780487804878047906e-03,3.333333333333333981e-03,4.847533632286994687e-03,1.277904102817598031e-02
8.780487804878047906e-03,3.333333333333333981e-03,4.847533632286994687e-03,1.277904102817598031e-02
8.780487804878047906e-03,3.333333333333333981e-03,4.847533632286994687e-03,1.277904102817598031e-02
8.780487804878047906e-03,3.333333333333333981e-03,4.847533632286994687e-03,1.277904102817598031e-02
8.780487804878047906e-03,3.333333333333333981e-03,4.847533632286994687e-03,1.277904102817598031e-02
8.780487804878047906e-03,3.333333333333333981e-03,4.847533632286994687e-03,1.277904102817598031e-02
8.780487804878047906e-03,3.333333333333333981e-03,4.847533632286994687e-03,1.277904102817598031e-02
8.780487804878047906e-03,3.333333333333333981e-03,4.847533632286994687e-03,1.277904102817598031e-02
8.780487804878047906e-03,3.333333333333333981e-03,4.847533632286994687e-03,1.277904102817598031e-02
8.780487804878047906e-03,3.333333333333333981e-03,4.847533632286994687e-03,1.277904102817598031e-02
8.780487804878047906e-03,3.333333333333333981e-03,4.847533632286994687e-03,1.277904102817598031e-02
8.780487804878047906e-03,3.333333333333333981e-03,4.847533632286994687e-03,1.277904102817598031e-02
8.780487804878047906e-03,3.333333333333333981e-03,4.847533632286994687e-03,1.277904102817598031e-02
8.780487804878047906e-03,3.333333333333333981e-03,4.847533632286994687e-03,1.277904102817598031e-02
8.780487804878047906e-03,3.333333333333333981e-03,4.847533632286994687e-03,1.277904102817598031e-02
8.780487804878047906e-03,3.333333333333333981e-03,4.847533632286994687e-03,1.277904102817598031e-02
8.780487804878047906e-03,3.333333333333333981e-03,4.847533632286994687e-03,1.277904102817598031e-02
8.780487804878047906e-03,3.333333333333333981e-03,4.847533632286994687e-03,1.277904102817598031e-02
8.780487804878047906e-03,3.333333333333333981e-03,4.847533632286994687e-03,1.277904102817598031e-02
8.780487804878047906e-03,3.333333333333333981e-03,4.847533632286994687e-03,1.277904102817598031e-02
8.780487804878047906e-03,3.333333333333333981e-03,4.847533632286994687e-03,1.277904102817598031e-02
8.780487804878047906e-03,3.333333333333333981e-03,4.847533632286994687e-03,1.277904102817598031e-02
8.780487804878047906e-03,3.333333333333333981e-03,4.847533632286994687e-03,1.277904102817598031e-02
8.780487804878047906e-03,3.333333333333333981e-03,4.847533632286994687e-03,1.277904102817598031e-02
8.780487804878047906e-03,3.333333333333333981e-03,4.847533632286994687e-03,1.277904102817598031e-02
8.780487804878047906e-03,3.333333333333333981e-03,4.847533632286994687e-03,1.277904102817598031e-02
8.780487804878047906e-03,3.333333333333333981e-03,4.847533632286994687e-03,1.277904102817598031e-02
8.780487804878047906e-03,3.333333333333333981e-03,4.847533632286994687e-03,1.277904102817598031e-02
8.780487804878047906e-03,3.333333333333333981e-03,4.847533632286994687e-03,1.277904102817598031e-02
8.780487804878047906e-03,3.333333333333333981e-03,4.847533632286994687e-03,1.277904102817598031e-02
8.780487804878047906e-03,3.333333333333333981e-03,4.847533632286994687e-03,1.277904102817598031e-02
8.780487804878047906e-03,3.333333333333333981e-03,4.847533632286994687e-03,1.277904102817598031e-02
8.780487804878047906e-03,3.333333333333333981e-03,4.847533632286994687e-03,1.277904102817598031e-02
8.780487804878047906e-03,3.333333333333333981e-03,4.847533632286994687e-03,1.277904102817598031e-02
8.780487804878047906e-03,3.333333333333333981e-03,4.847533632286994687e-03,1.277904102817598031e-02
8.780487804878047906e-03,3.333333333333333981e-03,4.847533632286994687e-03,1.277904102817598031e-02
8.780487804878047906e-03,3.333333333333333981e-03,4.847533632286994687e-03,1.277904102817598031e-02
8.780487804878047906e-03,3.333333333333333981e-03,4.847533632286994687e-03,1.277904102817598031e-02
8.780487804878047906e-03,3.333333333333333981e-03,4.847533632286994687e-03,1.277904102817598031e-02
8.780487804878047906e-03,3.333333333333333981e-03,4.847533632286994687e-03,1.277904102817598031e-02
8.780487804878047906e-03,3.333333333333333981e-03,4.847533632286994687e-03,1.277904102817598031e-02
8.780487804878047906e-03,3.333333333333333981e-03,4.847533632286994687e-03,1.277904102817598031e-02
8.780487804878047906e-03,3.333333333333333981e-03,4.847533632286994687e-03,1.277904102817598031e-02
8.780487804878047906e-03,3.333333333333333981e-03,4.847533632286994687e-03,1.277904102817598031e-02
8.780487804878047906e-03,3.333333333333333981e-03,4.847533632286994687e-03,1.277904102817598031e-02
8.780487804878047906e-03,3.333333333333333981e-03,4.847533632286994687e-03,1.277904102817598031e-02
8.780487804878047906e-03,3.333333333333333981e-03,4.847533632286994687e-03,1.277904102817598031e-02
8.780487804878047906e-03,3.333333333333333981e-03,4.847533632286994687e-03,1.277904102817598031e-02
8.780487804878047906e-03,3.333333333333333981e-03,4.847533632286994687e-03,1.277904102817598031e-02
8.780487804878047906e-03,3.333333333333333981e-03,4.847533632286994687e-03,1.277904102817598031e-02
8.780487804878047906e-03,3.333333333333333981e-03,4.847533632286994687e-03,1.277904102817598031e-02
8.780487804878047906e-03,3.333333333333333981e-03,4.847533632286994687e-03,1.277904102817598031e-02
8.780487804878047906e-03,3.333333333333333981e-03,4.847533632286994687e-03,1.277904102817598031e-02
8.780487804878047906e-03,3.333333333333333981e-03,4.847533632286994687e-03,1.277904102817598031e-02
8.780487804878047906e-03,3.333333333333333981e-03,4.847533632286994687e-03,1.277904102817598031e-02
8.780487804878047906e-03,3.333333333333333981e-03,4.847533632286994687e-03,1.277904102817598031e-02
8.780487804878047906e-03,3.333333333333333981e-03,4.847533632286994687e-03,1.277904102817598031e-02
8.780487804878047906e-03,3.333333333333333981e-03,4.847533632286994687e-03,1.277904102817598031e-02
8.780487804878047906e-03,3.333333333333333981e-03,4.847533632286994687e-03,1.277904102817598031e-02
8.780487804878047906e-03,3.333333333333333981e-03,4.847533632286994687e-03,1.277904102817598031e-02
8.780487804878047906e-03,3.333333333333333981e-03,4.847533632286994687e-03,1.277904102817598031e-02
8.780487804878047906e-03,3.333333333333333981e-03,4.847533632286994687e-03,1.277904102817598031e-02
8.780487804878047906e-03,3.333333333333333981e-03,4.847533632286994687e-03,1.277904102817598031e-02
8.780487804878047906e-03,3.333333333333333981e-03,4.847533632286994687e-03,1.277904102817598031e-02
8.780487804878047906e-03,3.333333333333333981e-03,4.847533632286994687e-03,1.277904102817598031e-02
8.780487804878047906e-03,3.333333333333333981e-03,4.847533632286994687e-03,1.277904102817598031e-02
8.780487804878047906e-03,3.333333333333333981e-03,4.847533632286994687e-03,1.277904102817598031e-02
8.780487804878047906e-03,3.333333333333333981e-03,4.847533632286994687e-03,1.277904102817598031e-02
8.780487804878047906e-03,3.333333333333333981e-03,4.847533632286994687e-03,1.277904102817598031e-02
8.780487804878047906e-03,3.333333333333333981e-03,4.847533632286994687e-03,1.277904102817598031e-02
8.780487804878047906e-03,3.333333333333333981e-03,4.847533632286994687e-03,1.277904102817598031e-02
8.780487804878047906e-03,3.333333333333333981e-03,4.847533632286994687e-03,1.277904102817598031e-02
8.780487804878047906e-03,3.333333333333333981e-03,4.847533632286994687e-03,1.277904102817598031e-02
8.780487804878047906e-03,3.333333333333333981e-03,4.847533632286994687e-03,1.277904102817598031e-02
8.780487804878047906e-03,3.333333333333333981e-03,4.847533632286994687e-03,1.277904102817598031e-02
8.780487804878047906e-03,3.333333333333333981e-03,4.847533632286994687e-03,1.277904102817598031e-02
8.780487804878047906e-03,3.333333333333333981e-03,4.847533632286994687e-03,1.277904102817598031e-02
8.780487804878047906e-03,3.333333333333333981e-03,4.847533632286994687e-03,1.277904102817598031e-02
8.780487804878047906e-03,3.333333333333333981e-03,4.847533632286994687e-03,1.277904102817598031e-02
8.780487804878047906e-03,3.333333333333333981e-03,4.847533632286994687e-03,1.277904102817598031e-02
8.780487804878047906e-03,3.333333333333333981e-03,4.847533632286994687e-03,1.277904102817598031e-02
8.780487804878047906e-03,3.333333333333333981e-03,4.847533632286994687e-03,1.277904102817598031e-02
8.780487804878047906e-03,3.333333333333333981e-03,4.847533632286994687e-03,1.277904102817598031e-02
8.780487804878047906e-03,3.333333333333333981e-03,4.847533632286994687e-03,1.277904102817598031e-02
8.780487804878047906e-03,3.333333333333333981e-03,4.847533632286994687e-03,1.277904102817598031e-02
8.780487804878047906e-03,3.333333333333333981e-03,4.847533632286994687e-03,1.277904102817598031e-02
8.780487804878047906e-03,3.333333333333333981e-03,4.847533632286994687e-03,1.277904102817598031e-02
8.780487804878047906e-03,3.333333333333333981e-03,4.847533632286994687e-03,1.277904102817598031e-02
8.780487804878047906e-03,3.333333333333333981e-03,4.847533632286994687e-03,1.277904102817598031e-02
8.780487804878047906e-03,3.333333333333333981e-03,4.847533632286994687e-03,1.277904102817598031e-02
8.780487804878047906e-03,3.333333333333333981e-03,4.847533632286994687e-03,1.277904102817598031e-02
8.780487804878047906e-03,3.333333333333333981e-03,4.847533632286994687e-03,1.277904102817598031e-02
8.780487804878047906e-03,3.333333333333333981e-03,4.847533632286994687e-03,1.277904102817598031e-02
8.780487804878047906e-03,3.333333333333333981e-03,4.847533632286994687e-03,1.277904102817598031e-02
8.780487804878047906e-03,3.333333333333333981e-03,4.847533632286994687e-03,1.277904102817598031e-02
8.780487804878047906e-03,3.333333333333333981e-03,4.847533632286994687e-03,1.277904102817598031e-02
8.780487804878047906e-03,3.333333333333333981e-03,4.847533632286994687e-03,1.277904102817598031e-02
8.780487804878047906e-03,3.333333333333333981e-03,4.847533632286994687e-03,1.277904102817598031e-02
8.780487804878047906e-03,3.333333333333333981e-03,4.847533632286994687e-03,1.277904102817598031e-02
8.780487804878047906e-03,3.333333333333333981e-03,4.847533632286994687e-03,1.277904102817598031e-02
8.780487804878047906e-03,3.333333333333333981e-03,4.847533632286994687e-03,1.277904102817598031e-02
8.780487804878047906e-03,3.333333333333333981e-03,4.847533632286994687e-03,1.277904102817598031e-02
8.780487804878047906e-03,3.333333333333333981e-03,4.847533632286994687e-03,1.277904102817598031e-02
8.780487804878047906e-03,3.333333333333333981e-03,4.847533632286994687e-03,1.277904102817598031e-02
8.780487804878047906e-03,3.333333333333333981e-03,4.847533632286994687e-03,1.277904102817598031e-02
8.780487804878047906e-03,3.333333333333333981e-03,4.847533632286994687e-03,1.277904102817598031e-02
8.780487804878047906e-03,3.333333333333333981e-03,4.847533632286994687e-03,1.277904102817598031e-02
8.780487804878047906e-03,3.333333333333333981e-03,4.847533632286994687e-03,1.277904102817598031e-02
8.780487804878047906e-03,3.333333333333333981e-03,4.847533632286994687e-03,1.277904102817598031e-02
8.780487804878047906e-03,3.333333333333333981e-03,4.847533632286994687e-03,1.277904102817598031e-02
8.780487804878047906e-03,3.333333333333333981e-03,4.847533632286994687e-03,1.277904102817598031e-02
8.780487804878047906e-03,3.333333333333333981e-03,4.847533632286994687e-03,1.277904102817598031e-02
8.780487804878047906e-03,3.333333333333333981e-03,4.847533632286994687e-03,1.277904102817598031e-02
8.780487804878047906e-03,3.333333333333333981e-03,4.847533632286994687e-03,1.277904102817598031e-02
8.780487804878047906e-03,3.333333333333333981e-03,4.847533632286994687e-03,1.277904102817598031e-02
8.780487804878047906e-03,3.333333333333333981e-03,4.847533632286994687e-03,1.277904102817598031e-02
8.780487804878047906e-03,3.333333333333333981e-03,4.847533632286994687e-03,1.277904102817598031e-02
8.780487804878047906e-03,3.333333333333333981e-03,4.847533632286994687e-03,1.277904102817598031e-02
8.780487804878047906e-03,3.333333333333333981e-03,4.847533632286994687e-03,1.277904102817598031e-02
8.780487804878047906e-03,3.333333333333333981e-03,4.847533632286994687e-03,1.277904102817598031e-02
8.780487804878047906e-03,3.333333333333333981e-03,4.847533632286994687e-03,1.277904102817598031e-02
8.780487804878047906e-03,3.333333333333333981e-03,4.847533632286994687e-03,1.277904102817598031e-02
8.780487804878047906e-03,3.333333333333333981e-03,4.847533632286994687e-03,1.277904102817598031e-02
8.780487804878047906e-03,3.333333333333333981e-03,4.847533632286994687e-03,1.277904102817598031e-02
8.780487804878047906e-03,3.333333333333333981e-03,4.847533632286994687e-03,1.277904102817598031e-02
8.780487804878047906e-03,3.333333333333333981e-03,4.847533632286994687e-03,1.277904102817598031e-02
8.780487804878047906e-03,3.333333333333333981e-03,4.847533632286994687e-03,1.277904102817598031e-02
8.780487804878047906e-03,3.333333333333333981e-03,4.847533632286994687e-03,1.277904102817598031e-02
8.780487804878047906e-03,3.333333333333333981e-03,4.847533632286994687e-03,1.277904102817598031e-02
8.780487804878047906e-03,3.333333333333333981e-03,4.847533632286994687e-03,1.277904102817598031e-02
8.780487804878047906e-03,3.333333333333333981e-03,4.847533632286994687e-03,1.277904102817598031e-02
8.780487804878047906e-03,3.333333333333333981e-03,4.847533632286994687e-03,1.277904102817598031e-02
8.780487804878047906e-03,3.333333333333333981e-03,4.847533632286994687e-03,1.277904102817598031e-02
8.780487804878047906e-03,3.333333333333333981e-03,4.847533632286994687e-03,1.277904102817598031e-02
8.780487804878047906e-03,3.333333333333333981e-03,4.847533632286994687e-03,1.277904102817598031e-02
8.780487804878047906e-03,3.333333333333333981e-03,4.847533632286994687e-03,1.277904102817598031e-02
8.780487804878047906e-03,3.333333333333333981e-03,4.847533632286994687e-03,1.277904102817598031e-02
8.780487804878047906e-03,3.333333333333333981e-03,4.847533632286994687e-03,1.277904102817598031e-02
8.780487804878047906e-03,3.333333333333333981e-03,4.847533632286994687e-03,1.277904102817598031e-02
8.780487804878047906e-03,3.333333333333333981e-03,4.847533632286994687e-03,1.277904102817598031e-02
8.780487804878047906e-03,3.333333333333333981e-03,4.847533632286994687e-03,1.277904102817598031e-02
8.780487804878047906e-03,3.333333333333333981e-03,4.847533632286994687e-03,1.277904102817598031e-02
8.780487804878047906e-03,3.333333333333333981e-03,4.847533632286994687e-03,1.277904102817598031e-02
8.780487804878047906e-03,3.333333333333333981e-03,4.847533632286994687e-03,1.277904102817598031e-02
8.780487804878047906e-03,3.333333333333333981e-03,4.847533632286994687e-03,1.277904102817598031e-02
8.780487804878047906e-03,3.333333333333333981e-03,4.847533632286994687e-03,1.277904102817598031e-02
8.780487804878047906e-03,3.333333333333333981e-03,4.847533632286994687e-03,1.277904102817598031e-02
8.780487804878047906e-03,3.333333333333333981e-03,4.847533632286994687e-03,1.277904102817598031e-02
8.780487804878047906e-03,3.333333333333333981e-03,4.847533632286994687e-03,1.277904102817598031e-02
8.780487804878047906e-03,3.333333333333333981e-03,4.847533632286994687e-03,1.277904102817598031e-02
8.780487804878047906e-03,3.333333333333333981e-03,4.847533632286994687e-03,1.277904102817598031e-02
8.780487804878047906e-03,3.333333333333333981e-03,4.847533632286994687e-03,1.277904102817598031e-02
8.780487804878047906e-03,3.333333333333333981e-03,4.847533632286994687e-03,1.277904102817598031e-02
8.780487804878047906e-03,3.333333333333333981e-03,4.847533632286994687e-03,1.277904102817598031e-02
8.780487804878047906e-03,3.333333333333333981e-03,4.847533632286994687e-03,1.277904102817598031e-02
8.780487804878047906e-03,3.333333333333333981e-03,4.847533632286994687e-03,1.277904102817598031e-02
8.780487804878047906e-03,3.333333333333333981e-03,4.847533632286994687e-03,1.277904102817598031e-02
8.780487804878047906e-03,3.333333333333333981e-03,4.847533632286994687e-03,1.277904102817598031e-02
8.780487804878047906e-03,3.333333333333333981e-03,4.847533632286994687e-03,1.277904102817598031e-02
8.780487804878047906e-03,3.333333333333333981e-03,4.847533632286994687e-03,1.277904102817598031e-02
8.780487804878047906e-03,3.333333333333333981e-03,4.847533632286994687e-03,1.277904102817598031e-02
8.780487804878047906e-03,3.333333333333333981e-03,4.847533632286994687e-03,1.277904102817598031e-02
8.780487804878047906e-03,3.333333333333333981e-03,4.847533632286994687e-03,1.277904102817598031e-02
8.780487804878047906e-03,3.333333333333333981e-03,4.847533632286994687e-03,1.277904102817598031e-02
8.780487804878047906e-03,3.333333333333333981e-03,4.847533632286994687e-03,1.277904102817598031e-02
8.780487804878047906e-03,3.333333333333333981e-03,4.847533632286994687e-03,1.277904102817598031e-02
8.780487804878047906e-03,3.333333333333333981e-03,4.847533632286994687e-03,1.277904102817598031e-02
8.780487804878047906e-03,3.333333333333333981e-03,4.847533632286994687e-03,1.277904102817598031e-02
8.780487804878047906e-03,3.333333333333333981e-03,4.847533632286994687e-03,1.277904102817598031e-02
8.780487804878047906e-03,3.333333333333333981e-03,4.847533632286994687e-03,1.277904102817598031e-02
8.780487804878047906e-03,3.333333333333333981e-03,4.847533632286994687e-03,1.277904102817598031e-02
8.780487804878047906e-03,3.333333333333333981e-03,4.847533632286994687e-03,1.277904102817598031e-02
8.780487804878047906e-03,3.333333333333333981e-03,4.847533632286994687e-03,1.277904102817598031e-02
8.780487804878047906e-03,3.333333333333333981e-03,4.847533632286994687e-03,1.277904102817598031e-02
8.780487804878047906e-03,3.333333333333333981e-03,4.847533632286994687e-03,1.277904102817598031e-02
8.780487804878047906e-03,3.333333333333333981e-03,4.847533632286994687e-03,1.277904102817598031e-02
8.780487804878047906e-03,3.333333333333333981e-03,4.847533632286994687e-03,1.277904102817598031e-02
8.780487804878047906e-03,3.333333333333333981e-03,4.847533632286994687e-03,1.277904102817598031e-02
8.780487804878047906e-03,3.333333333333333981e-03,4.847533632286994687e-03,1.277904102817598031e-02
8.780487804878047906e-03,3.333333333333333981e-03,4.847533632286994687e-03,1.277904102817598031e-02
8.780487804878047906e-03,3.333333333333333981e-03,4.847533632286994687e-03,1.277904102817598031e-02
8.780487804878047906e-03,3.333333333333333981e-03,4.847533632286994687e-03,1.277904102817598031e-02
8.780487804878047906e-03,3.333333333333333981e-03,4.847533632286994687e-03,1.277904102817598031e-02
8.780487804878047906e-03,3.333333333333333981e-03,4.847533632286994687e-03,1.277904102817598031e-02
8.780487804878047906e-03,3.333333333333333981e-03,4.847533632286994687e-03,1.277904102817598031e-02
8.780487804878047906e-03,3.333333333333333981e-03,4.847533632286994687e-03,1.277904102817598031e-02
8.780487804878047906e-03,3.333333333333333981e-03,4.847533632286994687e-03,1.277904102817598031e-02
8.780487804878047906e-03,3.333333333333333981e-03,4.847533632286994687e-03,1.277904102817598031e-02
8.780487804878047906e-03,3.333333333333333981e-03,4.847533632286994687e-03,1.277904102817598031e-02
8.780487804878047906e-03,3.333333333333333981e-03,4.847533632286994687e-03,1.277904102817598031e-02
8.780487804878047906e-03,3.333333333333333981e-03,4.847533632286994687e-03,1.277904102817598031e-02
8.780487804878047906e-03,3.333333333333333981e-03,4.847533632286994687e-03,1.277904102817598031e-02
8.780487804878047906e-03,3.333333333333333981e-03,4.847533632286994687e-03,1.277904102817598031e-02
8.780487804878047906e-03,3.333333333333333981e-03,4.847533632286994687e-03,1.277904102817598031e-02
8.780487804878047906e-03,3.333333333333333981e-03,4.847533632286994687e-03,1.277904102817598031e-02
8.780487804878047906e-03,3.333333333333333981e-03,4.847533632286994687e-03,1.277904102817598031e-02
8.780487804878047906e-03,3.333333333333333981e-03,4.847533632286994687e-03,1.277904102817598031e-02
8.780487804878047906e-03,3.333333333333333981e-03,4.847533632286994687e-03,1.277904102817598031e-02
8.780487804878047906e-03,3.333333333333333981e-03,4.847533632286994687e-03,1.277904102817598031e-02
8.780487804878047906e-03,3.333333333333333981e-03,4.847533632286994687e-03,1.277904102817598031e-02
8.780487804878047906e-03,3.333333333333333981e-03,4.847533632286994687e-03,1.277904102817598031e-02
8.780487804878047906e-03,3.333333333333333981e-03,4.847533632286994687e-03,1.277904102817598031e-02
8.780487804878047906e-03,3.333333333333333981e-03,4.847533632286994687e-03,1.277904102817598031e-02
8.780487804878047906e-03,3.333333333333333981e-03,4.847533632286994687e-03,1.277904102817598031e-02
8.780487804878047906e-03,3.333333333333333981e-03,4.847533632286994687e-03,1.277904102817598031e-02
8.780487804878047906e-03,3.333333333333333981e-03,4.847533632286994687e-03,1.277904102817598031e-02
8.780487804878047906e-03,3.333333333333333981e-03,4.847533632286994687e-03,1.277904102817598031e-02
8.780487804878047906e-03,3.333333333333333981e-03,4.847533632286994687e-03,1.277904102817598031e-02
8.780487804878047906e-03,3.333333333333333981e-03,4.847533632286994687e-03,1.277904102817598031e-02
8.780487804878047906e-03,3.333333333333333981e-03,4.847533632286994687e-03,1.277904102817598031e-02
8.780487804878047906e-03,3.333333333333333981e-03,4.847533632286994687e-03,1.277904102817598031e-02
8.780487804878047906e-03,3.333333333333333981e-03,4.847533632286994687e-03,1.277904102817598031e-02
8.780487804878047906e-03,3.333333333333333981e-03,4.847533632286994687e-03,1.277904102817598031e-02
8.780487804878047906e-03,3.333333333333333981e-03,4.847533632286994687e-03,1.277904102817598031e-02
8.780487804878047906e-03,3.333333333333333981e-03,4.847533632286994687e-03,1.277904102817598031e-02
8.780487804878047906e-03,3.333333333333333981e-03,4.847533632286994687e-03,1.277904102817598031e-02
8.780487804878047906e-03,3.333333333333333981e-03,4.847533632286994687e-03,1.277904102817598031e-02
8.780487804878047906e-03,3.333333333333333981e-03,4.847533632286994687e-03,1.277904102817598031e-02
8.780487804878047906e-03,3.333333333333333981e-03,4.847533632286994687e-03,1.277904102817598031e-02
8.780487804878047906e-03,3.333333333333333981e-03,4.847533632286994687e-03,1.277904102817598031e-02
8.780487804878047906e-03,3.333333333333333981e-03,4.847533632286994687e-03,1.277904102817598031e-02
8.780487804878047906e-03,3.333333333333333981e-03,4.847533632286994687e-03,1.277904102817598031e-02
8.780487804878047906e-03,3.333333333333333981e-03,4.847533632286994687e-03,1.277904102817598031e-02
8.780487804878047906e-03,3.333333333333333981e-03,4.847533632286994687e-03,1.277904102817598031e-02
8.780487804878047906e-03,3.333333333333333981e-03,4.847533632286994687e-03,1.277904102817598031e-02
8.780487804878047906e-03,3.333333333333333981e-03,4.847533632286994687e-03,1.277904102817598031e-02
8.780487804878047906e-03,3.333333333333333981e-03,4.847533632286994687e-03,1.277904102817598031e-02
8.780487804878047906e-03,3.333333333333333981e-03,4.847533632286994687e-03,1.277904102817598031e-02
8.780487804878047906e-03,3.333333333333333981e-03,4.847533632286994687e-03,1.277904102817598031e-02
8.780487804878047906e-03,3.333333333333333981e-03,4.847533632286994687e-03,1.277904102817598031e-02
8.780487804878047906e-03,3.333333333333333981e-03,4.847533632286994687e-03,1.277904102817598031e-02
8.780487804878047906e-03,3.333333333333333981e-03,4.847533632286994687e-03,1.277904102817598031e-02
8.780487804878047906e-03,3.333333333333333981e-03,4.847533632286994687e-03,1.277904102817598031e-02
8.780487804878047906e-03,3.333333333333333981e-03,4.847533632286994687e-03,1.277904102817598031e-02
8.780487804878047906e-03,3.333333333333333981e-03,4.847533632286994687e-03,1.277904102817598031e-02
8.780487804878047906e-03,3.333333333333333981e-03,4.847533632286994687e-03,1.277904102817598031e-02
8.780487804878047906e-03,3.333333333333333981e-03,4.847533632286994687e-03,1.277904102817598031e-02
8.780487804878047906e-03,3.333333333333333981e-03,4.847533632286994687e-03,1.277904102817598031e-02
8.780487804878047906e-03,3.333333333333333981e-03,4.847533632286994687e-03,1.277904102817598031e-02
8.780487804878047906e-03,3.333333333333333981e-03,4.847533632286994687e-03,1.277904102817598031e-02
8.780487804878047906e-03,3.333333333333333981e-03,4.847533632286994687e-03,1.277904102817598031e-02
8.780487804878047906e-03,3.333333333333333981e-03,4.847533632286994687e-03,1.277904102817598031e-02
8.780487804878047906e-03,3.333333333333333981e-03,4.847533632286994687e-03,1.277904102817598031e-02
8.780487804878047906e-03,3.333333333333333981e-03,4.847533632286994687e-03,1.277904102817598031e-02
8.780487804878047906e-03,3.333333333333333981e-03,4.847533632286994687e-03,1.277904102817598031e-02
8.780487804878047906e-03,3.333333333333333981e-03,4.847533632286994687e-03,1.277904102817598031e-02
8.780487804878047906e-03,3.333333333333333981e-03,4.847533632286994687e-03,1.277904102817598031e-02
8.780487804878047906e-03,3.333333333333333981e-03,4.847533632286994687e-03,1.277904102817598031e-02
8.780487804878047906e-03,3.333333333333333981e-03,4.847533632286994687e-03,1.277904102817598031e-02
8.780487804878047906e-03,3.333333333333333981e-03,4.847533632286994687e-03,1.277904102817598031e-02
8.780487804878047906e-03,3.333333333333333981e-03,4.847533632286994687e-03,1.277904102817598031e-02
8.780487804878047906e-03,3.333333333333333981e-03,4.847533632286994687e-03,1.277904102817598031e-02
8.780487804878047906e-03,3.333333333333333981e-03,4.847533632286994687e-03,1.277904102817598031e-02
8.780487804878047906e-03,3.333333333333333981e-03,4.847533632286994687e-03,1.277904102817598031e-02
8.780487804878047906e-03,3.333333333333333981e-03,4.847533632286994687e-03,1.277904102817598031e-02
8.780487804878047906e-03,3.333333333333333981e-03,4.847533632286994687e-03,1.277904102817598031e-02
8.780487804878047906e-03,3.333333333333333981e-03,4.847533632286994687e-03,1.277904102817598031e-02
8.780487804878047906e-03,3.333333333333333981e-03,4.847533632286994687e-03,1.277904102817598031e-02
8.780487804878047906e-03,3.333333333333333981e-03,4.847533632286994687e-03,1.277904102817598031e-02
8.780487804878047906e-03,3.333333333333333981e-03,4.847533632286994687e-03,1.277904102817598031e-02
8.780487804878047906e-03,3.333333333333333981e-03,4.847533632286994687e-03,1.277904102817598031e-02
8.780487804878047906e-03,3.333333333333333981e-03,4.847533632286994687e-03,1.277904102817598031e-02
8.780487804878047906e-03,3.333333333333333981e-03,4.847533632286994687e-03,1.277904102817598031e-02
8.780487804878047906e-03,3.333333333333333981e-03,4.847533632286994687e-03,1.277904102817598031e-02
8.780487804878047906e-03,3.333333333333333981e-03,4.847533632286994687e-03,1.277904102817598031e-02
8.780487804878047906e-03,3.333333333333333981e-03,4.847533632286994687e-03,1.277904102817598031e-02
8.780487804878047906e-03,3.333333333333333981e-03,4.847533632286994687e-03,1.277904102817598031e-02
8.780487804878047906e-03,3.333333333333333981e-03,4.847533632286994687e-03,1.277904102817598031e-02
8.780487804878047906e-03,3.333333333333333981e-03,4.847533632286994687e-03,1.277904102817598031e-02
8.780487804878047906e-03,3.333333333333333981e-03,4.847533632286994687e-03,1.277904102817598031e-02
8.780487804878047906e-03,3.333333333333333981e-03,4.847533632286994687e-03,1.277904102817598031e-02
8.780487804878047906e-03,3.333333333333333981e-03,4.847533632286994687e-03,1.277904102817598031e-02
8.780487804878047906e-03,3.333333333333333981e-03,4.847533632286994687e-03,1.277904102817598031e-02
8.780487804878047906e-03,3.333333333333333981e-03,4.847533632286994687e-03,1.277904102817598031e-02
8.780487804878047906e-03,3.333333333333333981e-03,4.847533632286994687e-03,1.277904102817598031e-02
8.780487804878047906e-03,3.333333333333333981e-03,4.847533632286994687e-03,1.277904102817598031e-02
8.780487804878047906e-03,3.333333333333333981e-03,4.847533632286994687e-03,1.277904102817598031e-02
8.780487804878047906e-03,3.333333333333333981e-03,4.847533632286994687e-03,1.277904102817598031e-02
8.780487804878047906e-03,3.333333333333333981e-03,4.847533632286994687e-03,1.277904102817598031e-02
8.780487804878047906e-03,3.333333333333333981e-03,4.847533632286994687e-03,1.277904102817598031e-02
8.780487804878047906e-03,3.333333333333333981e-03,4.847533632286994687e-03,1.277904102817598031e-02
8.780487804878047906e-03,3.333333333333333981e-03,4.847533632286994687e-03,1.277904102817598031e-02
8.780487804878047906e-03,3.333333333333333981e-03,4.847533632286994687e-03,1.277904102817598031e-02
8.780487804878047906e-03,3.333333333333333981e-03,4.847533632286994687e-03,1.277904102817598031e-02
8.780487804878047906e-03,3.333333333333333981e-03,4.847533632286994687e-03,1.277904102817598031e-02
8.780487804878047906e-03,3.333333333333333981e-03,4.847533632286994687e-03,1.277904102817598031e-02
8.780487804878047906e-03,3.333333333333333981e-03,4.847533632286994687e-03,1.277904102817598031e-02
8.780487804878047906e-03,3.333333333333333981e-03,4.847533632286994687e-03,1.277904102817598031e-02
8.780487804878047906e-03,3.333333333333333981e-03,4.847533632286994687e-03,1.277904102817598031e-02
8.780487804878047906e-03,3.333333333333333981e-03,4.847533632286994687e-03,1.277904102817598031e-02
8.780487804878047906e-03,3.333333333333333981e-03,4.847533632286994687e-03,1.277904102817598031e-02
8.780487804878047906e-03,3.333333333333333981e-03,4.847533632286994687e-03,1.277904102817598031e-02
8.780487804878047906e-03,3.333333333333333981e-03,4.847533632286994687e-03,1.277904102817598031e-02
8.780487804878047906e-03,3.333333333333333981e-03,4.847533632286994687e-03,1.277904102817598031e-02
8.780487804878047906e-03,3.333333333333333981e-03,4.847533632286994687e-03,1.277904102817598031e-02
8.780487804878047906e-03,3.333333333333333981e-03,4.847533632286994687e-03,1.277904102817598031e-02
8.780487804878047906e-03,3.333333333333333981e-03,4.847533632286994687e-03,1.277904102817598031e-02
8.780487804878047906e-03,3.333333333333333981e-03,4.847533632286994687e-03,1.277904102817598031e-02
8.780487804878047906e-03,3.333333333333333981e-03,4.847533632286994687e-03,1.277904102817598031e-02
8.780487804878047906e-03,3.333333333333333981e-03,4.847533632286994687e-03,1.277904102817598031e-02
8.780487804878047906e-03,3.333333333333333981e-03,4.847533632286994687e-03,1.277904102817598031e-02
8.780487804878047906e-03,3.333333333333333981e-03,4.847533632286994687e-03,1.277904102817598031e-02
8.780487804878047906e-03,3.333333333333333981e-03,4.847533632286994687e-03,1.277904102817598031e-02
8.780487804878047906e-03,3.333333333333333981e-03,4.847533632286994687e-03,1.277904102817598031e-02
8.780487804878047906e-03,3.333333333333333981e-03,4.847533632286994687e-03,1.277904102817598031e-02
8.780487804878047906e-03,3.333333333333333981e-03,4.847533632286994687e-03,1.277904102817598031e-02
8.780487804878047906e-03,3.333333333333333981e-03,4.847533632286994687e-03,1.277904102817598031e-02
8.780487804878047906e-03,3.333333333333333981e-03,4.847533632286994687e-03,1.277904102817598031e-02
8.780487804878047906e-03,3.333333333333333981e-03,4.847533632286994687e-03,1.277904102817598031e-02
8.780487804878047906e-03,3.333333333333333981e-03,4.847533632286994687e-03,1.277904102817598031e-02
8.780487804878047906e-03,3.333333333333333981e-03,4.847533632286994687e-03,1.277904102817598031e-02
8.780487804878047906e-03,3.333333333333333981e-03,4.847533632286994687e-03,1.277904102817598031e-02
8.780487804878047906e-03,3.333333333333333981e-03,4.847533632286994687e-03,1.277904102817598031e-02
8.780487804878047906e-03,3.333333333333333981e-03,4.847533632286994687e-03,1.277904102817598031e-02
8.780487804878047906e-03,3.333333333333333981e-03,4.847533632286994687e-03,1.277904102817598031e-02
8.780487804878047906e-03,3.333333333333333981e-03,4.847533632286994687e-03,1.277904102817598031e-02
8.780487804878047906e-03,3.333333333333333981e-03,4.847533632286994687e-03,1.277904102817598031e-02
8.780487804878047906e-03,3.333333333333333981e-03,4.847533632286994687e-03,1.277904102817598031e-02
8.780487804878047906e-03,3.333333333333333981e-03,4.847533632286994687e-03,1.277904102817598031e-02
8.780487804878047906e-03,3.333333333333333981e-03,4.847533632286994687e-03,1.277904102817598031e-02
8.780487804878047906e-03,3.333333333333333981e-03,4.847533632286994687e-03,1.277904102817598031e-02
8.780487804878047906e-03,3.333333333333333981e-03,4.847533632286994687e-03,1.277904102817598031e-02
8.780487804878047906e-03,3.333333333333333981e-03,4.847533632286994687e-03,1.277904102817598031e-02
8.780487804878047906e-03,3.333333333333333981e-03,4.847533632286994687e-03,1.277904102817598031e-02
8.780487804878047906e-03,3.333333333333333981e-03,4.847533632286994687e-03,1.277904102817598031e-02
8.780487804878047906e-03,3.333333333333333981e-03,4.847533632286994687e-03,1.277904102817598031e-02
8.780487804878047906e-03,3.333333333333333981e-03,4.847533632286994687e-03,1.277904102817598031e-02
8.780487804878047906e-03,3.333333333333333981e-03,4.847533632286994687e-03,1.277904102817598031e-02
8.780487804878047906e-03,3.333333333333333981e-03,4.847533632286994687e-03,1.277904102817598031e-02
8.780487804878047906e-03,3.333333333333333981e-03,4.847533632286994687e-03,1.277904102817598031e-02
8.780487804878047906e-03,3.333333333333333981e-03,4.847533632286994687e-03,1.277904102817598031e-02
8.780487804878047906e-03,3.333333333333333981e-03,4.847533632286994687e-03,1.277904102817598031e-02
8.780487804878047906e-03,3.333333333333333981e-03,4.847533632286994687e-03,1.277904102817598031e-02
8.780487804878047906e-03,3.333333333333333981e-03,4.847533632286994687e-03,1.277904102817598031e-02
8.780487804878047906e-03,3.333333333333333981e-03,4.847533632286994687e-03,1.277904102817598031e-02
8.780487804878047906e-03,3.333333333333333981e-03,4.847533632286994687e-03,1.277904102817598031e-02
8.780487804878047906e-03,3.333333333333333981e-03,4.847533632286994687e-03,1.277904102817598031e-02
8.780487804878047906e-03,3.333333333333333981e-03,4.847533632286994687e-03,1.277904102817598031e-02
8.780487804878047906e-03,3.333333333333333981e-03,4.847533632286994687e-03,1.277904102817598031e-02
8.780487804878047906e-03,3.333333333333333981e-03,4.847533632286994687e-03,1.277904102817598031e-02
8.780487804878047906e-03,3.333333333333333981e-03,4.847533632286994687e-03,1.277904102817598031e-02
8.780487804878047906e-03,3.333333333333333981e-03,4.847533632286994687e-03,1.277904102817598031e-02
8.780487804878047906e-03,3.333333333333333981e-03,4.847533632286994687e-03,1.277904102817598031e-02
8.780487804878047906e-03,3.333333333333333981e-03,4.847533632286994687e-03,1.277904102817598031e-02
8.780487804878047906e-03,3.333333333333333981e-03,4.847533632286994687e-03,1.277904102817598031e-02
8.780487804878047906e-03,3.333333333333333981e-03,4.847533632286994687e-03,1.277904102817598031e-02
8.780487804878047906e-03,3.333333333333333981e-03,4.847533632286994687e-03,1.277904102817598031e-02
8.780487804878047906e-03,3.333333333333333981e-03,4.847533632286994687e-03,1.277904102817598031e-02
8.780487804878047906e-03,3.333333333333333981e-03,4.847533632286994687e-03,1.277904102817598031e-02
8.780487804878047906e-03,3.333333333333333981e-03,4.847533632286994687e-03,1.277904102817598031e-02
8.780487804878047906e-03,3.333333333333333981e-03,4.847533632286994687e-03,1.277904102817598031e-02
8.780487804878047906e-03,3.333333333333333981e-03,4.847533632286994687e-03,1.277904102817598031e-02
8.780487804878047906e-03,3.333333333333333981e-03,4.847533632286994687e-03,1.277904102817598031e-02
8.780487804878047906e-03,3.333333333333333981e-03,4.847533632286994687e-03,1.277904102817598031e-02
8.780487804878047906e-03,3.333333333333333981e-03,4.847533632286994687e-03,1.277904102817598031e-02
8.780487804878047906e-03,3.333333333333333981e-03,4.847533632286994687e-03,1.277904102817598031e-02
8.780487804878047906e-03,3.333333333333333981e-03,4.847533632286994687e-03,1.277904102817598031e-02
8.780487804878047906e-03,3.333333333333333981e-03,4.847533632286994687e-03,1.277904102817598031e-02
8.780487804878047906e-03,3.333333333333333981e-03,4.847533632286994687e-03,1.277904102817598031e-02
8.780487804878047906e-03,3.333333333333333981e-03,4.847533632286994687e-03,1.277904102817598031e-02
8.780487804878047906e-03,3.333333333333333981e-03,4.847533632286994687e-03,1.277904102817598031e-02
8.780487804878047906e-03,3.333333333333333981e-03,4.847533632286994687e-03,1.277904102817598031e-02
8.780487804878047906e-03,3.333333333333333981e-03,4.847533632286994687e-03,1.277904102817598031e-02
8.780487804878047906e-03,3.333333333333333981e-03,4.847533632286994687e-03,1.277904102817598031e-02
8.780487804878047906e-03,3.333333333333333981e-03,4.847533632286994687e-03,1.277904102817598031e-02
8.780487804878047906e-03,3.333333333333333981e-03,4.847533632286994687e-03,1.277904102817598031e-02
8.780487804878047906e-03,3.333333333333333981e-03,4.847533632286994687e-03,1.277904102817598031e-02
8.780487804878047906e-03,3.333333333333333981e-03,4.847533632286994687e-03,1.277904102817598031e-02
8.780487804878047906e-03,3.333333333333333981e-03,4.847533632286994687e-03,1.277904102817598031e-02
8.780487804878047906e-03,3.333333333333333981e-03,4.847533632286994687e-03,1.277904102817598031e-02
8.780487804878047906e-03,3.333333333333333981e-03,4.847533632286994687e-03,1.277904102817598031e-02
8.780487804878047906e-03,3.333333333333333981e-03,4.847533632286994687e-03,1.277904102817598031e-02
8.780487804878047906e-03,3.333333333333333981e-03,4.847533632286994687e-03,1.277904102817598031e-02
8.780487804878047906e-03,3.333333333333333981e-03,4.847533632286994687e-03,1.277904102817598031e-02
8.780487804878047906e-03,3.333333333333333981e-03,4.847533632286994687e-03,1.277904102817598031e-02
8.780487804878047906e-03,3.333333333333333981e-03,4.847533632286994687e-03,1.277904102817598031e-02
8.780487804878047906e-03,3.333333333333333981e-03,4.847533632286994687e-03,1.277904102817598031e-02
8.780487804878047906e-03,3.333333333333333981e-03,4.847533632286994687e-03,1.277904102817598031e-02
8.780487804878047906e-03,3.333333333333333981e-03,4.847533632286994687e-03,1.277904102817598031e-02
8.780487804878047906e-03,3.333333333333333981e-03,4.847533632286994687e-03,1.277904102817598031e-02
8.780487804878047906e-03,3.333333333333333981e-03,4.847533632286994687e-03,1.277904102817598031e-02
8.780487804878047906e-03,3.333333333333333981e-03,4.847533632286994687e-03,1.277904102817598031e-02
8.780487804878047906e-03,3.333333333333333981e-03,4.847533632286994687e-03,1.277904102817598031e-02
8.780487804878047906e-03,3.333333333333333981e-03,4.847533632286994687e-03,1.277904102817598031e-02
8.780487804878047906e-03,3.333333333333333981e-03,4.847533632286994687e-03,1.277904102817598031e-02
8.780487804878047906e-03,3.333333333333333981e-03,4.847533632286994687e-03,1.277904102817598031e-02
8.780487804878047906e-03,3.333333333333333981e-03,4.847533632286994687e-03,1.277904102817598031e-02
8.780487804878047906e-03,3.333333333333333981e-03,4.847533632286994687e-03,1.277904102817598031e-02
8.780487804878047906e-03,3.333333333333333981e-03,4.847533632286994687e-03,1.277904102817598031e-02
8.780487804878047906e-03,3.333333333333333981e-03,4.847533632286994687e-03,1.277904102817598031e-02
8.780487804878047906e-03,3.333333333333333981e-03,4.847533632286994687e-03,1.277904102817598031e-02
8.780487804878047906e-03,3.333333333333333981e-03,4.847533632286994687e-03,1.277904102817598031e-02
8.780487804878047906e-03,3.333333333333333981e-03,4.847533632286994687e-03,1.277904102817598031e-02
8.780487804878047906e-03,3.333333333333333981e-03,4.847533632286994687e-03,1.277904102817598031e-02
8.780487804878047906e-03,3.333333333333333981e-03,4.847533632286994687e-03,1.277904102817598031e-02
8.780487804878047906e-03,3.333333333333333981e-03,4.847533632286994687e-03,1.277904102817598031e-02
8.780487804878047906e-03,3.333333333333333981e-03,4.847533632286994687e-03,1.277904102817598031e-02
8.780487804878047906e-03,3.333333333333333981e-03,4.847533632286994687e-03,1.277904102817598031e-02
8.780487804878047906e-03,3.333333333333333981e-03,4.847533632286994687e-03,1.277904102817598031e-02
8.780487804878047906e-03,3.333333333333333981e-03,4.847533632286994687e-03,1.277904102817598031e-02
8.780487804878047906e-03,3.333333333333333981e-03,4.847533632286994687e-03,1.277904102817598031e-02
8.780487804878047906e-03,3.333333333333333981e-03,4.847533632286994687e-03,1.277904102817598031e-02
8.780487804878047906e-03,3.333333333333333981e-03,4.847533632286994687e-03,1.277904102817598031e-02
8.780487804878047906e-03,3.333333333333333981e-03,4.847533632286994687e-03,1.277904102817598031e-02
8.780487804878047906e-03,3.333333333333333981e-03,4.847533632286994687e-03,1.277904102817598031e-02
8.780487804878047906e-03,3.333333333333333981e-03,4.847533632286994687e-03,1.277904102817598031e-02
8.780487804878047906e-03,3.333333333333333981e-03,4.847533632286994687e-03,1.277904102817598031e-02
8.780487804878047906e-03,3.333333333333333981e-03,4.847533632286994687e-03,1.277904102817598031e-02
8.780487804878047906e-03,3.333333333333333981e-03,4.847533632286994687e-03,1.277904102817598031e-02
8.780487804878047906e-03,3.333333333333333981e-03,4.847533632286994687e-03,1.277904102817598031e-02
8.780487804878047906e-03,3.333333333333333981e-03,4.847533632286994687e-03,1.277904102817598031e-02
8.780487804878047906e-03,3.333333333333333981e-03,4.847533632286994687e-03,1.277904102817598031e-02
8.780487804878047906e-03,3.333333333333333981e-03,4.847533632286994687e-03,1.277904102817598031e-02
8.780487804878047906e-03,3.333333333333333981e-03,4.847533632286994687e-03,1.277904102817598031e-02
8.780487804878047906e-03,3.333333333333333981e-03,4.847533632286994687e-03,1.277904102817598031e-02
8.780487804878047906e-03,3.333333333333333981e-03,4.847533632286994687e-03,1.277904102817598031e-02
8.780487804878047906e-03,3.333333333333333981e-03,4.847533632286994687e-03,1.277904102817598031e-02
8.780487804878047906e-03,3.333333333333333981e-03,4.847533632286994687e-03,1.277904102817598031e-02
8.780487804878047906e-03,3.333333333333333981e-03,4.847533632286994687e-03,1.277904102817598031e-02
8.780487804878047906e-03,3.333333333333333981e-03,4.847533632286994687e-03,1.277904102817598031e-02
8.780487804878047906e-03,3.333333333333333981e-03,4.847533632286994687e-03,1.277904102817598031e-02
8.780487804878047906e-03,3.333333333333333981e-03,4.847533632286994687e-03,1.277904102817598031e-02
8.780487804878047906e-03,3.333333333333333981e-03,4.847533632286994687e-03,1.277904102817598031e-02
8.780487804878047906e-03,3.333333333333333981e-03,4.847533632286994687e-03,1.277904102817598031e-02
8.780487804878047906e-03,3.333333333333333981e-03,4.847533632286994687e-03,1.277904102817598031e-02
8.780487804878047906e-03,3.333333333333333981e-03,4.847533632286994687e-03,1.277904102817598031e-02
8.780487804878047906e-03,3.333333333333333981e-03,4.847533632286994687e-03,1.277904102817598031e-02
8.780487804878047906e-03,3.333333333333333981e-03,4.847533632286994687e-03,1.277904102817598031e-02
8.780487804878047906e-03,3.333333333333333981e-03,4.847533632286994687e-03,1.277904102817598031e-02
8.780487804878047906e-03,3.333333333333333981e-03,4.847533632286994687e-03,1.277904102817598031e-02
8.780487804878047906e-03,3.333333333333333981e-03,4.847533632286994687e-03,1.277904102817598031e-02
8.780487804878047906e-03,3.333333333333333981e-03,4.847533632286994687e-03,1.277904102817598031e-02
8.780487804878047906e-03,3.333333333333333981e-03,4.847533632286994687e-03,1.277904102817598031e-02
8.780487804878047906e-03,3.333333333333333981e-03,4.847533632286994687e-03,1.277904102817598031e-02
8.780487804878047906e-03,3.333333333333333981e-03,4.847533632286994687e-03,1.277904102817598031e-02
8.780487804878047906e-03,3.333333333333333981e-03,4.847533632286994687e-03,1.277904102817598031e-02
8.780487804878047906e-03,3.333333333333333981e-03,4.847533632286994687e-03,1.277904102817598031e-02
8.780487804878047906e-03,3.333333333333333981e-03,4.847533632286994687e-03,1.277904102817598031e-02
8.780487804878047906e-03,3.333333333333333981e-03,4.847533632286994687e-03,1.277904102817598031e-02
8.780487804878047906e-03,3.333333333333333981e-03,4.847533632286994687e-03,1.277904102817598031e-02
8.780487804878047906e-03,3.333333333333333981e-03,4.847533632286994687e-03,1.277904102817598031e-02
8.780487804878047906e-03,3.333333333333333981e-03,4.847533632286994687e-03,1.277904102817598031e-02
8.780487804878047906e-03,3.333333333333333981e-03,4.847533632286994687e-03,1.277904102817598031e-02
8.780487804878047906e-03,3.333333333333333981e-03,4.847533632286994687e-03,1.277904102817598031e-02
8.780487804878047906e-03,3.333333333333333981e-03,4.847533632286994687e-03,1.277904102817598031e-02
8.780487804878047906e-03,3.333333333333333981e-03,4.847533632286994687e-03,1.277904102817598031e-02
8.780487804878047906e-03,3.333333333333333981e-03,4.847533632286994687e-03,1.277904102817598031e-02
8.780487804878047906e-03,3.333333333333333981e-03,4.847533632286994687e-03,1.277904102817598031e-02
8.780487804878047906e-03,3.333333333333333981e-03,4.847533632286994687e-03,1.277904102817598031e-02
8.780487804878047906e-03,3.333333333333333981e-03,4.847533632286994687e-03,1.277904102817598031e-02
8.780487804878047906e-03,3.333333333333333981e-03,4.847533632286994687e-03,1.277904102817598031e-02
8.780487804878047906e-03,3.333333333333333981e-03,4.847533632286994687e-03,1.277904102817598031e-02
8.780487804878047906e-03,3.333333333333333981e-03,4.847533632286994687e-03,1.277904102817598031e-02
8.780487804878047906e-03,3.333333333333333981e-03,4.847533632286994687e-03,1.277904102817598031e-02
8.780487804878047906e-03,3.333333333333333981e-03,4.847533632286994687e-03,1.277904102817598031e-02
8.780487804878047906e-03,3.333333333333333981e-03,4.847533632286994687e-03,1.277904102817598031e-02
8.780487804878047906e-03,3.333333333333333981e-03,4.847533632286994687e-03,1.277904102817598031e-02
8.780487804878047906e-03,3.333333333333333981e-03,4.847533632286994687e-03,1.277904102817598031e-02
8.780487804878047906e-03,3.333333333333333981e-03,4.847533632286994687e-03,1.277904102817598031e-02
8.780487804878047906e-03,3.333333333333333981e-03,4.847533632286994687e-03,1.277904102817598031e-02
8.780487804878047906e-03,3.333333333333333981e-03,4.847533632286994687e-03,1.277904102817598031e-02
8.780487804878047906e-03,3.333333333333333981e-03,4.847533632286994687e-03,1.277904102817598031e-02
8.780487804878047906e-03,3.333333333333333981e-03,4.847533632286994687e-03,1.277904102817598031e-02
8.780487804878047906e-03,3.333333333333333981e-03,4.847533632286994687e-03,1.277904102817598031e-02
8.780487804878047906e-03,3.333333333333333981e-03,4.847533632286994687e-03,1.277904102817598031e-02
8.780487804878047906e-03,3.333333333333333981e-03,4.847533632286994687e-03,1.277904102817598031e-02
8.780487804878047906e-03,3.333333333333333981e-03,4.847533632286994687e-03,1.277904102817598031e-02
8.780487804878047906e-03,3.333333333333333981e-03,4.847533632286994687e-03,1.277904102817598031e-02
8.780487804878047906e-03,3.333333333333333981e-03,4.847533632286994687e-03,1.277904102817598031e-02
8.780487804878047906e-03,3.333333333333333981e-03,4.847533632286994687e-03,1.277904102817598031e-02
8.780487804878047906e-03,3.333333333333333981e-03,4.847533632286994687e-03,1.277904102817598031e-02
8.780487804878047906e-03,3.333333333333333981e-03,4.847533632286994687e-03,1.277904102817598031e-02
8.780487804878047906e-03,3.333333333333333981e-03,4.847533632286994687e-03,1.277904102817598031e-02
8.780487804878047906e-03,3.333333333333333981e-03,4.847533632286994687e-03,1.277904102817598031e-02
8.780487804878047906e-03,3.333333333333333981e-03,4.847533632286994687e-03,1.277904102817598031e-02
8.780487804878047906e-03,3.333333333333333981e-03,4.847533632286994687e-03,1.277904102817598031e-02
8.780487804878047906e-03,3.333333333333333981e-03,4.847533632286994687e-03,1.277904102817598031e-02
8.780487804878047906e-03,3.333333333333333981e-03,4.847533632286994687e-03,1.277904102817598031e-02
8.780487804878047906e-03,3.333333333333333981e-03,4.847533632286994687e-03,1.277904102817598031e-02
8.780487804878047906e-03,3.333333333333333981e-03,4.847533632286994687e-03,1.277904102817598031e-02
8.780487804878047906e-03,3.333333333333333981e-03,4.847533632286994687e-03,1.277904102817598031e-02
8.780487804878047906e-03,3.333333333333333981e-03,4.847533632286994687e-03,1.277904102817598031e-02
8.780487804878047906e-03,3.333333333333333981e-03,4.847533632286994687e-03,1.277904102817598031e-02
8.780487804878047906e-03,3.333333333333333981e-03,4.847533632286994687e-03,1.277904102817598031e-02
8.780487804878047906e-03,3.333333333333333981e-03,4.847533632286994687e-03,1.277904102817598031e-02
8.780487804878047906e-03,3.333333333333333981e-03,4.847533632286994687e-03,1.277904102817598031e-02
8.780487804878047906e-03,3.333333333333333981e-03,4.847533632286994687e-03,1.277904102817598031e-02
8.780487804878047906e-03,3.333333333333333981e-03,4.847533632286994687e-03,1.277904102817598031e-02
8.780487804878047906e-03,3.333333333333333981e-03,4.847533632286994687e-03,1.277904102817598031e-02
8.780487804878047906e-03,3.333333333333333981e-03,4.847533632286994687e-03,1.277904102817598031e-02
8.780487804878047906e-03,3.333333333333333981e-03,4.847533632286994687e-03,1.277904102817598031e-02
8.780487804878047906e-03,3.333333333333333981e-03,4.847533632286994687e-03,1.277904102817598031e-02
8.780487804878047906e-03,3.333333333333333981e-03,4.847533632286994687e-03,1.277904102817598031e-02
8.780487804878047906e-03,3.333333333333333981e-03,4.847533632286994687e-03,1.277904102817598031e-02
8.780487804878047906e-03,3.333333333333333981e-03,4.847533632286994687e-03,1.277904102817598031e-02
8.780487804878047906e-03,3.333333333333333981e-03,4.847533632286994687e-03,1.277904102817598031e-02
8.780487804878047906e-03,3.333333333333333981e-03,4.847533632286994687e-03,1.277904102817598031e-02
8.780487804878047906e-03,3.333333333333333981e-03,4.847533632286994687e-03,1.277904102817598031e-02
8.780487804878047906e-03,3.333333333333333981e-03,4.847533632286994687e-03,1.277904102817598031e-02
8.780487804878047906e-03,3.333333333333333981e-03,4.847533632286994687e-03,1.277904102817598031e-02
8.780487804878047906e-03,3.333333333333333981e-03,4.847533632286994687e-03,1.277904102817598031e-02
8.780487804878047906e-03,3.333333333333333981e-03,4.847533632286994687e-03,1.277904102817598031e-02
8.780487804878047906e-03,3.333333333333333981e-03,4.847533632286994687e-03,1.277904102817598031e-02
8.780487804878047906e-03,3.333333333333333981e-03,4.847533632286994687e-03,1.277904102817598031e-02
8.780487804878047906e-03,3.333333333333333981e-03,4.847533632286994687e-03,1.277904102817598031e-02
8.780487804878047906e-03,3.333333333333333981e-03,4.847533632286994687e-03,1.277904102817598031e-02
8.780487804878047906e-03,3.333333333333333981e-03,4.847533632286994687e-03,1.277904102817598031e-02
8.780487804878047906e-03,3.333333333333333981e-03,4.847533632286994687e-03,1.277904102817598031e-02
8.780487804878047906e-03,3.333333333333333981e-03,4.847533632286994687e-03,1.277904102817598031e-02
8.780487804878047906e-03,3.333333333333333981e-03,4.847533632286994687e-03,1.277904102817598031e-02
8.780487804878047906e-03,3.333333333333333981e-03,4.847533632286994687e-03,1.277904102817598031e-02
8.780487804878047906e-03,3.333333333333333981e-03,4.847533632286994687e-03,1.277904102817598031e-02
8.780487804878047906e-03,3.333333333333333981e-03,4.847533632286994687e-03,1.277904102817598031e-02
8.780487804878047906e-03,3.333333333333333981e-03,4.847533632286994687e-03,1.277904102817598031e-02
8.780487804878047906e-03,3.333333333333333981e-03,4.847533632286994687e-03,1.277904102817598031e-02
8.780487804878047906e-03,3.333333333333333981e-03,4.847533632286994687e-03,1.277904102817598031e-02
8.780487804878047906e-03,3.333333333333333981e-03,4.847533632286994687e-03,1.277904102817598031e-02
8.780487804878047906e-03,3.333333333333333981e-03,4.847533632286994687e-03,1.277904102817598031e-02
8.780487804878047906e-03,3.333333333333333981e-03,4.847533632286994687e-03,1.277904102817598031e-02
8.780487804878047906e-03,3.333333333333333981e-03,4.847533632286994687e-03,1.277904102817598031e-02
8.780487804878047906e-03,3.333333333333333981e-03,4.847533632286994687e-03,1.277904102817598031e-02
8.780487804878047906e-03,3.333333333333333981e-03,4.847533632286994687e-03,1.277904102817598031e-02
8.780487804878047906e-03,3.333333333333333981e-03,4.847533632286994687e-03,1.277904102817598031e-02
8.780487804878047906e-03,3.333333333333333981e-03,4.847533632286994687e-03,1.277904102817598031e-02
8.780487804878047906e-03,3.333333333333333981e-03,4.847533632286994687e-03,1.277904102817598031e-02
8.780487804878047906e-03,3.333333333333333981e-03,4.847533632286994687e-03,1.277904102817598031e-02
8.780487804878047906e-03,3.333333333333333981e-03,4.847533632286994687e-03,1.277904102817598031e-02
8.780487804878047906e-03,3.333333333333333981e-03,4.847533632286994687e-03,1.277904102817598031e-02
8.780487804878047906e-03,3.333333333333333981e-03,4.847533632286994687e-03,1.277904102817598031e-02
8.780487804878047906e-03,3.333333333333333981e-03,4.847533632286994687e-03,1.277904102817598031e-02
8.780487804878047906e-03,3.333333333333333981e-03,4.847533632286994687e-03,1.277904102817598031e-02
8.780487804878047906e-03,3.333333333333333981e-03,4.847533632286994687e-03,1.277904102817598031e-02
8.780487804878047906e-03,3.333333333333333981e-03,4.847533632286994687e-03,1.277904102817598031e-02
8.780487804878047906e-03,3.333333333333333981e-03,4.847533632286994687e-03,1.277904102817598031e-02
8.780487804878047906e-03,3.333333333333333981e-03,4.847533632286994687e-03,1.277904102817598031e-02
8.780487804878047906e-03,3.333333333333333981e-03,4.847533632286994687e-03,1.277904102817598031e-02
8.780487804878047906e-03,3.333333333333333981e-03,4.847533632286994687e-03,1.277904102817598031e-02
8.780487804878047906e-03,3.333333333333333981e-03,4.847533632286994687e-03,1.277904102817598031e-02
8.780487804878047906e-03,3.333333333333333981e-03,4.847533632286994687e-03,1.277904102817598031e-02
8.780487804878047906e-03,3.333333333333333981e-03,4.847533632286994687e-03,1.277904102817598031e-02
8.780487804878047906e-03,3.333333333333333981e-03,4.847533632286994687e-03,1.277904102817598031e-02
8.780487804878047906e-03,3.333333333333333981e-03,4.847533632286994687e-03,1.277904102817598031e-02
8.780487804878047906e-03,3.333333333333333981e-03,4.847533632286994687e-03,1.277904102817598031e-02
8.780487804878047906e-03,3.333333333333333981e-03,4.847533632286994687e-03,1.277904102817598031e-02
8.780487804878047906e-03,3.333333333333333981e-03,4.847533632286994687e-03,1.277904102817598031e-02
8.780487804878047906e-03,3.333333333333333981e-03,4.847533632286994687e-03,1.277904102817598031e-02
8.780487804878047906e-03,3.333333333333333981e-03,4.847533632286994687e-03,1.277904102817598031e-02
8.780487804878047906e-03,3.333333333333333981e-03,4.847533632286994687e-03,1.277904102817598031e-02
8.780487804878047906e-03,3.333333333333333981e-03,4.847533632286994687e-03,1.277904102817598031e-02
8.780487804878047906e-03,3.333333333333333981e-03,4.847533632286994687e-03,1.277904102817598031e-02
8.780487804878047906e-03,3.333333333333333981e-03,4.847533632286994687e-03,1.277904102817598031e-02
8.780487804878047906e-03,3.333333333333333981e-03,4.847533632286994687e-03,1.277904102817598031e-02
8.780487804878047906e-03,3.333333333333333981e-03,4.847533632286994687e-03,1.277904102817598031e-02
8.780487804878047906e-03,3.333333333333333981e-03,4.847533632286994687e-03,1.277904102817598031e-02
8.780487804878047906e-03,3.333333333333333981e-03,4.847533632286994687e-03,1.277904102817598031e-02
8.780487804878047906e-03,3.333333333333333981e-03,4.847533632286994687e-03,1.277904102817598031e-02
8.780487804878047906e-03,3.333333333333333981e-03,4.847533632286994687e-03,1.277904102817598031e-02
8.780487804878047906e-03,3.333333333333333981e-03,4.847533632286994687e-03,1.277904102817598031e-02
8.780487804878047906e-03,3.333333333333333981e-03,4.847533632286994687e-03,1.277904102817598031e-02
8.780487804878047906e-03,3.333333333333333981e-03,4.847533632286994687e-03,1.277904102817598031e-02
8.780487804878047906e-03,3.333333333333333981e-03,4.847533632286994687e-03,1.277904102817598031e-02
8.780487804878047906e-03,3.333333333333333981e-03,4.847533632286994687e-03,1.277904102817598031e-02
8.780487804878047906e-03,3.333333333333333981e-03,4.847533632286994687e-03,1.277904102817598031e-02
8.780487804878047906e-03,3.333333333333333981e-03,4.847533632286994687e-03,1.277904102817598031e-02
8.780487804878047906e-03,3.333333333333333981e-03,4.847533632286994687e-03,1.277904102817598031e-02
8.780487804878047906e-03,3.333333333333333981e-03,4.847533632286994687e-03,1.277904102817598031e-02
8.780487804878047906e-03,3.333333333333333981e-03,4.847533632286994687e-03,1.277904102817598031e-02
8.780487804878047906e-03,3.333333333333333981e-03,4.847533632286994687e-03,1.277904102817598031e-02
8.780487804878047906e-03,3.333333333333333981e-03,4.847533632286994687e-03,1.277904102817598031e-02
8.780487804878047906e-03,3.333333333333333981e-03,4.847533632286994687e-03,1.277904102817598031e-02
8.780487804878047906e-03,3.333333333333333981e-03,4.847533632286994687e-03,1.277904102817598031e-02
8.780487804878047906e-03,3.333333333333333981e-03,4.847533632286994687e-03,1.277904102817598031e-02
8.780487804878047906e-03,3.333333333333333981e-03,4.847533632286994687e-03,1.277904102817598031e-02
8.780487804878047906e-03,3.333333333333333981e-03,4.847533632286994687e-03,1.277904102817598031e-02
8.780487804878047906e-03,3.333333333333333981e-03,4.847533632286994687e-03,1.277904102817598031e-02
8.780487804878047906e-03,3.333333333333333981e-03,4.847533632286994687e-03,1.277904102817598031e-02
8.780487804878047906e-03,3.333333333333333981e-03,4.847533632286994687e-03,1.277904102817598031e-02
8.780487804878047906e-03,3.333333333333333981e-03,4.847533632286994687e-03,1.277904102817598031e-02
8.780487804878047906e-03,3.333333333333333981e-03,4.847533632286994687e-03,1.277904102817598031e-02
8.780487804878047906e-03,3.333333333333333981e-03,4.847533632286994687e-03,1.277904102817598031e-02
8.780487804878047906e-03,3.333333333333333981e-03,4.847533632286994687e-03,1.277904102817598031e-02
8.780487804878047906e-03,3.333333333333333981e-03,4.847533632286994687e-03,1.277904102817598031e-02
8.780487804878047906e-03,3.333333333333333981e-03,4.847533632286994687e-03,1.277904102817598031e-02
8.780487804878047906e-03,3.333333333333333981e-03,4.847533632286994687e-03,1.277904102817598031e-02
8.780487804878047906e-03,3.333333333333333981e-03,4.847533632286994687e-03,1.277904102817598031e-02
8.780487804878047906e-03,3.333333333333333981e-03,4.847533632286994687e-03,1.277904102817598031e-02
8.780487804878047906e-03,3.333333333333333981e-03,4.847533632286994687e-03,1.277904102817598031e-02
8.780487804878047906e-03,3.333333333333333981e-03,4.847533632286994687e-03,1.277904102817598031e-02
8.780487804878047906e-03,3.333333333333333981e-03,4.847533632286994687e-03,1.277904102817598031e-02
8.780487804878047906e-03,3.333333333333333981e-03,4.847533632286994687e-03,1.277904102817598031e-02
8.780487804878047906e-03,3.333333333333333981e-03,4.847533632286994687e-03,1.277904102817598031e-02
8.780487804878047906e-03,3.333333333333333981e-03,4.847533632286994687e-03,1.277904102817598031e-02
8.780487804878047906e-03,3.333333333333333981e-03,4.847533632286994687e-03,1.277904102817598031e-02
8.780487804878047906e-03,3.333333333333333981e-03,4.847533632286994687e-03,1.277904102817598031e-02
8.780487804878047906e-03,3.333333333333333981e-03,4.847533632286994687e-03,1.277904102817598031e-02
8.780487804878047906e-03,3.333333333333333981e-03,4.847533632286994687e-03,1.277904102817598031e-02
8.780487804878047906e-03,3.333333333333333981e-03,4.847533632286994687e-03,1.277904102817598031e-02
8.780487804878047906e-03,3.333333333333333981e-03,4.847533632286994687e-03,1.277904102817598031e-02
8.780487804878047906e-03,3.333333333333333981e-03,4.847533632286994687e-03,1.277904102817598031e-02
8.780487804878047906e-03,3.333333333333333981e-03,4.847533632286994687e-03,1.277904102817598031e-02
8.780487804878047906e-03,3.333333333333333981e-03,4.847533632286994687e-03,1.277904102817598031e-02
8.780487804878047906e-03,3.333333333333333981e-03,4.847533632286994687e-03,1.277904102817598031e-02
8.780487804878047906e-03,3.333333333333333981e-03,4.847533632286994687e-03,1.277904102817598031e-02
8.780487804878047906e-03,3.333333333333333981e-03,4.847533632286994687e-03,1.277904102817598031e-02
8.780487804878047906e-03,3.333333333333333981e-03,4.847533632286994687e-03,1.277904102817598031e-02
8.780487804878047906e-03,3.333333333333333981e-03,4.847533632286994687e-03,1.277904102817598031e-02
8.780487804878047906e-03,3.333333333333333981e-03,4.847533632286994687e-03,1.277904102817598031e-02
8.780487804878047906e-03,3.333333333333333981e-03,4.847533632286994687e-03,1.277904102817598031e-02
8.780487804878047906e-03,3.333333333333333981e-03,4.847533632286994687e-03,1.277904102817598031e-02
8.780487804878047906e-03,3.333333333333333981e-03,4.847533632286994687e-03,1.277904102817598031e-02
8.780487804878047906e-03,3.333333333333333981e-03,4.847533632286994687e-03,1.277904102817598031e-02
8.780487804878047906e-03,3.333333333333333981e-03,4.847533632286994687e-03,1.277904102817598031e-02
8.780487804878047906e-03,3.333333333333333981e-03,4.847533632286994687e-03,1.277904102817598031e-02
8.780487804878047906e-03,3.333333333333333981e-03,4.847533632286994687e-03,1.277904102817598031e-02
8.780487804878047906e-03,3.333333333333333981e-03,4.847533632286994687e-03,1.277904102817598031e-02
8.780487804878047906e-03,3.333333333333333981e-03,4.847533632286994687e-03,1.277904102817598031e-02
8.780487804878047906e-03,3.333333333333333981e-03,4.847533632286994687e-03,1.277904102817598031e-02
8.780487804878047906e-03,3.333333333333333981e-03,4.847533632286994687e-03,1.277904102817598031e-02
8.780487804878047906e-03,3.333333333333333981e-03,4.847533632286994687e-03,1.277904102817598031e-02
8.780487804878047906e-03,3.333333333333333981e-03,4.847533632286994687e-03,1.277904102817598031e-02
8.780487804878047906e-03,3.333333333333333981e-03,4.847533632286994687e-03,1.277904102817598031e-02
8.780487804878047906e-03,3.333333333333333981e-03,4.847533632286994687e-03,1.277904102817598031e-02
8.780487804878047906e-03,3.333333333333333981e-03,4.847533632286994687e-03,1.277904102817598031e-02
8.780487804878047906e-03,3.333333333333333981e-03,4.847533632286994687e-03,1.277904102817598031e-02
8.780487804878047906e-03,3.333333333333333981e-03,4.847533632286994687e-03,1.277904102817598031e-02
8.780487804878047906e-03,3.333333333333333981e-03,4.847533632286994687e-03,1.277904102817598031e-02
8.780487804878047906e-03,3.333333333333333981e-03,4.847533632286994687e-03,1.277904102817598031e-02
8.780487804878047906e-03,3.333333333333333981e-03,4.847533632286994687e-03,1.277904102817598031e-02
8.780487804878047906e-03,3.333333333333333981e-03,4.847533632286994687e-03,1.277904102817598031e-02
8.780487804878047906e-03,3.333333333333333981e-03,4.847533632286994687e-03,1.277904102817598031e-02
8.780487804878047906e-03,3.333333333333333981e-03,4.847533632286994687e-03,1.277904102817598031e-02
8.780487804878047906e-03,3.333333333333333981e-03,4.847533632286994687e-03,1.277904102817598031e-02
8.780487804878047906e-03,3.333333333333333981e-03,4.847533632286994687e-03,1.277904102817598031e-02
8.780487804878047906e-03,3.333333333333333981e-03,4.847533632286994687e-03,1.277904102817598031e-02
8.780487804878047906e-03,3.333333333333333981e-03,4.847533632286994687e-03,1.277904102817598031e-02
8.780487804878047906e-03,3.333333333333333981e-03,4.847533632286994687e-03,1.277904102817598031e-02
8.780487804878047906e-03,3.333333333333333981e-03,4.847533632286994687e-03,1.277904102817598031e-02
8.780487804878047906e-03,3.333333333333333981e-03,4.847533632286994687e-03,1.277904102817598031e-02
8.780487804878047906e-03,3.333333333333333981e-03,4.847533632286994687e-03,1.277904102817598031e-02
8.780487804878047906e-03,3.333333333333333981e-03,4.847533632286994687e-03,1.277904102817598031e-02
8.780487804878047906e-03,3.333333333333333981e-03,4.847533632286994687e-03,1.277904102817598031e-02
8.780487804878047906e-03,3.333333333333333981e-03,4.847533632286994687e-03,1.277904102817598031e-02
8.780487804878047906e-03,3.333333333333333981e-03,4.847533632286994687e-03,1.277904102817598031e-02
8.780487804878047906e-03,3.333333333333333981e-03,4.847533632286994687e-03,1.277904102817598031e-02
8.780487804878047906e-03,3.333333333333333981e-03,4.847533632286994687e-03,1.277904102817598031e-02
8.780487804878047906e-03,3.333333333333333981e-03,4.847533632286994687e-03,1.277904102817598031e-02
8.780487804878047906e-03,3.333333333333333981e-03,4.847533632286994687e-03,1.277904102817598031e-02
8.780487804878047906e-03,3.333333333333333981e-03,4.847533632286994687e-03,1.277904102817598031e-02
8.780487804878047906e-03,3.333333333333333981e-03,4.847533632286994687e-03,1.277904102817598031e-02
8.780487804878047906e-03,3.333333333333333981e-03,4.847533632286994687e-03,1.277904102817598031e-02
8.780487804878047906e-03,3.333333333333333981e-03,4.847533632286994687e-03,1.277904102817598031e-02
8.780487804878047906e-03,3.333333333333333981e-03,4.847533632286994687e-03,1.277904102817598031e-02
8.780487804878047906e-03,3.333333333333333981e-03,4.847533632286994687e-03,1.277904102817598031e-02
8.780487804878047906e-03,3.333333333333333981e-03,4.847533632286994687e-03,1.277904102817598031e-02
8.780487804878047906e-03,3.333333333333333981e-03,4.847533632286994687e-03,1.277904102817598031e-02
8.780487804878047906e-03,3.333333333333333981e-03,4.847533632286994687e-03,1.277904102817598031e-02
8.780487804878047906e-03,3.333333333333333981e-03,4.847533632286994687e-03,1.277904102817598031e-02
8.780487804878047906e-03,3.333333333333333981e-03,4.847533632286994687e-03,1.277904102817598031e-02
8.780487804878047906e-03,3.333333333333333981e-03,4.847533632286994687e-03,1.277904102817598031e-02
8.780487804878047906e-03,3.333333333333333981e-03,4.847533632286994687e-03,1.277904102817598031e-02
8.780487804878047906e-03,3.333333333333333981e-03,4.847533632286994687e-03,1.277904102817598031e-02
8.780487804878047906e-03,3.333333333333333981e-03,4.847533632286994687e-03,1.277904102817598031e-02
8.780487804878047906e-03,3.333333333333333981e-03,4.847533632286994687e-03,1.277904102817598031e-02
8.780487804878047906e-03,3.333333333333333981e-03,4.847533632286994687e-03,1.277904102817598031e-02
8.780487804878047906e-03,3.333333333333333981e-03,4.847533632286994687e-03,1.277904102817598031e-02
8.780487804878047906e-03,3.333333333333333981e-03,4.847533632286994687e-03,1.277904102817598031e-02
8.780487804878047906e-03,3.333333333333333981e-03,4.847533632286994687e-03,1.277904102817598031e-02
8.780487804878047906e-03,3.333333333333333981e-03,4.847533632286994687e-03,1.277904102817598031e-02
8.780487804878047906e-03,3.333333333333333981e-03,4.847533632286994687e-03,1.277904102817598031e-02
8.780487804878047906e-03,3.333333333333333981e-03,4.847533632286994687e-03,1.277904102817598031e-02
8.780487804878047906e-03,3.333333333333333981e-03,4.847533632286994687e-03,1.277904102817598031e-02
8.780487804878047906e-03,3.333333333333333981e-03,4.847533632286994687e-03,1.277904102817598031e-02
8.780487804878047906e-03,3.333333333333333981e-03,4.847533632286994687e-03,1.277904102817598031e-02
8.780487804878047906e-03,3.333333333333333981e-03,4.847533632286994687e-03,1.277904102817598031e-02
8.780487804878047906e-03,3.333333333333333981e-03,4.847533632286994687e-03,1.277904102817598031e-02
8.780487804878047906e-03,3.333333333333333981e-03,4.847533632286994687e-03,1.277904102817598031e-02
8.780487804878047906e-03,3.333333333333333981e-03,4.847533632286994687e-03,1.277904102817598031e-02
8.780487804878047906e-03,3.333333333333333981e-03,4.847533632286994687e-03,1.277904102817598031e-02
8.780487804878047906e-03,3.333333333333333981e-03,4.847533632286994687e-03,1.277904102817598031e-02
8.780487804878047906e-03,3.333333333333333981e-03,4.847533632286994687e-03,1.277904102817598031e-02
8.780487804878047906e-03,3.333333333333333981e-03,4.847533632286994687e-03,1.277904102817598031e-02
8.780487804878047906e-03,3.333333333333333981e-03,4.847533632286994687e-03,1.277904102817598031e-02
8.780487804878047906e-03,3.333333333333333981e-03,4.847533632286994687e-03,1.277904102817598031e-02
8.780487804878047906e-03,3.333333333333333981e-03,4.847533632286994687e-03,1.277904102817598031e-02
8.780487804878047906e-03,3.333333333333333981e-03,4.847533632286994687e-03,1.277904102817598031e-02
8.780487804878047906e-03,3.333333333333333981e-03,4.847533632286994687e-03,1.277904102817598031e-02
8.780487804878047906e-03,3.333333333333333981e-03,4.847533632286994687e-03,1.277904102817598031e-02
8.780487804878047906e-03,3.333333333333333981e-03,4.847533632286994687e-03,1.277904102817598031e-02
8.780487804878047906e-03,3.333333333333333981e-03,4.847533632286994687e-03,1.277904102817598031e-02
8.780487804878047906e-03,3.333333333333333981e-03,4.847533632286994687e-03,1.277904102817598031e-02
8.780487804878047906e-03,3.333333333333333981e-03,4.847533632286994687e-03,1.277904102817598031e-02
8.780487804878047906e-03,3.333333333333333981e-03,4.847533632286994687e-03,1.277904102817598031e-02
8.780487804878047906e-03,3.333333333333333981e-03,4.847533632286994687e-03,1.277904102817598031e-02
8.780487804878047906e-03,3.333333333333333981e-03,4.847533632286994687e-03,1.277904102817598031e-02
8.780487804878047906e-03,3.333333333333333981e-03,4.847533632286994687e-03,1.277904102817598031e-02
8.780487804878047906e-03,3.333333333333333981e-03,4.847533632286994687e-03,1.277904102817598031e-02
8.780487804878047906e-03,3.333333333333333981e-03,4.847533632286994687e-03,1.277904102817598031e-02
8.780487804878047906e-03,3.333333333333333981e-03,4.847533632286994687e-03,1.277904102817598031e-02
8.780487804878047906e-03,3.333333333333333981e-03,4.847533632286994687e-03,1.277904102817598031e-02
8.780487804878047906e-03,3.333333333333333981e-03,4.847533632286994687e-03,1.277904102817598031e-02
8.780487804878047906e-03,3.333333333333333981e-03,4.847533632286994687e-03,1.277904102817598031e-02
8.780487804878047906e-03,3.333333333333333981e-03,4.847533632286994687e-03,1.277904102817598031e-02
8.780487804878047906e-03,3.333333333333333981e-03,4.847533632286994687e-03,1.277904102817598031e-02
8.780487804878047906e-03,3.333333333333333981e-03,4.847533632286994687e-03,1.277904102817598031e-02
8.780487804878047906e-03,3.333333333333333981e-03,4.847533632286994687e-03,1.277904102817598031e-02
8.780487804878047906e-03,3.333333333333333981e-03,4.847533632286994687e-03,1.277904102817598031e-02
8.780487804878047906e-03,3.333333333333333981e-03,4.847533632286994687e-03,1.277904102817598031e-02
8.780487804878047906e-03,3.333333333333333981e-03,4.847533632286994687e-03,1.277904102817598031e-02
8.780487804878047906e-03,3.333333333333333981e-03,4.847533632286994687e-03,1.277904102817598031e-02
8.780487804878047906e-03,3.333333333333333981e-03,4.847533632286994687e-03,1.277904102817598031e-02
8.780487804878047906e-03,3.333333333333333981e-03,4.847533632286994687e-03,1.277904102817598031e-02
8.780487804878047906e-03,3.333333333333333981e-03,4.847533632286994687e-03,1.277904102817598031e-02
8.780487804878047906e-03,3.333333333333333981e-03,4.847533632286994687e-03,1.277904102817598031e-02
8.780487804878047906e-03,3.333333333333333981e-03,4.847533632286994687e-03,1.277904102817598031e-02
8.780487804878047906e-03,3.333333333333333981e-03,4.847533632286994687e-03,1.277904102817598031e-02
8.780487804878047906e-03,3.333333333333333981e-03,4.847533632286994687e-03,1.277904102817598031e-02
8.780487804878047906e-03,3.333333333333333981e-03,4.847533632286994687e-03,1.277904102817598031e-02
8.780487804878047906e-03,3.333333333333333981e-03,4.847533632286994687e-03,1.277904102817598031e-02
8.780487804878047906e-03,3.333333333333333981e-03,4.847533632286994687e-03,1.277904102817598031e-02
8.780487804878047906e-03,3.333333333333333981e-03,4.847533632286994687e-03,1.277904102817598031e-02
8.780487804878047906e-03,3.333333333333333981e-03,4.847533632286994687e-03,1.277904102817598031e-02
8.780487804878047906e-03,3.333333333333333981e-03,4.847533632286994687e-03,1.277904102817598031e-02
8.780487804878047906e-03,3.333333333333333981e-03,4.847533632286994687e-03,1.277904102817598031e-02
8.780487804878047906e-03,3.333333333333333981e-03,4.847533632286994687e-03,1.277904102817598031e-02
8.780487804878047906e-03,3.333333333333333981e-03,4.847533632286994687e-03,1.277904102817598031e-02
8.780487804878047906e-03,3.333333333333333981e-03,4.847533632286994687e-03,1.277904102817598031e-02
8.780487804878047906e-03,3.333333333333333981e-03,4.847533632286994687e-03,1.277904102817598031e-02
8.780487804878047906e-03,3.333333333333333981e-03,4.847533632286994687e-03,1.277904102817598031e-02
8.780487804878047906e-03,3.333333333333333981e-03,4.847533632286994687e-03,1.277904102817598031e-02
8.780487804878047906e-03,3.333333333333333981e-03,4.847533632286994687e-03,1.277904102817598031e-02
8.780487804878047906e-03,3.333333333333333981e-03,4.847533632286994687e-03,1.277904102817598031e-02
8.780487804878047906e-03,3.333333333333333981e-03,4.847533632286994687e-03,1.277904102817598031e-02
8.780487804878047906e-03,3.333333333333333981e-03,4.847533632286994687e-03,1.277904102817598031e-02
8.780487804878047906e-03,3.333333333333333981e-03,4.847533632286994687e-03,1.277904102817598031e-02
8.780487804878047906e-03,3.333333333333333981e-03,4.847533632286994687e-03,1.277904102817598031e-02
8.780487804878047906e-03,3.333333333333333981e-03,4.847533632286994687e-03,1.277904102817598031e-02
8.780487804878047906e-03,3.333333333333333981e-03,4.847533632286994687e-03,1.277904102817598031e-02
8.780487804878047906e-03,3.333333333333333981e-03,4.847533632286994687e-03,1.277904102817598031e-02
8.780487804878047906e-03,3.333333333333333981e-03,4.847533632286994687e-03,1.277904102817598031e-02
8.780487804878047906e-03,3.333333333333333981e-03,4.847533632286994687e-03,1.277904102817598031e-02
8.780487804878047906e-03,3.333333333333333981e-03,4.847533632286994687e-03,1.277904102817598031e-02
8.780487804878047906e-03,3.333333333333333981e-03,4.847533632286994687e-03,1.277904102817598031e-02
8.780487804878047906e-03,3.333333333333333981e-03,4.847533632286994687e-03,1.277904102817598031e-02
8.780487804878047906e-03,3.333333333333333981e-03,4.847533632286994687e-03,1.277904102817598031e-02
8.780487804878047906e-03,3.333333333333333981e-03,4.847533632286994687e-03,1.277904102817598031e-02
8.780487804878047906e-03,3.333333333333333981e-03,4.847533632286994687e-03,1.277904102817598031e-02
8.780487804878047906e-03,3.333333333333333981e-03,4.847533632286994687e-03,1.277904102817598031e-02
8.780487804878047906e-03,3.333333333333333981e-03,4.847533632286994687e-03,1.277904102817598031e-02
8.780487804878047906e-03,3.333333333333333981e-03,4.847533632286994687e-03,1.277904102817598031e-02
8.780487804878047906e-03,3.333333333333333981e-03,4.847533632286994687e-03,1.277904102817598031e-02
8.780487804878047906e-03,3.333333333333333981e-03,4.847533632286994687e-03,1.277904102817598031e-02
8.780487804878047906e-03,3.333333333333333981e-03,4.847533632286994687e-03,1.277904102817598031e-02
8.780487804878047906e-03,3.333333333333333981e-03,4.847533632286994687e-03,1.277904102817598031e-02
8.780487804878047906e-03,3.333333333333333981e-03,4.847533632286994687e-03,1.277904102817598031e-02
8.780487804878047906e-03,3.333333333333333981e-03,4.847533632286994687e-03,1.277904102817598031e-02
8.780487804878047906e-03,3.333333333333333981e-03,4.847533632286994687e-03,1.277904102817598031e-02
8.780487804878047906e-03,3.333333333333333981e-03,4.847533632286994687e-03,1.277904102817598031e-02
8.780487804878047906e-03,3.333333333333333981e-03,4.847533632286994687e-03,1.277904102817598031e-02
8.780487804878047906e-03,3.333333333333333981e-03,4.847533632286994687e-03,1.277904102817598031e-02
8.780487804878047906e-03,3.333333333333333981e-03,4.847533632286994687e-03,1.277904102817598031e-02
8.780487804878047906e-03,3.333333333333333981e-03,4.847533632286994687e-03,1.277904102817598031e-02
8.780487804878047906e-03,3.333333333333333981e-03,4.847533632286994687e-03,1.277904102817598031e-02
8.780487804878047906e-03,3.333333333333333981e-03,4.847533632286994687e-03,1.277904102817598031e-02
8.780487804878047906e-03,3.333333333333333981e-03,4.847533632286994687e-03,1.277904102817598031e-02
8.780487804878047906e-03,3.333333333333333981e-03,4.847533632286994687e-03,1.277904102817598031e-02
8.780487804878047906e-03,3.333333333333333981e-03,4.847533632286994687e-03,1.277904102817598031e-02
8.780487804878047906e-03,3.333333333333333981e-03,4.847533632286994687e-03,1.277904102817598031e-02
8.780487804878047906e-03,3.333333333333333981e-03,4.847533632286994687e-03,1.277904102817598031e-02
8.780487804878047906e-03,3.333333333333333981e-03,4.847533632286994687e-03,1.277904102817598031e-02
8.780487804878047906e-03,3.333333333333333981e-03,4.847533632286994687e-03,1.277904102817598031e-02
8.780487804878047906e-03,3.333333333333333981e-03,4.847533632286994687e-03,1.277904102817598031e-02
8.780487804878047906e-03,3.333333333333333981e-03,4.847533632286994687e-03,1.277904102817598031e-02
8.780487804878047906e-03,3.333333333333333981e-03,4.847533632286994687e-03,1.277904102817598031e-02
8.780487804878047906e-03,3.333333333333333981e-03,4.847533632286994687e-03,1.277904102817598031e-02
8.780487804878047906e-03,3.333333333333333981e-03,4.847533632286994687e-03,1.277904102817598031e-02
8.780487804878047906e-03,3.333333333333333981e-03,4.847533632286994687e-03,1.277904102817598031e-02
8.780487804878047906e-03,3.333333333333333981e-03,4.847533632286994687e-03,1.277904102817598031e-02
8.780487804878047906e-03,3.333333333333333981e-03,4.847533632286994687e-03,1.277904102817598031e-02
8.780487804878047906e-03,3.333333333333333981e-03,4.847533632286994687e-03,1.277904102817598031e-02
8.780487804878047906e-03,3.333333333333333981e-03,4.847533632286994687e-03,1.277904102817598031e-02
8.780487804878047906e-03,3.333333333333333981e-03,4.847533632286994687e-03,1.277904102817598031e-02
8.780487804878047906e-03,3.333333333333333981e-03,4.847533632286994687e-03,1.277904102817598031e-02
8.780487804878047906e-03,3.333333333333333981e-03,4.847533632286994687e-03,1.277904102817598031e-02
8.780487804878047906e-03,3.333333333333333981e-03,4.847533632286994687e-03,1.277904102817598031e-02
8.780487804878047906e-03,3.333333333333333981e-03,4.847533632286994687e-03,1.277904102817598031e-02
8.780487804878047906e-03,3.333333333333333981e-03,4.847533632286994687e-03,1.277904102817598031e-02
8.780487804878047906e-03,3.333333333333333981e-03,4.847533632286994687e-03,1.277904102817598031e-02
8.780487804878047906e-03,3.333333333333333981e-03,4.847533632286994687e-03,1.277904102817598031e-02
8.780487804878047906e-03,3.333333333333333981e-03,4.847533632286994687e-03,1.277904102817598031e-02
8.780487804878047906e-03,3.333333333333333981e-03,4.847533632286994687e-03,1.277904102817598031e-02
8.780487804878047906e-03,3.333333333333333981e-03,4.847533632286994687e-03,1.277904102817598031e-02
8.780487804878047906e-03,3.333333333333333981e-03,4.847533632286994687e-03,1.277904102817598031e-02
8.780487804878047906e-03,3.333333333333333981e-03,4.847533632286994687e-03,1.277904102817598031e-02
8.780487804878047906e-03,3.333333333333333981e-03,4.847533632286994687e-03,1.277904102817598031e-02
8.780487804878047906e-03,3.333333333333333981e-03,4.847533632286994687e-03,1.277904102817598031e-02
8.780487804878047906e-03,3.333333333333333981e-03,4.847533632286994687e-03,1.277904102817598031e-02
8.780487804878047906e-03,3.333333333333333981e-03,4.847533632286994687e-03,1.277904102817598031e-02
8.780487804878047906e-03,3.333333333333333981e-03,4.847533632286994687e-03,1.277904102817598031e-02
8.780487804878047906e-03,3.333333333333333981e-03,4.847533632286994687e-03,1.277904102817598031e-02
8.780487804878047906e-03,3.333333333333333981e-03,4.847533632286994687e-03,1.277904102817598031e-02
8.780487804878047906e-03,3.333333333333333981e-03,4.847533632286994687e-03,1.277904102817598031e-02
8.780487804878047906e-03,3.333333333333333981e-03,4.847533632286994687e-03,1.277904102817598031e-02
8.780487804878047906e-03,3.333333333333333981e-03,4.847533632286994687e-03,1.277904102817598031e-02
8.780487804878047906e-03,3.333333333333333981e-03,4.847533632286994687e-03,1.277904102817598031e-02
8.780487804878047906e-03,3.333333333333333981e-03,4.847533632286994687e-03,1.277904102817598031e-02
8.780487804878047906e-03,3.333333333333333981e-03,4.847533632286994687e-03,1.277904102817598031e-02
8.780487804878047906e-03,3.333333333333333981e-03,4.847533632286994687e-03,1.277904102817598031e-02
8.780487804878047906e-03,3.333333333333333981e-03,4.847533632286994687e-03,1.277904102817598031e-02
8.780487804878047906e-03,3.333333333333333981e-03,4.847533632286994687e-03,1.277904102817598031e-02
8.780487804878047906e-03,3.333333333333333981e-03,4.847533632286994687e-03,1.277904102817598031e-02
8.780487804878047906e-03,3.333333333333333981e-03,4.847533632286994687e-03,1.277904102817598031e-02
8.780487804878047906e-03,3.333333333333333981e-03,4.847533632286994687e-03,1.277904102817598031e-02
8.780487804878047906e-03,3.333333333333333981e-03,4.847533632286994687e-03,1.277904102817598031e-02
8.780487804878047906e-03,3.333333333333333981e-03,4.847533632286994687e-03,1.277904102817598031e-02
8.780487804878047906e-03,3.333333333333333981e-03,4.847533632286994687e-03,1.277904102817598031e-02
8.780487804878047906e-03,3.333333333333333981e-03,4.847533632286994687e-03,1.277904102817598031e-02
8.780487804878047906e-03,3.333333333333333981e-03,4.847533632286994687e-03,1.277904102817598031e-02
8.780487804878047906e-03,3.333333333333333981e-03,4.847533632286994687e-03,1.277904102817598031e-02
8.780487804878047906e-03,3.333333333333333981e-03,4.847533632286994687e-03,1.277904102817598031e-02
8.780487804878047906e-03,3.333333333333333981e-03,4.847533632286994687e-03,1.277904102817598031e-02
8.780487804878047906e-03,3.333333333333333981e-03,4.847533632286994687e-03,1.277904102817598031e-02
8.780487804878047906e-03,3.333333333333333981e-03,4.847533632286994687e-03,1.277904102817598031e-02
8.780487804878047906e-03,3.333333333333333981e-03,4.847533632286994687e-03,1.277904102817598031e-02
8.780487804878047906e-03,3.333333333333333981e-03,4.847533632286994687e-03,1.277904102817598031e-02
8.780487804878047906e-03,3.333333333333333981e-03,4.847533632286994687e-03,1.277904102817598031e-02
8.780487804878047906e-03,3.333333333333333981e-03,4.847533632286994687e-03,1.277904102817598031e-02
8.780487804878047906e-03,3.333333333333333981e-03,4.847533632286994687e-03,1.277904102817598031e-02
8.780487804878047906e-03,3.333333333333333981e-03,4.847533632286994687e-03,1.277904102817598031e-02
8.780487804878047906e-03,3.333333333333333981e-03,4.847533632286994687e-03,1.277904102817598031e-02
8.780487804878047906e-03,3.333333333333333981e-03,4.847533632286994687e-03,1.277904102817598031e-02
8.780487804878047906e-03,3.333333333333333981e-03,4.847533632286994687e-03,1.277904102817598031e-02
8.780487804878047906e-03,3.333333333333333981e-03,4.847533632286994687e-03,1.277904102817598031e-02
8.780487804878047906e-03,3.333333333333333981e-03,4.847533632286994687e-03,1.277904102817598031e-02
8.780487804878047906e-03,3.333333333333333981e-03,4.847533632286994687e-03,1.277904102817598031e-02
8.780487804878047906e-03,3.333333333333333981e-03,4.847533632286994687e-03,1.277904102817598031e-02
8.780487804878047906e-03,3.333333333333333981e-03,4.847533632286994687e-03,1.277904102817598031e-02
8.780487804878047906e-03,3.333333333333333981e-03,4.847533632286994687e-03,1.277904102817598031e-02
8.780487804878047906e-03,3.333333333333333981e-03,4.847533632286994687e-03,1.277904102817598031e-02
8.780487804878047906e-03,3.333333333333333981e-03,4.847533632286994687e-03,1.277904102817598031e-02
8.780487804878047906e-03,3.333333333333333981e-03,4.847533632286994687e-03,1.277904102817598031e-02
8.780487804878047906e-03,3.333333333333333981e-03,4.847533632286994687e-03,1.277904102817598031e-02
8.780487804878047906e-03,3.333333333333333981e-03,4.847533632286994687e-03,1.277904102817598031e-02
8.780487804878047906e-03,3.333333333333333981e-03,4.847533632286994687e-03,1.277904102817598031e-02
8.780487804878047906e-03,3.333333333333333981e-03,4.847533632286994687e-03,1.277904102817598031e-02
8.780487804878047906e-03,3.333333333333333981e-03,4.847533632286994687e-03,1.277904102817598031e-02
8.780487804878047906e-03,3.333333333333333981e-03,4.847533632286994687e-03,1.277904102817598031e-02
8.780487804878047906e-03,3.333333333333333981e-03,4.847533632286994687e-03,1.277904102817598031e-02
8.780487804878047906e-03,3.333333333333333981e-03,4.847533632286994687e-03,1.277904102817598031e-02
8.780487804878047906e-03,3.333333333333333981e-03,4.847533632286994687e-03,1.277904102817598031e-02
8.780487804878047906e-03,3.333333333333333981e-03,4.847533632286994687e-03,1.277904102817598031e-02
8.780487804878047906e-03,3.333333333333333981e-03,4.847533632286994687e-03,1.277904102817598031e-02
8.780487804878047906e-03,3.333333333333333981e-03,4.847533632286994687e-03,1.277904102817598031e-02
8.780487804878047906e-03,3.333333333333333981e-03,4.847533632286994687e-03,1.277904102817598031e-02
8.780487804878047906e-03,3.333333333333333981e-03,4.847533632286994687e-03,1.277904102817598031e-02
8.780487804878047906e-03,3.333333333333333981e-03,4.847533632286994687e-03,1.277904102817598031e-02
8.780487804878047906e-03,3.333333333333333981e-03,4.847533632286994687e-03,1.277904102817598031e-02
8.780487804878047906e-03,3.333333333333333981e-03,4.847533632286994687e-03,1.277904102817598031e-02
8.780487804878047906e-03,3.333333333333333981e-03,4.847533632286994687e-03,1.277904102817598031e-02
8.780487804878047906e-03,3.333333333333333981e-03,4.847533632286994687e-03,1.277904102817598031e-02
8.780487804878047906e-03,3.333333333333333981e-03,4.847533632286994687e-03,1.277904102817598031e-02
8.780487804878047906e-03,3.333333333333333981e-03,4.847533632286994687e-03,1.277904102817598031e-02
8.780487804878047906e-03,3.333333333333333981e-03,4.847533632286994687e-03,1.277904102817598031e-02
8.780487804878047906e-03,3.333333333333333981e-03,4.847533632286994687e-03,1.277904102817598031e-02
8.780487804878047906e-03,3.333333333333333981e-03,4.847533632286994687e-03,1.277904102817598031e-02
8.780487804878047906e-03,3.333333333333333981e-03,4.847533632286994687e-03,1.277904102817598031e-02
8.780487804878047906e-03,3.333333333333333981e-03,4.847533632286994687e-03,1.277904102817598031e-02
8.780487804878047906e-03,3.333333333333333981e-03,4.847533632286994687e-03,1.277904102817598031e-02
8.780487804878047906e-03,3.333333333333333981e-03,4.847533632286994687e-03,1.277904102817598031e-02
8.780487804878047906e-03,3.333333333333333981e-03,4.847533632286994687e-03,1.277904102817598031e-02
8.780487804878047906e-03,3.333333333333333981e-03,4.847533632286994687e-03,1.277904102817598031e-02
8.780487804878047906e-03,3.333333333333333981e-03,4.847533632286994687e-03,1.277904102817598031e-02
8.780487804878047906e-03,3.333333333333333981e-03,4.847533632286994687e-03,1.277904102817598031e-02
8.780487804878047906e-03,3.333333333333333981e-03,4.847533632286994687e-03,1.277904102817598031e-02
8.780487804878047906e-03,3.333333333333333981e-03,4.847533632286994687e-03,1.277904102817598031e-02
8.780487804878047906e-03,3.333333333333333981e-03,4.847533632286994687e-03,1.277904102817598031e-02
8.780487804878047906e-03,3.333333333333333981e-03,4.847533632286994687e-03,1.277904102817598031e-02
8.780487804878047906e-03,3.333333333333333981e-03,4.847533632286994687e-03,1.277904102817598031e-02
8.780487804878047906e-03,3.333333333333333981e-03,4.847533632286994687e-03,1.277904102817598031e-02
8.780487804878047906e-03,3.333333333333333981e-03,4.847533632286994687e-03,1.277904102817598031e-02
8.780487804878047906e-03,3.333333333333333981e-03,4.847533632286994687e-03,1.277904102817598031e-02
8.780487804878047906e-03,3.333333333333333981e-03,4.847533632286994687e-03,1.277904102817598031e-02
8.780487804878047906e-03,3.333333333333333981e-03,4.847533632286994687e-03,1.277904102817598031e-02
8.780487804878047906e-03,3.333333333333333981e-03,4.847533632286994687e-03,1.277904102817598031e-02
8.780487804878047906e-03,3.333333333333333981e-03,4.847533632286994687e-03,1.277904102817598031e-02
8.780487804878047906e-03,3.333333333333333981e-03,4.847533632286994687e-03,1.277904102817598031e-02
8.780487804878047906e-03,3.333333333333333981e-03,4.847533632286994687e-03,1.277904102817598031e-02
8.780487804878047906e-03,3.333333333333333981e-03,4.847533632286994687e-03,1.277904102817598031e-02
8.780487804878047906e-03,3.333333333333333981e-03,4.847533632286994687e-03,1.277904102817598031e-02
8.780487804878047906e-03,3.333333333333333981e-03,4.847533632286994687e-03,1.277904102817598031e-02
8.780487804878047906e-03,3.333333333333333981e-03,4.847533632286994687e-03,1.277904102817598031e-02
8.780487804878047906e-03,3.333333333333333981e-03,4.847533632286994687e-03,1.277904102817598031e-02
8.780487804878047906e-03,3.333333333333333981e-03,4.847533632286994687e-03,1.277904102817598031e-02
8.780487804878047906e-03,3.333333333333333981e-03,4.847533632286994687e-03,1.277904102817598031e-02
8.780487804878047906e-03,3.333333333333333981e-03,4.847533632286994687e-03,1.277904102817598031e-02
8.780487804878047906e-03,3.333333333333333981e-03,4.847533632286994687e-03,1.277904102817598031e-02
8.780487804878047906e-03,3.333333333333333981e-03,4.847533632286994687e-03,1.277904102817598031e-02
8.780487804878047906e-03,3.333333333333333981e-03,4.847533632286994687e-03,1.277904102817598031e-02
8.780487804878047906e-03,3.333333333333333981e-03,4.847533632286994687e-03,1.277904102817598031e-02
8.780487804878047906e-03,3.333333333333333981e-03,4.847533632286994687e-03,1.277904102817598031e-02
8.780487804878047906e-03,3.333333333333333981e-03,4.847533632286994687e-03,1.277904102817598031e-02
8.780487804878047906e-03,3.333333333333333981e-03,4.847533632286994687e-03,1.277904102817598031e-02
8.780487804878047906e-03,3.333333333333333981e-03,4.847533632286994687e-03,1.277904102817598031e-02
8.780487804878047906e-03,3.333333333333333981e-03,4.847533632286994687e-03,1.277904102817598031e-02
8.780487804878047906e-03,3.333333333333333981e-03,4.847533632286994687e-03,1.277904102817598031e-02
8.780487804878047906e-03,3.333333333333333981e-03,4.847533632286994687e-03,1.277904102817598031e-02
8.780487804878047906e-03,3.333333333333333981e-03,4.847533632286994687e-03,1.277904102817598031e-02
8.780487804878047906e-03,3.333333333333333981e-03,4.847533632286994687e-03,1.277904102817598031e-02
8.780487804878047906e-03,3.333333333333333981e-03,4.847533632286994687e-03,1.277904102817598031e-02
8.780487804878047906e-03,3.333333333333333981e-03,4.847533632286994687e-03,1.277904102817598031e-02
8.780487804878047906e-03,3.333333333333333981e-03,4.847533632286994687e-03,1.277904102817598031e-02
8.780487804878047906e-03,3.333333333333333981e-03,4.847533632286994687e-03,1.277904102817598031e-02
8.780487804878047906e-03,3.333333333333333981e-03,4.847533632286994687e-03,1.277904102817598031e-02
8.780487804878047906e-03,3.333333333333333981e-03,4.847533632286994687e-03,1.277904102817598031e-02
8.780487804878047906e-03,3.333333333333333981e-03,4.847533632286994687e-03,1.277904102817598031e-02
8.780487804878047906e-03,3.333333333333333981e-03,4.847533632286994687e-03,1.277904102817598031e-02
8.780487804878047906e-03,3.333333333333333981e-03,4.847533632286994687e-03,1.277904102817598031e-02
8.780487804878047906e-03,3.333333333333333981e-03,4.847533632286994687e-03,1.277904102817598031e-02
8.780487804878047906e-03,3.333333333333333981e-03,4.847533632286994687e-03,1.277904102817598031e-02
8.780487804878047906e-03,3.333333333333333981e-03,4.847533632286994687e-03,1.277904102817598031e-02
8.780487804878047906e-03,3.333333333333333981e-03,4.847533632286994687e-03,1.277904102817598031e-02
8.780487804878047906e-03,3.333333333333333981e-03,4.847533632286994687e-03,1.277904102817598031e-02
8.780487804878047906e-03,3.333333333333333981e-03,4.847533632286994687e-03,1.277904102817598031e-02
8.780487804878047906e-03,3.333333333333333981e-03,4.847533632286994687e-03,1.277904102817598031e-02
8.780487804878047906e-03,3.333333333333333981e-03,4.847533632286994687e-03,1.277904102817598031e-02
8.780487804878047906e-03,3.333333333333333981e-03,4.847533632286994687e-03,1.277904102817598031e-02
8.780487804878047906e-03,3.333333333333333981e-03,4.847533632286994687e-03,1.277904102817598031e-02
8.780487804878047906e-03,3.333333333333333981e-03,4.847533632286994687e-03,1.277904102817598031e-02
8.780487804878047906e-03,3.333333333333333981e-03,4.847533632286994687e-03,1.277904102817598031e-02
8.780487804878047906e-03,3.333333333333333981e-03,4.847533632286994687e-03,1.277904102817598031e-02
8.780487804878047906e-03,3.333333333333333981e-03,4.847533632286994687e-03,1.277904102817598031e-02
8.780487804878047906e-03,3.333333333333333981e-03,4.847533632286994687e-03,1.277904102817598031e-02
8.780487804878047906e-03,3.333333333333333981e-03,4.847533632286994687e-03,1.277904102817598031e-02
8.780487804878047906e-03,3.333333333333333981e-03,4.847533632286994687e-03,1.277904102817598031e-02
8.780487804878047906e-03,3.333333333333333981e-03,4.847533632286994687e-03,1.277904102817598031e-02
8.780487804878047906e-03,3.333333333333333981e-03,4.847533632286994687e-03,1.277904102817598031e-02
8.780487804878047906e-03,3.333333333333333981e-03,4.847533632286994687e-03,1.277904102817598031e-02
8.780487804878047906e-03,3.333333333333333981e-03,4.847533632286994687e-03,1.277904102817598031e-02
8.780487804878047906e-03,3.333333333333333981e-03,4.847533632286994687e-03,1.277904102817598031e-02
8.780487804878047906e-03,3.333333333333333981e-03,4.847533632286994687e-03,1.277904102817598031e-02
8.780487804878047906e-03,3.333333333333333981e-03,4.847533632286994687e-03,1.277904102817598031e-02
8.780487804878047906e-03,3.333333333333333981e-03,4.847533632286994687e-03,1.277904102817598031e-02
8.780487804878047906e-03,3.333333333333333981e-03,4.847533632286994687e-03,1.277904102817598031e-02
8.780487804878047906e-03,3.333333333333333981e-03,4.847533632286994687e-03,1.277904102817598031e-02
8.780487804878047906e-03,3.333333333333333981e-03,4.847533632286994687e-03,1.277904102817598031e-02
8.780487804878047906e-03,3.333333333333333981e-03,4.847533632286994687e-03,1.277904102817598031e-02
8.780487804878047906e-03,3.333333333333333981e-03,4.847533632286994687e-03,1.277904102817598031e-02
8.780487804878047906e-03,3.333333333333333981e-03,4.847533632286994687e-03,1.277904102817598031e-02
8.780487804878047906e-03,3.333333333333333981e-03,4.847533632286994687e-03,1.277904102817598031e-02
8.780487804878047906e-03,3.333333333333333981e-03,4.847533632286994687e-03,1.277904102817598031e-02
8.780487804878047906e-03,3.333333333333333981e-03,4.847533632286994687e-03,1.277904102817598031e-02
8.780487804878047906e-03,3.333333333333333981e-03,4.847533632286994687e-03,1.277904102817598031e-02
8.780487804878047906e-03,3.333333333333333981e-03,4.847533632286994687e-03,1.277904102817598031e-02
8.780487804878047906e-03,3.333333333333333981e-03,4.847533632286994687e-03,1.277904102817598031e-02
8.780487804878047906e-03,3.333333333333333981e-03,4.847533632286994687e-03,1.277904102817598031e-02
8.780487804878047906e-03,3.333333333333333981e-03,4.847533632286994687e-03,1.277904102817598031e-02
8.780487804878047906e-03,3.333333333333333981e-03,4.847533632286994687e-03,1.277904102817598031e-02
8.780487804878047906e-03,3.333333333333333981e-03,4.847533632286994687e-03,1.277904102817598031e-02
8.780487804878047906e-03,3.333333333333333981e-03,4.847533632286994687e-03,1.277904102817598031e-02
8.780487804878047906e-03,3.333333333333333981e-03,4.847533632286994687e-03,1.277904102817598031e-02
8.780487804878047906e-03,3.333333333333333981e-03,4.847533632286994687e-03,1.277904102817598031e-02
8.780487804878047906e-03,3.333333333333333981e-03,4.847533632286994687e-03,1.277904102817598031e-02
8.780487804878047906e-03,3.333333333333333981e-03,4.847533632286994687e-03,1.277904102817598031e-02
8.780487804878047906e-03,3.333333333333333981e-03,4.847533632286994687e-03,1.277904102817598031e-02
8.780487804878047906e-03,3.333333333333333981e-03,4.847533632286994687e-03,1.277904102817598031e-02
8.780487804878047906e-03,3.333333333333333981e-03,4.847533632286994687e-03,1.277904102817598031e-02
8.780487804878047906e-03,3.333333333333333981e-03,4.847533632286994687e-03,1.277904102817598031e-02
8.780487804878047906e-03,3.333333333333333981e-03,4.847533632286994687e-03,1.277904102817598031e-02
8.780487804878047906e-03,3.333333333333333981e-03,4.847533632286994687e-03,1.277904102817598031e-02
8.780487804878047906e-03,3.333333333333333981e-03,4.847533632286994687e-03,1.277904102817598031e-02
8.780487804878047906e-03,3.333333333333333981e-03,4.847533632286994687e-03,1.277904102817598031e-02
8.780487804878047906e-03,3.333333333333333981e-03,4.847533632286994687e-03,1.277904102817598031e-02
8.780487804878047906e-03,3.333333333333333981e-03,4.847533632286994687e-03,1.277904102817598031e-02
8.780487804878047906e-03,3.333333333333333981e-03,4.847533632286994687e-03,1.277904102817598031e-02
8.780487804878047906e-03,3.333333333333333981e-03,4.847533632286994687e-03,1.277904102817598031e-02
8.780487804878047906e-03,3.333333333333333981e-03,4.847533632286994687e-03,1.277904102817598031e-02
8.780487804878047906e-03,3.333333333333333981e-03,4.847533632286994687e-03,1.277904102817598031e-02
8.780487804878047906e-03,3.333333333333333981e-03,4.847533632286994687e-03,1.277904102817598031e-02
8.780487804878047906e-03,3.333333333333333981e-03,4.847533632286994687e-03,1.277904102817598031e-02
8.780487804878047906e-03,3.333333333333333981e-03,4.847533632286994687e-03,1.277904102817598031e-02
8.780487804878047906e-03,3.333333333333333981e-03,4.847533632286994687e-03,1.277904102817598031e-02
8.780487804878047906e-03,3.333333333333333981e-03,4.847533632286994687e-03,1.277904102817598031e-02
8.780487804878047906e-03,3.333333333333333981e-03,4.847533632286994687e-03,1.277904102817598031e-02
8.780487804878047906e-03,3.333333333333333981e-03,4.847533632286994687e-03,1.277904102817598031e-02
8.780487804878047906e-03,3.333333333333333981e-03,4.847533632286994687e-03,1.277904102817598031e-02
8.780487804878047906e-03,3.333333333333333981e-03,4.847533632286994687e-03,1.277904102817598031e-02
8.780487804878047906e-03,3.333333333333333981e-03,4.847533632286994687e-03,1.277904102817598031e-02
8.780487804878047906e-03,3.333333333333333981e-03,4.847533632286994687e-03,1.277904102817598031e-02
8.780487804878047906e-03,3.333333333333333981e-03,4.847533632286994687e-03,1.277904102817598031e-02
8.780487804878047906e-03,3.333333333333333981e-03,4.847533632286994687e-03,1.277904102817598031e-02
8.780487804878047906e-03,3.333333333333333981e-03,4.847533632286994687e-03,1.277904102817598031e-02
8.780487804878047906e-03,3.333333333333333981e-03,4.847533632286994687e-03,1.277904102817598031e-02
8.780487804878047906e-03,3.333333333333333981e-03,4.847533632286994687e-03,1.277904102817598031e-02
8.780487804878047906e-03,3.333333333333333981e-03,4.847533632286994687e-03,1.277904102817598031e-02
8.780487804878047906e-03,3.333333333333333981e-03,4.847533632286994687e-03,1.277904102817598031e-02
8.780487804878047906e-03,3.333333333333333981e-03,4.847533632286994687e-03,1.277904102817598031e-02
8.780487804878047906e-03,3.333333333333333981e-03,4.847533632286994687e-03,1.277904102817598031e-02
8.780487804878047906e-03,3.333333333333333981e-03,4.847533632286994687e-03,1.277904102817598031e-02
8.780487804878047906e-03,3.333333333333333981e-03,4.847533632286994687e-03,1.277904102817598031e-02
8.780487804878047906e-03,3.333333333333333981e-03,4.847533632286994687e-03,1.277904102817598031e-02
8.780487804878047906e-03,3.333333333333333981e-03,4.847533632286994687e-03,1.277904102817598031e-02
8.780487804878047906e-03,3.333333333333333981e-03,4.847533632286994687e-03,1.277904102817598031e-02
8.780487804878047906e-03,3.333333333333333981e-03,4.847533632286994687e-03,1.277904102817598031e-02
8.780487804878047906e-03,3.333333333333333981e-03,4.847533632286994687e-03,1.277904102817598031e-02
8.780487804878047906e-03,3.333333333333333981e-03,4.847533632286994687e-03,1.277904102817598031e-02
8.780487804878047906e-03,3.333333333333333981e-03,4.847533632286994687e-03,1.277904102817598031e-02
8.780487804878047906e-03,3.333333333333333981e-03,4.847533632286994687e-03,1.277904102817598031e-02
8.780487804878047906e-03,3.333333333333333981e-03,4.847533632286994687e-03,1.277904102817598031e-02
8.780487804878047906e-03,3.333333333333333981e-03,4.847533632286994687e-03,1.277904102817598031e-02
8.780487804878047906e-03,3.333333333333333981e-03,4.847533632286994687e-03,1.277904102817598031e-02
8.780487804878047906e-03,3.333333333333333981e-03,4.847533632286994687e-03,1.277904102817598031e-02
8.780487804878047906e-03,3.333333333333333981e-03,4.847533632286994687e-03,1.277904102817598031e-02
8.780487804878047906e-03,3.333333333333333981e-03,4.847533632286994687e-03,1.277904102817598031e-02
8.780487804878047906e-03,3.333333333333333981e-03,4.847533632286994687e-03,1.277904102817598031e-02
8.780487804878047906e-03,3.333333333333333981e-03,4.847533632286994687e-03,1.277904102817598031e-02
8.780487804878047906e-03,3.333333333333333981e-03,4.847533632286994687e-03,1.277904102817598031e-02
8.780487804878047906e-03,3.333333333333333981e-03,4.847533632286994687e-03,1.277904102817598031e-02
8.780487804878047906e-03,3.333333333333333981e-03,4.847533632286994687e-03,1.277904102817598031e-02
8.780487804878047906e-03,3.333333333333333981e-03,4.847533632286994687e-03,1.277904102817598031e-02
8.780487804878047906e-03,3.333333333333333981e-03,4.847533632286994687e-03,1.277904102817598031e-02
8.780487804878047906e-03,3.333333333333333981e-03,4.847533632286994687e-03,1.277904102817598031e-02
8.780487804878047906e-03,3.333333333333333981e-03,4.847533632286994687e-03,1.277904102817598031e-02
8.780487804878047906e-03,3.333333333333333981e-03,4.847533632286994687e-03,1.277904102817598031e-02
8.780487804878047906e-03,3.333333333333333981e-03,4.847533632286994687e-03,1.277904102817598031e-02
8.780487804878047906e-03,3.333333333333333981e-03,4.847533632286994687e-03,1.277904102817598031e-02
8.780487804878047906e-03,3.333333333333333981e-03,4.847533632286994687e-03,1.277904102817598031e-02
8.780487804878047906e-03,3.333333333333333981e-03,4.847533632286994687e-03,1.277904102817598031e-02
8.780487804878047906e-03,3.333333333333333981e-03,4.847533632286994687e-03,1.277904102817598031e-02
8.780487804878047906e-03,3.333333333333333981e-03,4.847533632286994687e-03,1.277904102817598031e-02
8.780487804878047906e-03,3.333333333333333981e-03,4.847533632286994687e-03,1.277904102817598031e-02
8.780487804878047906e-03,3.333333333333333981e-03,4.847533632286994687e-03,1.277904102817598031e-02
8.780487804878047906e-03,3.333333333333333981e-03,4.847533632286994687e-03,1.277904102817598031e-02
8.780487804878047906e-03,3.333333333333333981e-03,4.847533632286994687e-03,1.277904102817598031e-02
8.780487804878047906e-03,3.333333333333333981e-03,4.847533632286994687e-03,1.277904102817598031e-02
8.780487804878047906e-03,3.333333333333333981e-03,4.847533632286994687e-03,1.277904102817598031e-02
8.780487804878047906e-03,3.333333333333333981e-03,4.847533632286994687e-03,1.277904102817598031e-02
8.780487804878047906e-03,3.333333333333333981e-03,4.847533632286994687e-03,1.277904102817598031e-02
8.780487804878047906e-03,3.333333333333333981e-03,4.847533632286994687e-03,1.277904102817598031e-02
8.780487804878047906e-03,3.333333333333333981e-03,4.847533632286994687e-03,1.277904102817598031e-02
8.780487804878047906e-03,3.333333333333333981e-03,4.847533632286994687e-03,1.277904102817598031e-02
8.780487804878047906e-03,3.333333333333333981e-03,4.847533632286994687e-03,1.277904102817598031e-02
8.780487804878047906e-03,3.333333333333333981e-03,4.847533632286994687e-03,1.277904102817598031e-02
8.780487804878047906e-03,3.333333333333333981e-03,4.847533632286994687e-03,1.277904102817598031e-02
8.780487804878047906e-03,3.333333333333333981e-03,4.847533632286994687e-03,1.277904102817598031e-02
8.780487804878047906e-03,3.333333333333333981e-03,4.847533632286994687e-03,1.277904102817598031e-02
8.780487804878047906e-03,3.333333333333333981e-03,4.847533632286994687e-03,1.277904102817598031e-02
8.780487804878047906e-03,3.333333333333333981e-03,4.847533632286994687e-03,1.277904102817598031e-02
8.780487804878047906e-03,3.333333333333333981e-03,4.847533632286994687e-03,1.277904102817598031e-02
8.780487804878047906e-03,3.333333333333333981e-03,4.847533632286994687e-03,1.277904102817598031e-02
8.780487804878047906e-03,3.333333333333333981e-03,4.847533632286994687e-03,1.277904102817598031e-02
8.780487804878047906e-03,3.333333333333333981e-03,4.847533632286994687e-03,1.277904102817598031e-02
8.780487804878047906e-03,3.333333333333333981e-03,4.847533632286994687e-03,1.277904102817598031e-02
8.780487804878047906e-03,3.333333333333333981e-03,4.847533632286994687e-03,1.277904102817598031e-02
8.780487804878047906e-03,3.333333333333333981e-03,4.847533632286994687e-03,1.277904102817598031e-02
8.780487804878047906e-03,3.333333333333333981e-03,4.847533632286994687e-03,1.277904102817598031e-02
8.780487804878047906e-03,3.333333333333333981e-03,4.847533632286994687e-03,1.277904102817598031e-02
8.780487804878047906e-03,3.333333333333333981e-03,4.847533632286994687e-03,1.277904102817598031e-02
8.780487804878047906e-03,3.333333333333333981e-03,4.847533632286994687e-03,1.277904102817598031e-02
8.780487804878047906e-03,3.333333333333333981e-03,4.847533632286994687e-03,1.277904102817598031e-02
8.780487804878047906e-03,3.333333333333333981e-03,4.847533632286994687e-03,1.277904102817598031e-02
8.780487804878047906e-03,3.333333333333333981e-03,4.847533632286994687e-03,1.277904102817598031e-02
8.780487804878047906e-03,3.333333333333333981e-03,4.847533632286994687e-03,1.277904102817598031e-02
8.780487804878047906e-03,3.333333333333333981e-03,4.847533632286994687e-03,1.277904102817598031e-02
8.780487804878047906e-03,3.333333333333333981e-03,4.847533632286994687e-03,1.277904102817598031e-02
8.780487804878047906e-03,3.333333333333333981e-03,4.847533632286994687e-03,1.277904102817598031e-02
8.780487804878047906e-03,3.333333333333333981e-03,4.847533632286994687e-03,1.277904102817598031e-02
8.780487804878047906e-03,3.333333333333333981e-03,4.847533632286994687e-03,1.277904102817598031e-02
8.780487804878047906e-03,3.333333333333333981e-03,4.847533632286994687e-03,1.277904102817598031e-02
8.780487804878047906e-03,3.333333333333333981e-03,4.847533632286994687e-03,1.277904102817598031e-02
8.780487804878047906e-03,3.333333333333333981e-03,4.847533632286994687e-03,1.277904102817598031e-02
8.780487804878047906e-03,3.333333333333333981e-03,4.847533632286994687e-03,1.277904102817598031e-02
8.780487804878047906e-03,3.333333333333333981e-03,4.847533632286994687e-03,1.277904102817598031e-02
8.780487804878047906e-03,3.333333333333333981e-03,4.847533632286994687e-03,1.277904102817598031e-02
8.780487804878047906e-03,3.333333333333333981e-03,4.847533632286994687e-03,1.277904102817598031e-02
8.780487804878047906e-03,3.333333333333333981e-03,4.847533632286994687e-03,1.277904102817598031e-02
8.780487804878047906e-03,3.333333333333333981e-03,4.847533632286994687e-03,1.277904102817598031e-02
8.780487804878047906e-03,3.333333333333333981e-03,4.847533632286994687e-03,1.277904102817598031e-02
8.780487804878047906e-03,3.333333333333333981e-03,4.847533632286994687e-03,1.277904102817598031e-02
8.780487804878047906e-03,3.333333333333333981e-03,4.847533632286994687e-03,1.277904102817598031e-02
8.780487804878047906e-03,3.333333333333333981e-03,4.847533632286994687e-03,1.277904102817598031e-02
8.780487804878047906e-03,3.333333333333333981e-03,4.847533632286994687e-03,1.277904102817598031e-02
8.780487804878047906e-03,3.333333333333333981e-03,4.847533632286994687e-03,1.277904102817598031e-02
8.780487804878047906e-03,3.333333333333333981e-03,4.847533632286994687e-03,1.277904102817598031e-02
8.780487804878047906e-03,3.333333333333333981e-03,4.847533632286994687e-03,1.277904102817598031e-02
8.780487804878047906e-03,3.333333333333333981e-03,4.847533632286994687e-03,1.277904102817598031e-02
8.780487804878047906e-03,3.333333333333333981e-03,4.847533632286994687e-03,1.277904102817598031e-02
8.780487804878047906e-03,3.333333333333333981e-03,4.847533632286994687e-03,1.277904102817598031e-02
8.780487804878047906e-03,3.333333333333333981e-03,4.847533632286994687e-03,1.277904102817598031e-02
8.780487804878047906e-03,3.333333333333333981e-03,4.847533632286994687e-03,1.277904102817598031e-02
8.780487804878047906e-03,3.333333333333333981e-03,4.847533632286994687e-03,1.277904102817598031e-02
8.780487804878047906e-03,3.333333333333333981e-03,4.847533632286994687e-03,1.277904102817598031e-02
8.780487804878047906e-03,3.333333333333333981e-03,4.847533632286994687e-03,1.277904102817598031e-02
8.780487804878047906e-03,3.333333333333333981e-03,4.847533632286994687e-03,1.277904102817598031e-02
8.780487804878047906e-03,3.333333333333333981e-03,4.847533632286994687e-03,1.277904102817598031e-02
8.780487804878047906e-03,3.333333333333333981e-03,4.847533632286994687e-03,1.277904102817598031e-02
8.780487804878047906e-03,3.333333333333333981e-03,4.847533632286994687e-03,1.277904102817598031e-02
8.780487804878047906e-03,3.333333333333333981e-03,4.847533632286994687e-03,1.277904102817598031e-02
8.780487804878047906e-03,3.333333333333333981e-03,4.847533632286994687e-03,1.277904102817598031e-02
8.780487804878047906e-03,3.333333333333333981e-03,4.847533632286994687e-03,1.277904102817598031e-02
8.780487804878047906e-03,3.333333333333333981e-03,4.847533632286994687e-03,1.277904102817598031e-02
8.780487804878047906e-03,3.333333333333333981e-03,4.847533632286994687e-03,1.277904102817598031e-02
8.780487804878047906e-03,3.333333333333333981e-03,4.847533632286994687e-03,1.277904102817598031e-02
8.780487804878047906e-03,3.333333333333333981e-03,4.847533632286994687e-03,1.277904102817598031e-02
8.780487804878047906e-03,3.333333333333333981e-03,4.847533632286994687e-03,1.277904102817598031e-02
8.780487804878047906e-03,3.333333333333333981e-03,4.847533632286994687e-03,1.277904102817598031e-02
8.780487804878047906e-03,3.333333333333333981e-03,4.847533632286994687e-03,1.277904102817598031e-02
8.780487804878047906e-03,3.333333333333333981e-03,4.847533632286994687e-03,1.277904102817598031e-02
8.780487804878047906e-03,3.333333333333333981e-03,4.847533632286994687e-03,1.277904102817598031e-02
8.780487804878047906e-03,3.333333333333333981e-03,4.847533632286994687e-03,1.277904102817598031e-02
8.780487804878047906e-03,3.333333333333333981e-03,4.847533632286994687e-03,1.277904102817598031e-02
8.780487804878047906e-03,3.333333333333333981e-03,4.847533632286994687e-03,1.277904102817598031e-02
8.780487804878047906e-03,3.333333333333333981e-03,4.847533632286994687e-03,1.277904102817598031e-02
8.780487804878047906e-03,3.333333333333333981e-03,4.847533632286994687e-03,1.277904102817598031e-02
8.780487804878047906e-03,3.333333333333333981e-03,4.847533632286994687e-03,1.277904102817598031e-02
8.780487804878047906e-03,3.333333333333333981e-03,4.847533632286994687e-03,1.277904102817598031e-02
8.780487804878047906e-03,3.333333333333333981e-03,4.847533632286994687e-03,1.277904102817598031e-02
8.780487804878047906e-03,3.333333333333333981e-03,4.847533632286994687e-03,1.277904102817598031e-02
8.780487804878047906e-03,3.333333333333333981e-03,4.847533632286994687e-03,1.277904102817598031e-02
8.780487804878047906e-03,3.333333333333333981e-03,4.847533632286994687e-03,1.277904102817598031e-02
8.780487804878047906e-03,3.333333333333333981e-03,4.847533632286994687e-03,1.277904102817598031e-02
8.780487804878047906e-03,3.333333333333333981e-03,4.847533632286994687e-03,1.277904102817598031e-02
8.780487804878047906e-03,3.333333333333333981e-03,4.847533632286994687e-03,1.277904102817598031e-02
8.780487804878047906e-03,3.333333333333333981e-03,4.847533632286994687e-03,1.277904102817598031e-02
8.780487804878047906e-03,3.333333333333333981e-03,4.847533632286994687e-03,1.277904102817598031e-02
8.780487804878047906e-03,3.333333333333333981e-03,4.847533632286994687e-03,1.277904102817598031e-02
8.780487804878047906e-03,3.333333333333333981e-03,4.847533632286994687e-03,1.277904102817598031e-02
8.780487804878047906e-03,3.333333333333333981e-03,4.847533632286994687e-03,1.277904102817598031e-02
8.780487804878047906e-03,3.333333333333333981e-03,4.847533632286994687e-03,1.277904102817598031e-02
8.780487804878047906e-03,3.333333333333333981e-03,4.847533632286994687e-03,1.277904102817598031e-02
8.780487804878047906e-03,3.333333333333333981e-03,4.847533632286994687e-03,1.277904102817598031e-02
8.780487804878047906e-03,3.333333333333333981e-03,4.847533632286994687e-03,1.277904102817598031e-02
8.780487804878047906e-03,3.333333333333333981e-03,4.847533632286994687e-03,1.277904102817598031e-02
8.780487804878047906e-03,3.333333333333333981e-03,4.847533632286994687e-03,1.277904102817598031e-02
8.780487804878047906e-03,3.333333333333333981e-03,4.847533632286994687e-03,1.277904102817598031e-02
8.780487804878047906e-03,3.333333333333333981e-03,4.847533632286994687e-03,1.277904102817598031e-02
8.780487804878047906e-03,3.333333333333333981e-03,4.847533632286994687e-03,1.277904102817598031e-02
8.780487804878047906e-03,3.333333333333333981e-03,4.847533632286994687e-03,1.277904102817598031e-02
8.780487804878047906e-03,3.333333333333333981e-03,4.847533632286994687e-03,1.277904102817598031e-02
8.780487804878047906e-03,3.333333333333333981e-03,4.847533632286994687e-03,1.277904102817598031e-02
8.780487804878047906e-03,3.333333333333333981e-03,4.847533632286994687e-03,1.277904102817598031e-02
8.780487804878047906e-03,3.333333333333333981e-03,4.847533632286994687e-03,1.277904102817598031e-02
8.780487804878047906e-03,3.333333333333333981e-03,4.847533632286994687e-03,1.277904102817598031e-02
8.780487804878047906e-03,3.333333333333333981e-03,4.847533632286994687e-03,1.277904102817598031e-02
8.780487804878047906e-03,3.333333333333333981e-03,4.847533632286994687e-03,1.277904102817598031e-02
8.780487804878047906e-03,3.333333333333333981e-03,4.847533632286994687e-03,1.277904102817598031e-02
8.780487804878047906e-03,3.333333333333333981e-03,4.847533632286994687e-03,1.277904102817598031e-02
8.780487804878047906e-03,3.333333333333333981e-03,4.847533632286994687e-03,1.277904102817598031e-02
8.780487804878047906e-03,3.333333333333333981e-03,4.847533632286994687e-03,1.277904102817598031e-02
8.780487804878047906e-03,3.333333333333333981e-03,4.847533632286994687e-03,1.277904102817598031e-02
8.780487804878047906e-03,3.333333333333333981e-03,4.847533632286994687e-03,1.277904102817598031e-02
8.780487804878047906e-03,3.333333333333333981e-03,4.847533632286994687e-03,1.277904102817598031e-02
8.780487804878047906e-03,3.333333333333333981e-03,4.847533632286994687e-03,1.277904102817598031e-02
8.780487804878047906e-03,3.333333333333333981e-03,4.847533632286994687e-03,1.277904102817598031e-02
8.780487804878047906e-03,3.333333333333333981e-03,4.847533632286994687e-03,1.277904102817598031e-02
8.780487804878047906e-03,3.333333333333333981e-03,4.847533632286994687e-03,1.277904102817598031e-02
8.780487804878047906e-03,3.333333333333333981e-03,4.847533632286994687e-03,1.277904102817598031e-02
8.780487804878047906e-03,3.333333333333333981e-03,4.847533632286994687e-03,1.277904102817598031e-02
8.780487804878047906e-03,3.333333333333333981e-03,4.847533632286994687e-03,1.277904102817598031e-02
8.780487804878047906e-03,3.333333333333333981e-03,4.847533632286994687e-03,1.277904102817598031e-02
8.780487804878047906e-03,3.333333333333333981e-03,4.847533632286994687e-03,1.277904102817598031e-02
8.780487804878047906e-03,3.333333333333333981e-03,4.847533632286994687e-03,1.277904102817598031e-02
8.780487804878047906e-03,3.333333333333333981e-03,4.847533632286994687e-03,1.277904102817598031e-02
8.780487804878047906e-03,3.333333333333333981e-03,4.847533632286994687e-03,1.277904102817598031e-02
8.780487804878047906e-03,3.333333333333333981e-03,4.847533632286994687e-03,1.277904102817598031e-02
8.780487804878047906e-03,3.333333333333333981e-03,4.847533632286994687e-03,1.277904102817598031e-02
8.780487804878047906e-03,3.333333333333333981e-03,4.847533632286994687e-03,1.277904102817598031e-02
8.780487804878047906e-03,3.333333333333333981e-03,4.847533632286994687e-03,1.277904102817598031e-02
8.780487804878047906e-03,3.333333333333333981e-03,4.847533632286994687e-03,1.277904102817598031e-02
8.780487804878047906e-03,3.333333333333333981e-03,4.847533632286994687e-03,1.277904102817598031e-02
8.780487804878047906e-03,3.333333333333333981e-03,4.847533632286994687e-03,1.277904102817598031e-02
8.780487804878047906e-03,3.333333333333333981e-03,4.847533632286994687e-03,1.277904102817598031e-02
8.780487804878047906e-03,3.333333333333333981e-03,4.847533632286994687e-03,1.277904102817598031e-02
8.780487804878047906e-03,3.333333333333333981e-03,4.847533632286994687e-03,1.277904102817598031e-02
8.780487804878047906e-03,3.333333333333333981e-03,4.847533632286994687e-03,1.277904102817598031e-02
8.780487804878047906e-03,3.333333333333333981e-03,4.847533632286994687e-03,1.277904102817598031e-02
8.780487804878047906e-03,3.333333333333333981e-03,4.847533632286994687e-03,1.277904102817598031e-02
8.780487804878047906e-03,3.333333333333333981e-03,4.847533632286994687e-03,1.277904102817598031e-02
8.780487804878047906e-03,3.333333333333333981e-03,4.847533632286994687e-03,1.277904102817598031e-02
8.780487804878047906e-03,3.333333333333333981e-03,4.847533632286994687e-03,1.277904102817598031e-02
8.780487804878047906e-03,3.333333333333333981e-03,4.847533632286994687e-03,1.277904102817598031e-02
8.780487804878047906e-03,3.333333333333333981e-03,4.847533632286994687e-03,1.277904102817598031e-02
8.780487804878047906e-03,3.333333333333333981e-03,4.847533632286994687e-03,1.277904102817598031e-02
8.780487804878047906e-03,3.333333333333333981e-03,4.847533632286994687e-03,1.277904102817598031e-02
8.780487804878047906e-03,3.333333333333333981e-03,4.847533632286994687e-03,1.277904102817598031e-02
8.780487804878047906e-03,3.333333333333333981e-03,4.847533632286994687e-03,1.277904102817598031e-02
8.780487804878047906e-03,3.333333333333333981e-03,4.847533632286994687e-03,1.277904102817598031e-02
8.780487804878047906e-03,3.333333333333333981e-03,4.847533632286994687e-03,1.277904102817598031e-02
8.780487804878047906e-03,3.333333333333333981e-03,4.847533632286994687e-03,1.277904102817598031e-02
8.780487804878047906e-03,3.333333333333333981e-03,4.847533632286994687e-03,1.277904102817598031e-02
8.780487804878047906e-03,3.333333333333333981e-03,4.847533632286994687e-03,1.277904102817598031e-02
8.780487804878047906e-03,3.333333333333333981e-03,4.847533632286994687e-03,1.277904102817598031e-02
8.780487804878047906e-03,3.333333333333333981e-03,4.847533632286994687e-03,1.277904102817598031e-02
8.780487804878047906e-03,3.333333333333333981e-03,4.847533632286994687e-03,1.277904102817598031e-02
8.780487804878047906e-03,3.333333333333333981e-03,4.847533632286994687e-03,1.277904102817598031e-02
8.780487804878047906e-03,3.333333333333333981e-03,4.847533632286994687e-03,1.277904102817598031e-02
8.780487804878047906e-03,3.333333333333333981e-03,4.847533632286994687e-03,1.277904102817598031e-02
8.780487804878047906e-03,3.333333333333333981e-03,4.847533632286994687e-03,1.277904102817598031e-02
8.780487804878047906e-03,3.333333333333333981e-03,4.847533632286994687e-03,1.277904102817598031e-02
8.780487804878047906e-03,3.333333333333333981e-03,4.847533632286994687e-03,1.277904102817598031e-02
8.780487804878047906e-03,3.333333333333333981e-03,4.847533632286994687e-03,1.277904102817598031e-02
8.780487804878047906e-03,3.333333333333333981e-03,4.847533632286994687e-03,1.277904102817598031e-02
8.780487804878047906e-03,3.333333333333333981e-03,4.847533632286994687e-03,1.277904102817598031e-02
8.780487804878047906e-03,3.333333333333333981e-03,4.847533632286994687e-03,1.277904102817598031e-02
8.780487804878047906e-03,3.333333333333333981e-03,4.847533632286994687e-03,1.277904102817598031e-02
8.780487804878047906e-03,3.333333333333333981e-03,4.847533632286994687e-03,1.277904102817598031e-02
8.780487804878047906e-03,3.333333333333333981e-03,4.847533632286994687e-03,1.277904102817598031e-02
8.780487804878047906e-03,3.333333333333333981e-03,4.847533632286994687e-03,1.277904102817598031e-02
8.780487804878047906e-03,3.333333333333333981e-03,4.847533632286994687e-03,1.277904102817598031e-02
8.780487804878047906e-03,3.333333333333333981e-03,4.847533632286994687e-03,1.277904102817598031e-02
8.780487804878047906e-03,3.333333333333333981e-03,4.847533632286994687e-03,1.277904102817598031e-02
8.780487804878047906e-03,3.333333333333333981e-03,4.847533632286994687e-03,1.277904102817598031e-02
8.780487804878047906e-03,3.333333333333333981e-03,4.847533632286994687e-03,1.277904102817598031e-02
8.780487804878047906e-03,3.333333333333333981e-03,4.847533632286994687e-03,1.277904102817598031e-02
8.780487804878047906e-03,3.333333333333333981e-03,4.847533632286994687e-03,1.277904102817598031e-02
8.780487804878047906e-03,3.333333333333333981e-03,4.847533632286994687e-03,1.277904102817598031e-02
8.780487804878047906e-03,3.333333333333333981e-03,4.847533632286994687e-03,1.277904102817598031e-02
8.780487804878047906e-03,3.333333333333333981e-03,4.847533632286994687e-03,1.277904102817598031e-02
8.780487804878047906e-03,3.333333333333333981e-03,4.847533632286994687e-03,1.277904102817598031e-02
8.780487804878047906e-03,3.333333333333333981e-03,4.847533632286994687e-03,1.277904102817598031e-02
8.780487804878047906e-03,3.333333333333333981e-03,4.847533632286994687e-03,1.277904102817598031e-02
8.780487804878047906e-03,3.333333333333333981e-03,4.847533632286994687e-03,1.277904102817598031e-02
8.780487804878047906e-03,3.333333333333333981e-03,4.847533632286994687e-03,1.277904102817598031e-02
8.780487804878047906e-03,3.333333333333333981e-03,4.847533632286994687e-03,1.277904102817598031e-02
8.780487804878047906e-03,3.333333333333333981e-03,4.847533632286994687e-03,1.277904102817598031e-02
8.780487804878047906e-03,3.333333333333333981e-03,4.847533632286994687e-03,1.277904102817598031e-02
8.780487804878047906e-03,3.333333333333333981e-03,4.847533632286994687e-03,1.277904102817598031e-02
8.780487804878047906e-03,3.333333333333333981e-03,4.847533632286994687e-03,1.277904102817598031e-02
8.780487804878047906e-03,3.333333333333333981e-03,4.847533632286994687e-03,1.277904102817598031e-02
8.780487804878047906e-03,3.333333333333333981e-03,4.847533632286994687e-03,1.277904102817598031e-02
8.780487804878047906e-03,3.333333333333333981e-03,4.847533632286994687e-03,1.277904102817598031e-02
8.780487804878047906e-03,3.333333333333333981e-03,4.847533632286994687e-03,1.277904102817598031e-02
8.780487804878047906e-03,3.333333333333333981e-03,4.847533632286994687e-03,1.277904102817598031e-02
8.780487804878047906e-03,3.333333333333333981e-03,4.847533632286994687e-03,1.277904102817598031e-02
8.780487804878047906e-03,3.333333333333333981e-03,4.847533632286994687e-03,1.277904102817598031e-02
8.780487804878047906e-03,3.333333333333333981e-03,4.847533632286994687e-03,1.277904102817598031e-02
8.780487804878047906e-03,3.333333333333333981e-03,4.847533632286994687e-03,1.277904102817598031e-02
8.780487804878047906e-03,3.333333333333333981e-03,4.847533632286994687e-03,1.277904102817598031e-02
8.780487804878047906e-03,3.333333333333333981e-03,4.847533632286994687e-03,1.277904102817598031e-02
8.780487804878047906e-03,3.333333333333333981e-03,4.847533632286994687e-03,1.277904102817598031e-02
8.780487804878047906e-03,3.333333333333333981e-03,4.847533632286994687e-03,1.277904102817598031e-02
8.780487804878047906e-03,3.333333333333333981e-03,4.847533632286994687e-03,1.277904102817598031e-02
8.780487804878047906e-03,3.333333333333333981e-03,4.847533632286994687e-03,1.277904102817598031e-02
8.780487804878047906e-03,3.333333333333333981e-03,4.847533632286994687e-03,1.277904102817598031e-02
8.780487804878047906e-03,3.333333333333333981e-03,4.847533632286994687e-03,1.277904102817598031e-02
8.780487804878047906e-03,3.333333333333333981e-03,4.847533632286994687e-03,1.277904102817598031e-02
8.780487804878047906e-03,3.333333333333333981e-03,4.847533632286994687e-03,1.277904102817598031e-02
8.780487804878047906e-03,3.333333333333333981e-03,4.847533632286994687e-03,1.277904102817598031e-02
8.780487804878047906e-03,3.333333333333333981e-03,4.847533632286994687e-03,1.277904102817598031e-02
8.780487804878047906e-03,3.333333333333333981e-03,4.847533632286994687e-03,1.277904102817598031e-02
8.780487804878047906e-03,3.333333333333333981e-03,4.847533632286994687e-03,1.277904102817598031e-02
8.780487804878047906e-03,3.333333333333333981e-03,4.847533632286994687e-03,1.277904102817598031e-02
8.780487804878047906e-03,3.333333333333333981e-03,4.847533632286994687e-03,1.277904102817598031e-02
8.780487804878047906e-03,3.333333333333333981e-03,4.847533632286994687e-03,1.277904102817598031e-02
8.780487804878047906e-03,3.333333333333333981e-03,4.847533632286994687e-03,1.277904102817598031e-02
8.780487804878047906e-03,3.333333333333333981e-03,4.847533632286994687e-03,1.277904102817598031e-02
8.780487804878047906e-03,3.333333333333333981e-03,4.847533632286994687e-03,1.277904102817598031e-02
8.780487804878047906e-03,3.333333333333333981e-03,4.847533632286994687e-03,1.277904102817598031e-02
8.780487804878047906e-03,3.333333333333333981e-03,4.847533632286994687e-03,1.277904102817598031e-02
8.780487804878047906e-03,3.333333333333333981e-03,4.847533632286994687e-03,1.277904102817598031e-02
8.780487804878047906e-03,3.333333333333333981e-03,4.847533632286994687e-03,1.277904102817598031e-02
8.780487804878047906e-03,3.333333333333333981e-03,4.847533632286994687e-03,1.277904102817598031e-02
8.780487804878047906e-03,3.333333333333333981e-03,4.847533632286994687e-03,1.277904102817598031e-02
8.780487804878047906e-03,3.333333333333333981e-03,4.847533632286994687e-03,1.277904102817598031e-02
8.780487804878047906e-03,3.333333333333333981e-03,4.847533632286994687e-03,1.277904102817598031e-02
8.780487804878047906e-03,3.333333333333333981e-03,4.847533632286994687e-03,1.277904102817598031e-02
8.780487804878047906e-03,3.333333333333333981e-03,4.847533632286994687e-03,1.277904102817598031e-02
8.780487804878047906e-03,3.333333333333333981e-03,4.847533632286994687e-03,1.277904102817598031e-02
8.780487804878047906e-03,3.333333333333333981e-03,4.847533632286994687e-03,1.277904102817598031e-02
8.780487804878047906e-03,3.333333333333333981e-03,4.847533632286994687e-03,1.277904102817598031e-02
8.780487804878047906e-03,3.333333333333333981e-03,4.847533632286994687e-03,1.277904102817598031e-02
8.780487804878047906e-03,3.333333333333333981e-03,4.847533632286994687e-03,1.277904102817598031e-02
8.780487804878047906e-03,3.333333333333333981e-03,4.847533632286994687e-03,1.277904102817598031e-02
8.780487804878047906e-03,3.333333333333333981e-03,4.847533632286994687e-03,1.277904102817598031e-02
8.780487804878047906e-03,3.333333333333333981e-03,4.847533632286994687e-03,1.277904102817598031e-02
8.780487804878047906e-03,3.333333333333333981e-03,4.847533632286994687e-03,1.277904102817598031e-02
8.780487804878047906e-03,3.333333333333333981e-03,4.847533632286994687e-03,1.277904102817598031e-02
8.780487804878047906e-03,3.333333333333333981e-03,4.847533632286994687e-03,1.277904102817598031e-02
8.780487804878047906e-03,3.333333333333333981e-03,4.847533632286994687e-03,1.277904102817598031e-02
8.780487804878047906e-03,3.333333333333333981e-03,4.847533632286994687e-03,1.277904102817598031e-02
8.780487804878047906e-03,3.333333333333333981e-03,4.847533632286994687e-03,1.277904102817598031e-02
8.780487804878047906e-03,3.333333333333333981e-03,4.847533632286994687e-03,1.277904102817598031e-02
8.780487804878047906e-03,3.333333333333333981e-03,4.847533632286994687e-03,1.277904102817598031e-02
8.780487804878047906e-03,3.333333333333333981e-03,4.847533632286994687e-03,1.277904102817598031e-02
8.780487804878047906e-03,3.333333333333333981e-03,4.847533632286994687e-03,1.277904102817598031e-02
8.780487804878047906e-03,3.333333333333333981e-03,4.847533632286994687e-03,1.277904102817598031e-02
8.780487804878047906e-03,3.333333333333333981e-03,4.847533632286994687e-03,1.277904102817598031e-02
8.780487804878047906e-03,3.333333333333333981e-03,4.847533632286994687e-03,1.277904102817598031e-02
8.780487804878047906e-03,3.333333333333333981e-03,4.847533632286994687e-03,1.277904102817598031e-02
8.780487804878047906e-03,3.333333333333333981e-03,4.847533632286994687e-03,1.277904102817598031e-02
8.780487804878047906e-03,3.333333333333333981e-03,4.847533632286994687e-03,1.277904102817598031e-02
8.780487804878047906e-03,3.333333333333333981e-03,4.847533632286994687e-03,1.277904102817598031e-02
8.780487804878047906e-03,3.333333333333333981e-03,4.847533632286994687e-03,1.277904102817598031e-02
8.780487804878047906e-03,3.333333333333333981e-03,4.847533632286994687e-03,1.277904102817598031e-02
8.780487804878047906e-03,3.333333333333333981e-03,4.847533632286994687e-03,1.277904102817598031e-02
8.780487804878047906e-03,3.333333333333333981e-03,4.847533632286994687e-03,1.277904102817598031e-02
8.780487804878047906e-03,3.333333333333333981e-03,4.847533632286994687e-03,1.277904102817598031e-02
8.780487804878047906e-03,3.333333333333333981e-03,4.847533632286994687e-03,1.277904102817598031e-02
8.780487804878047906e-03,3.333333333333333981e-03,4.847533632286994687e-03,1.277904102817598031e-02
8.780487804878047906e-03,3.333333333333333981e-03,4.847533632286994687e-03,1.277904102817598031e-02
8.780487804878047906e-03,3.333333333333333981e-03,4.847533632286994687e-03,1.277904102817598031e-02
8.780487804878047906e-03,3.333333333333333981e-03,4.847533632286994687e-03,1.277904102817598031e-02
8.780487804878047906e-03,3.333333333333333981e-03,4.847533632286994687e-03,1.277904102817598031e-02
8.780487804878047906e-03,3.333333333333333981e-03,4.847533632286994687e-03,1.277904102817598031e-02
8.780487804878047906e-03,3.333333333333333981e-03,4.847533632286994687e-03,1.277904102817598031e-02
8.780487804878047906e-03,3.333333333333333981e-03,4.847533632286994687e-03,1.277904102817598031e-02
8.780487804878047906e-03,3.333333333333333981e-03,4.847533632286994687e-03,1.277904102817598031e-02
8.780487804878047906e-03,3.333333333333333981e-03,4.847533632286994687e-03,1.277904102817598031e-02
8.780487804878047906e-03,3.333333333333333981e-03,4.847533632286994687e-03,1.277904102817598031e-02
8.780487804878047906e-03,3.333333333333333981e-03,4.847533632286994687e-03,1.277904102817598031e-02
8.780487804878047906e-03,3.333333333333333981e-03,4.847533632286994687e-03,1.277904102817598031e-02
8.780487804878047906e-03,3.333333333333333981e-03,4.847533632286994687e-03,1.277904102817598031e-02
8.780487804878047906e-03,3.333333333333333981e-03,4.847533632286994687e-03,1.277904102817598031e-02
8.780487804878047906e-03,3.333333333333333981e-03,4.847533632286994687e-03,1.277904102817598031e-02
8.780487804878047906e-03,3.333333333333333981e-03,4.847533632286994687e-03,1.277904102817598031e-02
8.780487804878047906e-03,3.333333333333333981e-03,4.847533632286994687e-03,1.277904102817598031e-02
8.780487804878047906e-03,3.333333333333333981e-03,4.847533632286994687e-03,1.277904102817598031e-02
8.780487804878047906e-03,3.333333333333333981e-03,4.847533632286994687e-03,1.277904102817598031e-02
8.780487804878047906e-03,3.333333333333333981e-03,4.847533632286994687e-03,1.277904102817598031e-02
8.780487804878047906e-03,3.333333333333333981e-03,4.847533632286994687e-03,1.277904102817598031e-02
8.780487804878047906e-03,3.333333333333333981e-03,4.847533632286994687e-03,1.277904102817598031e-02
8.780487804878047906e-03,3.333333333333333981e-03,4.847533632286994687e-03,1.277904102817598031e-02
8.780487804878047906e-03,3.333333333333333981e-03,4.847533632286994687e-03,1.277904102817598031e-02
8.780487804878047906e-03,3.333333333333333981e-03,4.847533632286994687e-03,1.277904102817598031e-02
8.780487804878047906e-03,3.333333333333333981e-03,4.847533632286994687e-03,1.277904102817598031e-02
8.780487804878047906e-03,3.333333333333333981e-03,4.847533632286994687e-03,1.277904102817598031e-02
8.780487804878047906e-03,3.333333333333333981e-03,4.847533632286994687e-03,1.277904102817598031e-02
8.780487804878047906e-03,3.333333333333333981e-03,4.847533632286994687e-03,1.277904102817598031e-02
8.780487804878047906e-03,3.333333333333333981e-03,4.847533632286994687e-03,1.277904102817598031e-02
8.780487804878047906e-03,3.333333333333333981e-03,4.847533632286994687e-03,1.277904102817598031e-02
8.780487804878047906e-03,3.333333333333333981e-03,4.847533632286994687e-03,1.277904102817598031e-02
8.780487804878047906e-03,3.333333333333333981e-03,4.847533632286994687e-03,1.277904102817598031e-02
8.780487804878047906e-03,3.333333333333333981e-03,4.847533632286994687e-03,1.277904102817598031e-02
8.780487804878047906e-03,3.333333333333333981e-03,4.847533632286994687e-03,1.277904102817598031e-02
8.780487804878047906e-03,3.333333333333333981e-03,4.847533632286994687e-03,1.277904102817598031e-02
8.780487804878047906e-03,3.333333333333333981e-03,4.847533632286994687e-03,1.277904102817598031e-02
8.780487804878047906e-03,3.333333333333333981e-03,4.847533632286994687e-03,1.277904102817598031e-02
8.780487804878047906e-03,3.333333333333333981e-03,4.847533632286994687e-03,1.277904102817598031e-02
8.780487804878047906e-03,3.333333333333333981e-03,4.847533632286994687e-03,1.277904102817598031e-02
8.780487804878047906e-03,3.333333333333333981e-03,4.847533632286994687e-03,1.277904102817598031e-02
8.780487804878047906e-03,3.333333333333333981e-03,4.847533632286994687e-03,1.277904102817598031e-02
8.780487804878047906e-03,3.333333333333333981e-03,4.847533632286994687e-03,1.277904102817598031e-02
8.780487804878047906e-03,3.333333333333333981e-03,4.847533632286994687e-03,1.277904102817598031e-02
8.780487804878047906e-03,3.333333333333333981e-03,4.847533632286994687e-03,1.277904102817598031e-02
8.780487804878047906e-03,3.333333333333333981e-03,4.847533632286994687e-03,1.277904102817598031e-02
8.780487804878047906e-03,3.333333333333333981e-03,4.847533632286994687e-03,1.277904102817598031e-02
8.780487804878047906e-03,3.333333333333333981e-03,4.847533632286994687e-03,1.277904102817598031e-02
8.780487804878047906e-03,3.333333333333333981e-03,4.847533632286994687e-03,1.277904102817598031e-02
8.780487804878047906e-03,3.333333333333333981e-03,4.847533632286994687e-03,1.277904102817598031e-02
8.780487804878047906e-03,3.333333333333333981e-03,4.847533632286994687e-03,1.277904102817598031e-02
8.780487804878047906e-03,3.333333333333333981e-03,4.847533632286994687e-03,1.277904102817598031e-02
8.780487804878047906e-03,3.333333333333333981e-03,4.847533632286994687e-03,1.277904102817598031e-02
8.780487804878047906e-03,3.333333333333333981e-03,4.847533632286994687e-03,1.277904102817598031e-02
8.780487804878047906e-03,3.333333333333333981e-03,4.847533632286994687e-03,1.277904102817598031e-02
8.780487804878047906e-03,3.333333333333333981e-03,4.847533632286994687e-03,1.277904102817598031e-02
8.780487804878047906e-03,3.333333333333333981e-03,4.847533632286994687e-03,1.277904102817598031e-02
8.780487804878047906e-03,3.333333333333333981e-03,4.847533632286994687e-03,1.277904102817598031e-02
8.780487804878047906e-03,3.333333333333333981e-03,4.847533632286994687e-03,1.277904102817598031e-02
8.780487804878047906e-03,3.333333333333333981e-03,4.847533632286994687e-03,1.277904102817598031e-02
8.780487804878047906e-03,3.333333333333333981e-03,4.847533632286994687e-03,1.277904102817598031e-02
8.780487804878047906e-03,3.333333333333333981e-03,4.847533632286994687e-03,1.277904102817598031e-02
8.780487804878047906e-03,3.333333333333333981e-03,4.847533632286994687e-03,1.277904102817598031e-02
8.780487804878047906e-03,3.333333333333333981e-03,4.847533632286994687e-03,1.277904102817598031e-02
8.780487804878047906e-03,3.333333333333333981e-03,4.847533632286994687e-03,1.277904102817598031e-02
8.780487804878047906e-03,3.333333333333333981e-03,4.847533632286994687e-03,1.277904102817598031e-02
8.780487804878047906e-03,3.333333333333333981e-03,4.847533632286994687e-03,1.277904102817598031e-02
8.780487804878047906e-03,3.333333333333333981e-03,4.847533632286994687e-03,1.277904102817598031e-02
8.780487804878047906e-03,3.333333333333333981e-03,4.847533632286994687e-03,1.277904102817598031e-02
8.780487804878047906e-03,3.333333333333333981e-03,4.847533632286994687e-03,1.277904102817598031e-02
8.780487804878047906e-03,3.333333333333333981e-03,4.847533632286994687e-03,1.277904102817598031e-02
8.780487804878047906e-03,3.333333333333333981e-03,4.847533632286994687e-03,1.277904102817598031e-02
8.780487804878047906e-03,3.333333333333333981e-03,4.847533632286994687e-03,1.277904102817598031e-02
8.780487804878047906e-03,3.333333333333333981e-03,4.847533632286994687e-03,1.277904102817598031e-02
8.780487804878047906e-03,3.333333333333333981e-03,4.847533632286994687e-03,1.277904102817598031e-02
8.780487804878047906e-03,3.333333333333333981e-03,4.847533632286994687e-03,1.277904102817598031e-02
8.780487804878047906e-03,3.333333333333333981e-03,4.847533632286994687e-03,1.277904102817598031e-02
8.780487804878047906e-03,3.333333333333333981e-03,4.847533632286994687e-03,1.277904102817598031e-02
8.780487804878047906e-03,3.333333333333333981e-03,4.847533632286994687e-03,1.277904102817598031e-02
8.780487804878047906e-03,3.333333333333333981e-03,4.847533632286994687e-03,1.277904102817598031e-02
8.780487804878047906e-03,3.333333333333333981e-03,4.847533632286994687e-03,1.277904102817598031e-02
8.780487804878047906e-03,3.333333333333333981e-03,4.847533632286994687e-03,1.277904102817598031e-02
8.780487804878047906e-03,3.333333333333333981e-03,4.847533632286994687e-03,1.277904102817598031e-02
8.780487804878047906e-03,3.333333333333333981e-03,4.847533632286994687e-03,1.277904102817598031e-02
8.780487804878047906e-03,3.333333333333333981e-03,4.847533632286994687e-03,1.277904102817598031e-02
8.780487804878047906e-03,3.333333333333333981e-03,4.847533632286994687e-03,1.277904102817598031e-02
8.780487804878047906e-03,3.333333333333333981e-03,4.847533632286994687e-03,1.277904102817598031e-02
8.780487804878047906e-03,3.333333333333333981e-03,4.847533632286994687e-03,1.277904102817598031e-02
8.780487804878047906e-03,3.333333333333333981e-03,4.847533632286994687e-03,1.277904102817598031e-02
8.780487804878047906e-03,3.333333333333333981e-03,4.847533632286994687e-03,1.277904102817598031e-02
8.780487804878047906e-03,3.333333333333333981e-03,4.847533632286994687e-03,1.277904102817598031e-02
8.780487804878047906e-03,3.333333333333333981e-03,4.847533632286994687e-03,1.277904102817598031e-02
8.780487804878047906e-03,3.333333333333333981e-03,4.847533632286994687e-03,1.277904102817598031e-02
8.780487804878047906e-03,3.333333333333333981e-03,4.847533632286994687e-03,1.277904102817598031e-02
8.780487804878047906e-03,3.333333333333333981e-03,4.847533632286994687e-03,1.277904102817598031e-02
8.780487804878047906e-03,3.333333333333333981e-03,4.847533632286994687e-03,1.277904102817598031e-02
8.780487804878047906e-03,3.333333333333333981e-03,4.847533632286994687e-03,1.277904102817598031e-02
8.780487804878047906e-03,3.333333333333333981e-03,4.847533632286994687e-03,1.277904102817598031e-02
8.780487804878047906e-03,3.333333333333333981e-03,4.847533632286994687e-03,1.277904102817598031e-02
8.780487804878047906e-03,3.333333333333333981e-03,4.847533632286994687e-03,1.277904102817598031e-02
8.780487804878047906e-03,3.333333333333333981e-03,4.847533632286994687e-03,1.277904102817598031e-02
8.780487804878047906e-03,3.333333333333333981e-03,4.847533632286994687e-03,1.277904102817598031e-02
8.780487804878047906e-03,3.333333333333333981e-03,4.847533632286994687e-03,1.277904102817598031e-02
8.780487804878047906e-03,3.333333333333333981e-03,4.847533632286994687e-03,1.277904102817598031e-02
8.780487804878047906e-03,3.333333333333333981e-03,4.847533632286994687e-03,1.277904102817598031e-02
8.780487804878047906e-03,3.333333333333333981e-03,4.847533632286994687e-03,1.277904102817598031e-02
8.780487804878047906e-03,3.333333333333333981e-03,4.847533632286994687e-03,1.277904102817598031e-02
8.780487804878047906e-03,3.333333333333333981e-03,4.847533632286994687e-03,1.277904102817598031e-02
8.780487804878047906e-03,3.333333333333333981e-03,4.847533632286994687e-03,1.277904102817598031e-02
8.780487804878047906e-03,3.333333333333333981e-03,4.847533632286994687e-03,1.277904102817598031e-02
8.780487804878047906e-03,3.333333333333333981e-03,4.847533632286994687e-03,1.277904102817598031e-02
8.780487804878047906e-03,3.333333333333333981e-03,4.847533632286994687e-03,1.277904102817598031e-02
8.780487804878047906e-03,3.333333333333333981e-03,4.847533632286994687e-03,1.277904102817598031e-02
8.780487804878047906e-03,3.333333333333333981e-03,4.847533632286994687e-03,1.277904102817598031e-02
8.780487804878047906e-03,3.333333333333333981e-03,4.847533632286994687e-03,1.277904102817598031e-02
8.780487804878047906e-03,3.333333333333333981e-03,4.847533632286994687e-03,1.277904102817598031e-02
8.780487804878047906e-03,3.333333333333333981e-03,4.847533632286994687e-03,1.277904102817598031e-02
8.780487804878047906e-03,3.333333333333333981e-03,4.847533632286994687e-03,1.277904102817598031e-02
8.780487804878047906e-03,3.333333333333333981e-03,4.847533632286994687e-03,1.277904102817598031e-02
8.780487804878047906e-03,3.333333333333333981e-03,4.847533632286994687e-03,1.277904102817598031e-02
8.780487804878047906e-03,3.333333333333333981e-03,4.847533632286994687e-03,1.277904102817598031e-02
8.780487804878047906e-03,3.333333333333333981e-03,4.847533632286994687e-03,1.277904102817598031e-02
8.780487804878047906e-03,3.333333333333333981e-03,4.847533632286994687e-03,1.277904102817598031e-02
8.780487804878047906e-03,3.333333333333333981e-03,4.847533632286994687e-03,1.277904102817598031e-02
8.780487804878047906e-03,3.333333333333333981e-03,4.847533632286994687e-03,1.277904102817598031e-02
8.780487804878047906e-03,3.333333333333333981e-03,4.847533632286994687e-03,1.277904102817598031e-02
8.780487804878047906e-03,3.333333333333333981e-03,4.847533632286994687e-03,1.277904102817598031e-02
8.780487804878047906e-03,3.333333333333333981e-03,4.847533632286994687e-03,1.277904102817598031e-02
8.780487804878047906e-03,3.333333333333333981e-03,4.847533632286994687e-03,1.277904102817598031e-02
8.780487804878047906e-03,3.333333333333333981e-03,4.847533632286994687e-03,1.277904102817598031e-02
8.780487804878047906e-03,3.333333333333333981e-03,4.847533632286994687e-03,1.277904102817598031e-02
8.780487804878047906e-03,3.333333333333333981e-03,4.847533632286994687e-03,1.277904102817598031e-02
8.780487804878047906e-03,3.333333333333333981e-03,4.847533632286994687e-03,1.277904102817598031e-02
8.780487804878047906e-03,3.333333333333333981e-03,4.847533632286994687e-03,1.277904102817598031e-02
8.780487804878047906e-03,3.333333333333333981e-03,4.847533632286994687e-03,1.277904102817598031e-02
8.780487804878047906e-03,3.333333333333333981e-03,4.847533632286994687e-03,1.277904102817598031e-02
8.780487804878047906e-03,3.333333333333333981e-03,4.847533632286994687e-03,1.277904102817598031e-02
8.780487804878047906e-03,3.333333333333333981e-03,4.847533632286994687e-03,1.277904102817598031e-02
8.780487804878047906e-03,3.333333333333333981e-03,4.847533632286994687e-03,1.277904102817598031e-02
8.780487804878047906e-03,3.333333333333333981e-03,4.847533632286994687e-03,1.277904102817598031e-02
8.780487804878047906e-03,3.333333333333333981e-03,4.847533632286994687e-03,1.277904102817598031e-02
8.780487804878047906e-03,3.333333333333333981e-03,4.847533632286994687e-03,1.277904102817598031e-02
8.780487804878047906e-03,3.333333333333333981e-03,4.847533632286994687e-03,1.277904102817598031e-02
8.780487804878047906e-03,3.333333333333333981e-03,4.847533632286994687e-03,1.277904102817598031e-02
8.780487804878047906e-03,3.333333333333333981e-03,4.847533632286994687e-03,1.277904102817598031e-02
8.780487804878047906e-03,3.333333333333333981e-03,4.847533632286994687e-03,1.277904102817598031e-02
8.780487804878047906e-03,3.333333333333333981e-03,4.847533632286994687e-03,1.277904102817598031e-02
8.780487804878047906e-03,3.333333333333333981e-03,4.847533632286994687e-03,1.277904102817598031e-02
8.780487804878047906e-03,3.333333333333333981e-03,4.847533632286994687e-03,1.277904102817598031e-02
8.780487804878047906e-03,3.333333333333333981e-03,4.847533632286994687e-03,1.277904102817598031e-02
8.780487804878047906e-03,3.333333333333333981e-03,4.847533632286994687e-03,1.277904102817598031e-02
8.780487804878047906e-03,3.333333333333333981e-03,4.847533632286994687e-03,1.277904102817598031e-02
8.780487804878047906e-03,3.333333333333333981e-03,4.847533632286994687e-03,1.277904102817598031e-02
8.780487804878047906e-03,3.333333333333333981e-03,4.847533632286994687e-03,1.277904102817598031e-02
8.780487804878047906e-03,3.333333333333333981e-03,4.847533632286994687e-03,1.277904102817598031e-02
8.780487804878047906e-03,3.333333333333333981e-03,4.847533632286994687e-03,1.277904102817598031e-02
8.780487804878047906e-03,3.333333333333333981e-03,4.847533632286994687e-03,1.277904102817598031e-02
8.780487804878047906e-03,3.333333333333333981e-03,4.847533632286994687e-03,1.277904102817598031e-02
8.780487804878047906e-03,3.333333333333333981e-03,4.847533632286994687e-03,1.277904102817598031e-02
8.780487804878047906e-03,3.333333333333333981e-03,4.847533632286994687e-03,1.277904102817598031e-02
8.780487804878047906e-03,3.333333333333333981e-03,4.847533632286994687e-03,1.277904102817598031e-02
8.780487804878047906e-03,3.333333333333333981e-03,4.847533632286994687e-03,1.277904102817598031e-02
8.780487804878047906e-03,3.333333333333333981e-03,4.847533632286994687e-03,1.277904102817598031e-02
8.780487804878047906e-03,3.333333333333333981e-03,4.847533632286994687e-03,1.277904102817598031e-02
8.780487804878047906e-03,3.333333333333333981e-03,4.847533632286994687e-03,1.277904102817598031e-02
8.780487804878047906e-03,3.333333333333333981e-03,4.847533632286994687e-03,1.277904102817598031e-02
8.780487804878047906e-03,3.333333333333333981e-03,4.847533632286994687e-03,1.277904102817598031e-02
8.780487804878047906e-03,3.333333333333333981e-03,4.847533632286994687e-03,1.277904102817598031e-02
8.780487804878047906e-03,3.333333333333333981e-03,4.847533632286994687e-03,1.277904102817598031e-02
8.780487804878047906e-03,3.333333333333333981e-03,4.847533632286994687e-03,1.277904102817598031e-02
8.780487804878047906e-03,3.333333333333333981e-03,4.847533632286994687e-03,1.277904102817598031e-02
8.780487804878047906e-03,3.333333333333333981e-03,4.847533632286994687e-03,1.277904102817598031e-02
8.780487804878047906e-03,3.333333333333333981e-03,4.847533632286994687e-03,1.277904102817598031e-02
8.780487804878047906e-03,3.333333333333333981e-03,4.847533632286994687e-03,1.277904102817598031e-02
8.780487804878047906e-03,3.333333333333333981e-03,4.847533632286994687e-03,1.277904102817598031e-02
8.780487804878047906e-03,3.333333333333333981e-03,4.847533632286994687e-03,1.277904102817598031e-02
8.780487804878047906e-03,3.333333333333333981e-03,4.847533632286994687e-03,1.277904102817598031e-02
8.780487804878047906e-03,3.333333333333333981e-03,4.847533632286994687e-03,1.277904102817598031e-02
8.780487804878047906e-03,3.333333333333333981e-03,4.847533632286994687e-03,1.277904102817598031e-02
8.780487804878047906e-03,3.333333333333333981e-03,4.847533632286994687e-03,1.277904102817598031e-02
8.780487804878047906e-03,3.333333333333333981e-03,4.847533632286994687e-03,1.277904102817598031e-02
8.780487804878047906e-03,3.333333333333333981e-03,4.847533632286994687e-03,1.277904102817598031e-02
8.780487804878047906e-03,3.333333333333333981e-03,4.847533632286994687e-03,1.277904102817598031e-02
8.780487804878047906e-03,3.333333333333333981e-03,4.847533632286994687e-03,1.277904102817598031e-02
8.780487804878047906e-03,3.333333333333333981e-03,4.847533632286994687e-03,1.277904102817598031e-02
8.780487804878047906e-03,3.333333333333333981e-03,4.847533632286994687e-03,1.277904102817598031e-02
8.780487804878047906e-03,3.333333333333333981e-03,4.847533632286994687e-03,1.277904102817598031e-02
8.780487804878047906e-03,3.333333333333333981e-03,4.847533632286994687e-03,1.277904102817598031e-02
8.780487804878047906e-03,3.333333333333333981e-03,4.847533632286994687e-03,1.277904102817598031e-02
8.780487804878047906e-03,3.333333333333333981e-03,4.847533632286994687e-03,1.277904102817598031e-02
8.780487804878047906e-03,3.333333333333333981e-03,4.847533632286994687e-03,1.277904102817598031e-02
8.780487804878047906e-03,3.333333333333333981e-03,4.847533632286994687e-03,1.277904102817598031e-02
8.780487804878047906e-03,3.333333333333333981e-03,4.847533632286994687e-03,1.277904102817598031e-02
8.780487804878047906e-03,3.333333333333333981e-03,4.847533632286994687e-03,1.277904102817598031e-02
8.780487804878047906e-03,3.333333333333333981e-03,4.847533632286994687e-03,1.277904102817598031e-02
8.780487804878047906e-03,3.333333333333333981e-03,4.847533632286994687e-03,1.277904102817598031e-02
8.780487804878047906e-03,3.333333333333333981e-03,4.847533632286994687e-03,1.277904102817598031e-02
8.780487804878047906e-03,3.333333333333333981e-03,4.847533632286994687e-03,1.277904102817598031e-02
8.780487804878047906e-03,3.333333333333333981e-03,4.847533632286994687e-03,1.277904102817598031e-02
8.780487804878047906e-03,3.333333333333333981e-03,4.847533632286994687e-03,1.277904102817598031e-02
8.780487804878047906e-03,3.333333333333333981e-03,4.847533632286994687e-03,1.277904102817598031e-02
8.780487804878047906e-03,3.333333333333333981e-03,4.847533632286994687e-03,1.277904102817598031e-02
8.780487804878047906e-03,3.333333333333333981e-03,4.847533632286994687e-03,1.277904102817598031e-02
8.780487804878047906e-03,3.333333333333333981e-03,4.847533632286994687e-03,1.277904102817598031e-02
8.780487804878047906e-03,3.333333333333333981e-03,4.847533632286994687e-03,1.277904102817598031e-02
8.780487804878047906e-03,3.333333333333333981e-03,4.847533632286994687e-03,1.277904102817598031e-02
8.780487804878047906e-03,3.333333333333333981e-03,4.847533632286994687e-03,1.277904102817598031e-02
8.780487804878047906e-03,3.333333333333333981e-03,4.847533632286994687e-03,1.277904102817598031e-02
8.780487804878047906e-03,3.333333333333333981e-03,4.847533632286994687e-03,1.277904102817598031e-02
8.780487804878047906e-03,3.333333333333333981e-03,4.847533632286994687e-03,1.277904102817598031e-02
8.780487804878047906e-03,3.333333333333333981e-03,4.847533632286994687e-03,1.277904102817598031e-02
8.780487804878047906e-03,3.333333333333333981e-03,4.847533632286994687e-03,1.277904102817598031e-02
8.780487804878047906e-03,3.333333333333333981e-03,4.847533632286994687e-03,1.277904102817598031e-02
8.780487804878047906e-03,3.333333333333333981e-03,4.847533632286994687e-03,1.277904102817598031e-02
8.780487804878047906e-03,3.333333333333333981e-03,4.847533632286994687e-03,1.277904102817598031e-02
8.780487804878047906e-03,3.333333333333333981e-03,4.847533632286994687e-03,1.277904102817598031e-02
8.780487804878047906e-03,3.333333333333333981e-03,4.847533632286994687e-03,1.277904102817598031e-02
8.780487804878047906e-03,3.333333333333333981e-03,4.847533632286994687e-03,1.277904102817598031e-02
8.780487804878047906e-03,3.333333333333333981e-03,4.847533632286994687e-03,1.277904102817598031e-02
8.780487804878047906e-03,3.333333333333333981e-03,4.847533632286994687e-03,1.277904102817598031e-02
8.780487804878047906e-03,3.333333333333333981e-03,4.847533632286994687e-03,1.277904102817598031e-02
8.780487804878047906e-03,3.333333333333333981e-03,4.847533632286994687e-03,1.277904102817598031e-02
8.780487804878047906e-03,3.333333333333333981e-03,4.847533632286994687e-03,1.277904102817598031e-02
8.780487804878047906e-03,3.333333333333333981e-03,4.847533632286994687e-03,1.277904102817598031e-02
8.780487804878047906e-03,3.333333333333333981e-03,4.847533632286994687e-03,1.277904102817598031e-02
8.780487804878047906e-03,3.333333333333333981e-03,4.847533632286994687e-03,1.277904102817598031e-02
8.780487804878047906e-03,3.333333333333333981e-03,4.847533632286994687e-03,1.277904102817598031e-02
8.780487804878047906e-03,3.333333333333333981e-03,4.847533632286994687e-03,1.277904102817598031e-02
8.780487804878047906e-03,3.333333333333333981e-03,4.847533632286994687e-03,1.277904102817598031e-02
8.780487804878047906e-03,3.333333333333333981e-03,4.847533632286994687e-03,1.277904102817598031e-02
8.780487804878047906e-03,3.333333333333333981e-03,4.847533632286994687e-03,1.277904102817598031e-02
8.780487804878047906e-03,3.333333333333333981e-03,4.847533632286994687e-03,1.277904102817598031e-02
8.780487804878047906e-03,3.333333333333333981e-03,4.847533632286994687e-03,1.277904102817598031e-02
8.780487804878047906e-03,3.333333333333333981e-03,4.847533632286994687e-03,1.277904102817598031e-02
8.780487804878047906e-03,3.333333333333333981e-03,4.847533632286994687e-03,1.277904102817598031e-02
8.780487804878047906e-03,3.333333333333333981e-03,4.847533632286994687e-03,1.277904102817598031e-02
8.780487804878047906e-03,3.333333333333333981e-03,4.847533632286994687e-03,1.277904102817598031e-02
8.780487804878047906e-03,3.333333333333333981e-03,4.847533632286994687e-03,1.277904102817598031e-02
8.780487804878047906e-03,3.333333333333333981e-03,4.847533632286994687e-03,1.277904102817598031e-02
8.780487804878047906e-03,3.333333333333333981e-03,4.847533632286994687e-03,1.277904102817598031e-02
8.780487804878047906e-03,3.333333333333333981e-03,4.847533632286994687e-03,1.277904102817598031e-02
8.780487804878047906e-03,3.333333333333333981e-03,4.847533632286994687e-03,1.277904102817598031e-02
8.780487804878047906e-03,3.333333333333333981e-03,4.847533632286994687e-03,1.277904102817598031e-02
8.780487804878047906e-03,3.333333333333333981e-03,4.847533632286994687e-03,1.277904102817598031e-02
8.780487804878047906e-03,3.333333333333333981e-03,4.847533632286994687e-03,1.277904102817598031e-02
8.780487804878047906e-03,3.333333333333333981e-03,4.847533632286994687e-03,1.277904102817598031e-02
8.780487804878047906e-03,3.333333333333333981e-03,4.847533632286994687e-03,1.277904102817598031e-02
8.780487804878047906e-03,3.333333333333333981e-03,4.847533632286994687e-03,1.277904102817598031e-02
8.780487804878047906e-03,3.333333333333333981e-03,4.847533632286994687e-03,1.277904102817598031e-02
8.780487804878047906e-03,3.333333333333333981e-03,4.847533632286994687e-03,1.277904102817598031e-02
8.780487804878047906e-03,3.333333333333333981e-03,4.847533632286994687e-03,1.277904102817598031e-02
8.780487804878047906e-03,3.333333333333333981e-03,4.847533632286994687e-03,1.277904102817598031e-02
8.780487804878047906e-03,3.333333333333333981e-03,4.847533632286994687e-03,1.277904102817598031e-02
8.780487804878047906e-03,3.333333333333333981e-03,4.847533632286994687e-03,1.277904102817598031e-02
8.780487804878047906e-03,3.333333333333333981e-03,4.847533632286994687e-03,1.277904102817598031e-02
8.780487804878047906e-03,3.333333333333333981e-03,4.847533632286994687e-03,1.277904102817598031e-02
8.780487804878047906e-03,3.333333333333333981e-03,4.847533632286994687e-03,1.277904102817598031e-02
8.780487804878047906e-03,3.333333333333333981e-03,4.847533632286994687e-03,1.277904102817598031e-02
8.780487804878047906e-03,3.333333333333333981e-03,4.847533632286994687e-03,1.277904102817598031e-02
8.780487804878047906e-03,3.333333333333333981e-03,4.847533632286994687e-03,1.277904102817598031e-02
8.780487804878047906e-03,3.333333333333333981e-03,4.847533632286994687e-03,1.277904102817598031e-02
8.780487804878047906e-03,3.333333333333333981e-03,4.847533632286994687e-03,1.277904102817598031e-02
8.780487804878047906e-03,3.333333333333333981e-03,4.847533632286994687e-03,1.277904102817598031e-02
8.780487804878047906e-03,3.333333333333333981e-03,4.847533632286994687e-03,1.277904102817598031e-02
8.780487804878047906e-03,3.333333333333333981e-03,4.847533632286994687e-03,1.277904102817598031e-02
8.780487804878047906e-03,3.333333333333333981e-03,4.847533632286994687e-03,1.277904102817598031e-02
8.780487804878047906e-03,3.333333333333333981e-03,4.847533632286994687e-03,1.277904102817598031e-02
8.780487804878047906e-03,3.333333333333333981e-03,4.847533632286994687e-03,1.277904102817598031e-02
8.780487804878047906e-03,3.333333333333333981e-03,4.847533632286994687e-03,1.277904102817598031e-02
8.780487804878047906e-03,3.333333333333333981e-03,4.847533632286994687e-03,1.277904102817598031e-02
8.780487804878047906e-03,3.333333333333333981e-03,4.847533632286994687e-03,1.277904102817598031e-02
8.780487804878047906e-03,3.333333333333333981e-03,4.847533632286994687e-03,1.277904102817598031e-02
8.780487804878047906e-03,3.333333333333333981e-03,4.847533632286994687e-03,1.277904102817598031e-02
8.780487804878047906e-03,3.333333333333333981e-03,4.847533632286994687e-03,1.277904102817598031e-02
8.780487804878047906e-03,3.333333333333333981e-03,4.847533632286994687e-03,1.277904102817598031e-02
8.780487804878047906e-03,3.333333333333333981e-03,4.847533632286994687e-03,1.277904102817598031e-02
8.780487804878047906e-03,3.333333333333333981e-03,4.847533632286994687e-03,1.277904102817598031e-02
8.780487804878047906e-03,3.333333333333333981e-03,4.847533632286994687e-03,1.277904102817598031e-02
8.780487804878047906e-03,3.333333333333333981e-03,4.847533632286994687e-03,1.277904102817598031e-02
8.780487804878047906e-03,3.333333333333333981e-03,4.847533632286994687e-03,1.277904102817598031e-02
8.780487804878047906e-03,3.333333333333333981e-03,4.847533632286994687e-03,1.277904102817598031e-02
8.780487804878047906e-03,3.333333333333333981e-03,4.847533632286994687e-03,1.277904102817598031e-02
8.780487804878047906e-03,3.333333333333333981e-03,4.847533632286994687e-03,1.277904102817598031e-02
8.780487804878047906e-03,3.333333333333333981e-03,4.847533632286994687e-03,1.277904102817598031e-02
8.780487804878047906e-03,3.333333333333333981e-03,4.847533632286994687e-03,1.277904102817598031e-02
8.780487804878047906e-03,3.333333333333333981e-03,4.847533632286994687e-03,1.277904102817598031e-02
8.780487804878047906e-03,3.333333333333333981e-03,4.847533632286994687e-03,1.277904102817598031e-02
8.780487804878047906e-03,3.333333333333333981e-03,4.847533632286994687e-03,1.277904102817598031e-02
8.780487804878047906e-03,3.333333333333333981e-03,4.847533632286994687e-03,1.277904102817598031e-02
8.780487804878047906e-03,3.333333333333333981e-03,4.847533632286994687e-03,1.277904102817598031e-02
8.780487804878047906e-03,3.333333333333333981e-03,4.847533632286994687e-03,1.277904102817598031e-02
8.780487804878047906e-03,3.333333333333333981e-03,4.847533632286994687e-03,1.277904102817598031e-02
8.780487804878047906e-03,3.333333333333333981e-03,4.847533632286994687e-03,1.277904102817598031e-02
8.780487804878047906e-03,3.333333333333333981e-03,4.847533632286994687e-03,1.277904102817598031e-02
8.780487804878047906e-03,3.333333333333333981e-03,4.847533632286994687e-03,1.277904102817598031e-02
8.780487804878047906e-03,3.333333333333333981e-03,4.847533632286994687e-03,1.277904102817598031e-02
8.780487804878047906e-03,3.333333333333333981e-03,4.847533632286994687e-03,1.277904102817598031e-02
8.780487804878047906e-03,3.333333333333333981e-03,4.847533632286994687e-03,1.277904102817598031e-02
8.780487804878047906e-03,3.333333333333333981e-03,4.847533632286994687e-03,1.277904102817598031e-02
8.780487804878047906e-03,3.333333333333333981e-03,4.847533632286994687e-03,1.277904102817598031e-02
8.780487804878047906e-03,3.333333333333333981e-03,4.847533632286994687e-03,1.277904102817598031e-02
8.780487804878047906e-03,3.333333333333333981e-03,4.847533632286994687e-03,1.277904102817598031e-02
8.780487804878047906e-03,3.333333333333333981e-03,4.847533632286994687e-03,1.277904102817598031e-02
8.780487804878047906e-03,3.333333333333333981e-03,4.847533632286994687e-03,1.277904102817598031e-02
8.780487804878047906e-03,3.333333333333333981e-03,4.847533632286994687e-03,1.277904102817598031e-02
8.780487804878047906e-03,3.333333333333333981e-03,4.847533632286994687e-03,1.277904102817598031e-02
8.780487804878047906e-03,3.333333333333333981e-03,4.847533632286994687e-03,1.277904102817598031e-02
8.780487804878047906e-03,3.333333333333333981e-03,4.847533632286994687e-03,1.277904102817598031e-02
8.780487804878047906e-03,3.333333333333333981e-03,4.847533632286994687e-03,1.277904102817598031e-02
8.780487804878047906e-03,3.333333333333333981e-03,4.847533632286994687e-03,1.277904102817598031e-02
8.780487804878047906e-03,3.333333333333333981e-03,4.847533632286994687e-03,1.277904102817598031e-02
8.780487804878047906e-03,3.333333333333333981e-03,4.847533632286994687e-03,1.277904102817598031e-02
8.780487804878047906e-03,3.333333333333333981e-03,4.847533632286994687e-03,1.277904102817598031e-02
8.780487804878047906e-03,3.333333333333333981e-03,4.847533632286994687e-03,1.277904102817598031e-02
8.780487804878047906e-03,3.333333333333333981e-03,4.847533632286994687e-03,1.277904102817598031e-02
8.780487804878047906e-03,3.333333333333333981e-03,4.847533632286994687e-03,1.277904102817598031e-02
8.780487804878047906e-03,3.333333333333333981e-03,4.847533632286994687e-03,1.277904102817598031e-02
8.780487804878047906e-03,3.333333333333333981e-03,4.847533632286994687e-03,1.277904102817598031e-02
8.780487804878047906e-03,3.333333333333333981e-03,4.847533632286994687e-03,1.277904102817598031e-02
8.780487804878047906e-03,3.333333333333333981e-03,4.847533632286994687e-03,1.277904102817598031e-02
8.780487804878047906e-03,3.333333333333333981e-03,4.847533632286994687e-03,1.277904102817598031e-02
8.780487804878047906e-03,3.333333333333333981e-03,4.847533632286994687e-03,1.277904102817598031e-02
8.780487804878047906e-03,3.333333333333333981e-03,4.847533632286994687e-03,1.277904102817598031e-02
8.780487804878047906e-03,3.333333333333333981e-03,4.847533632286994687e-03,1.277904102817598031e-02
8.780487804878047906e-03,3.333333333333333981e-03,4.847533632286994687e-03,1.277904102817598031e-02
8.780487804878047906e-03,3.333333333333333981e-03,4.847533632286994687e-03,1.277904102817598031e-02
8.780487804878047906e-03,3.333333333333333981e-03,4.847533632286994687e-03,1.277904102817598031e-02
8.780487804878047906e-03,3.333333333333333981e-03,4.847533632286994687e-03,1.277904102817598031e-02
8.780487804878047906e-03,3.333333333333333981e-03,4.847533632286994687e-03,1.277904102817598031e-02
8.780487804878047906e-03,3.333333333333333981e-03,4.847533632286994687e-03,1.277904102817598031e-02
8.780487804878047906e-03,3.333333333333333981e-03,4.847533632286994687e-03,1.277904102817598031e-02
8.780487804878047906e-03,3.333333333333333981e-03,4.847533632286994687e-03,1.277904102817598031e-02
8.780487804878047906e-03,3.333333333333333981e-03,4.847533632286994687e-03,1.277904102817598031e-02
8.780487804878047906e-03,3.333333333333333981e-03,4.847533632286994687e-03,1.277904102817598031e-02
8.780487804878047906e-03,3.333333333333333981e-03,4.847533632286994687e-03,1.277904102817598031e-02
8.780487804878047906e-03,3.333333333333333981e-03,4.847533632286994687e-03,1.277904102817598031e-02
8.780487804878047906e-03,3.333333333333333981e-03,4.847533632286994687e-03,1.277904102817598031e-02
8.780487804878047906e-03,3.333333333333333981e-03,4.847533632286994687e-03,1.277904102817598031e-02
8.780487804878047906e-03,3.333333333333333981e-03,4.847533632286994687e-03,1.277904102817598031e-02
8.780487804878047906e-03,3.333333333333333981e-03,4.847533632286994687e-03,1.277904102817598031e-02
8.780487804878047906e-03,3.333333333333333981e-03,4.847533632286994687e-03,1.277904102817598031e-02
8.780487804878047906e-03,3.333333333333333981e-03,4.847533632286994687e-03,1.277904102817598031e-02
8.780487804878047906e-03,3.333333333333333981e-03,4.847533632286994687e-03,1.277904102817598031e-02
8.780487804878047906e-03,3.333333333333333981e-03,4.847533632286994687e-03,1.277904102817598031e-02
8.780487804878047906e-03,3.333333333333333981e-03,4.847533632286994687e-03,1.277904102817598031e-02
8.780487804878047906e-03,3.333333333333333981e-03,4.847533632286994687e-03,1.277904102817598031e-02
8.780487804878047906e-03,3.333333333333333981e-03,4.847533632286994687e-03,1.277904102817598031e-02
8.780487804878047906e-03,3.333333333333333981e-03,4.847533632286994687e-03,1.277904102817598031e-02
8.780487804878047906e-03,3.333333333333333981e-03,4.847533632286994687e-03,1.277904102817598031e-02
8.780487804878047906e-03,3.333333333333333981e-03,4.847533632286994687e-03,1.277904102817598031e-02
8.780487804878047906e-03,3.333333333333333981e-03,4.847533632286994687e-03,1.277904102817598031e-02
8.780487804878047906e-03,3.333333333333333981e-03,4.847533632286994687e-03,1.277904102817598031e-02
8.780487804878047906e-03,3.333333333333333981e-03,4.847533632286994687e-03,1.277904102817598031e-02
8.780487804878047906e-03,3.333333333333333981e-03,4.847533632286994687e-03,1.277904102817598031e-02
8.780487804878047906e-03,3.333333333333333981e-03,4.847533632286994687e-03,1.277904102817598031e-02
8.780487804878047906e-03,3.333333333333333981e-03,4.847533632286994687e-03,1.277904102817598031e-02
8.780487804878047906e-03,3.333333333333333981e-03,4.847533632286994687e-03,1.277904102817598031e-02
8.780487804878047906e-03,3.333333333333333981e-03,4.847533632286994687e-03,1.277904102817598031e-02
8.780487804878047906e-03,3.333333333333333981e-03,4.847533632286994687e-03,1.277904102817598031e-02
8.780487804878047906e-03,3.333333333333333981e-03,4.847533632286994687e-03,1.277904102817598031e-02
8.780487804878047906e-03,3.333333333333333981e-03,4.847533632286994687e-03,1.277904102817598031e-02
8.780487804878047906e-03,3.333333333333333981e-03,4.847533632286994687e-03,1.277904102817598031e-02
8.780487804878047906e-03,3.333333333333333981e-03,4.847533632286994687e-03,1.277904102817598031e-02
8.780487804878047906e-03,3.333333333333333981e-03,4.847533632286994687e-03,1.277904102817598031e-02
8.780487804878047906e-03,3.333333333333333981e-03,4.847533632286994687e-03,1.277904102817598031e-02
8.780487804878047906e-03,3.333333333333333981e-03,4.847533632286994687e-03,1.277904102817598031e-02
8.780487804878047906e-03,3.333333333333333981e-03,4.847533632286994687e-03,1.277904102817598031e-02
8.780487804878047906e-03,3.333333333333333981e-03,4.847533632286994687e-03,1.277904102817598031e-02
8.780487804878047906e-03,3.333333333333333981e-03,4.847533632286994687e-03,1.277904102817598031e-02
8.780487804878047906e-03,3.333333333333333981e-03,4.847533632286994687e-03,1.277904102817598031e-02
8.780487804878047906e-03,3.333333333333333981e-03,4.847533632286994687e-03,1.277904102817598031e-02
8.780487804878047906e-03,3.333333333333333981e-03,4.847533632286994687e-03,1.277904102817598031e-02
8.780487804878047906e-03,3.333333333333333981e-03,4.847533632286994687e-03,1.277904102817598031e-02
8.780487804878047906e-03,3.333333333333333981e-03,4.847533632286994687e-03,1.277904102817598031e-02
8.780487804878047906e-03,3.333333333333333981e-03,4.847533632286994687e-03,1.277904102817598031e-02
8.780487804878047906e-03,3.333333333333333981e-03,4.847533632286994687e-03,1.277904102817598031e-02
8.780487804878047906e-03,3.333333333333333981e-03,4.847533632286994687e-03,1.277904102817598031e-02
8.780487804878047906e-03,3.333333333333333981e-03,4.847533632286994687e-03,1.277904102817598031e-02
8.780487804878047906e-03,3.333333333333333981e-03,4.847533632286994687e-03,1.277904102817598031e-02
8.780487804878047906e-03,3.333333333333333981e-03,4.847533632286994687e-03,1.277904102817598031e-02
8.780487804878047906e-03,3.333333333333333981e-03,4.847533632286994687e-03,1.277904102817598031e-02
8.780487804878047906e-03,3.333333333333333981e-03,4.847533632286994687e-03,1.277904102817598031e-02
8.780487804878047906e-03,3.333333333333333981e-03,4.847533632286994687e-03,1.277904102817598031e-02
8.780487804878047906e-03,3.333333333333333981e-03,4.847533632286994687e-03,1.277904102817598031e-02
8.780487804878047906e-03,3.333333333333333981e-03,4.847533632286994687e-03,1.277904102817598031e-02
8.780487804878047906e-03,3.333333333333333981e-03,4.847533632286994687e-03,1.277904102817598031e-02
8.780487804878047906e-03,3.333333333333333981e-03,4.847533632286994687e-03,1.277904102817598031e-02
8.780487804878047906e-03,3.333333333333333981e-03,4.847533632286994687e-03,1.277904102817598031e-02
8.780487804878047906e-03,3.333333333333333981e-03,4.847533632286994687e-03,1.277904102817598031e-02
8.780487804878047906e-03,3.333333333333333981e-03,4.847533632286994687e-03,1.277904102817598031e-02
8.780487804878047906e-03,3.333333333333333981e-03,4.847533632286994687e-03,1.277904102817598031e-02
8.780487804878047906e-03,3.333333333333333981e-03,4.847533632286994687e-03,1.277904102817598031e-02
8.780487804878047906e-03,3.333333333333333981e-03,4.847533632286994687e-03,1.277904102817598031e-02
8.780487804878047906e-03,3.333333333333333981e-03,4.847533632286994687e-03,1.277904102817598031e-02
8.780487804878047906e-03,3.333333333333333981e-03,4.847533632286994687e-03,1.277904102817598031e-02
8.780487804878047906e-03,3.333333333333333981e-03,4.847533632286994687e-03,1.277904102817598031e-02
8.780487804878047906e-03,3.333333333333333981e-03,4.847533632286994687e-03,1.277904102817598031e-02
8.780487804878047906e-03,3.333333333333333981e-03,4.847533632286994687e-03,1.277904102817598031e-02
8.780487804878047906e-03,3.333333333333333981e-03,4.847533632286994687e-03,1.277904102817598031e-02
8.780487804878047906e-03,3.333333333333333981e-03,4.847533632286994687e-03,1.277904102817598031e-02
8.780487804878047906e-03,3.333333333333333981e-03,4.847533632286994687e-03,1.277904102817598031e-02
8.780487804878047906e-03,3.333333333333333981e-03,4.847533632286994687e-03,1.277904102817598031e-02
8.780487804878047906e-03,3.333333333333333981e-03,4.847533632286994687e-03,1.277904102817598031e-02
8.780487804878047906e-03,3.333333333333333981e-03,4.847533632286994687e-03,1.277904102817598031e-02
8.780487804878047906e-03,3.333333333333333981e-03,4.847533632286994687e-03,1.277904102817598031e-02
8.780487804878047906e-03,3.333333333333333981e-03,4.847533632286994687e-03,1.277904102817598031e-02
8.780487804878047906e-03,3.333333333333333981e-03,4.847533632286994687e-03,1.277904102817598031e-02
8.780487804878047906e-03,3.333333333333333981e-03,4.847533632286994687e-03,1.277904102817598031e-02
8.780487804878047906e-03,3.333333333333333981e-03,4.847533632286994687e-03,1.277904102817598031e-02
8.780487804878047906e-03,3.333333333333333981e-03,4.847533632286994687e-03,1.277904102817598031e-02
8.780487804878047906e-03,3.333333333333333981e-03,4.847533632286994687e-03,1.277904102817598031e-02
8.780487804878047906e-03,3.333333333333333981e-03,4.847533632286994687e-03,1.277904102817598031e-02
8.780487804878047906e-03,3.333333333333333981e-03,4.847533632286994687e-03,1.277904102817598031e-02
8.780487804878047906e-03,3.333333333333333981e-03,4.847533632286994687e-03,1.277904102817598031e-02
8.780487804878047906e-03,3.333333333333333981e-03,4.847533632286994687e-03,1.277904102817598031e-02
8.780487804878047906e-03,3.333333333333333981e-03,4.847533632286994687e-03,1.277904102817598031e-02
8.780487804878047906e-03,3.333333333333333981e-03,4.847533632286994687e-03,1.277904102817598031e-02
8.780487804878047906e-03,3.333333333333333981e-03,4.847533632286994687e-03,1.277904102817598031e-02
8.780487804878047906e-03,3.333333333333333981e-03,4.847533632286994687e-03,1.277904102817598031e-02
8.780487804878047906e-03,3.333333333333333981e-03,4.847533632286994687e-03,1.277904102817598031e-02
8.780487804878047906e-03,3.333333333333333981e-03,4.847533632286994687e-03,1.277904102817598031e-02
8.780487804878047906e-03,3.333333333333333981e-03,4.847533632286994687e-03,1.277904102817598031e-02
8.780487804878047906e-03,3.333333333333333981e-03,4.847533632286994687e-03,1.277904102817598031e-02
8.780487804878047906e-03,3.333333333333333981e-03,4.847533632286994687e-03,1.277904102817598031e-02
8.780487804878047906e-03,3.333333333333333981e-03,4.847533632286994687e-03,1.277904102817598031e-02
8.780487804878047906e-03,3.333333333333333981e-03,4.847533632286994687e-03,1.277904102817598031e-02
8.780487804878047906e-03,3.333333333333333981e-03,4.847533632286994687e-03,1.277904102817598031e-02
8.780487804878047906e-03,3.333333333333333981e-03,4.847533632286994687e-03,1.277904102817598031e-02
8.780487804878047906e-03,3.333333333333333981e-03,4.847533632286994687e-03,1.277904102817598031e-02
8.780487804878047906e-03,3.333333333333333981e-03,4.847533632286994687e-03,1.277904102817598031e-02
8.780487804878047906e-03,3.333333333333333981e-03,4.847533632286994687e-03,1.277904102817598031e-02
8.780487804878047906e-03,3.333333333333333981e-03,4.847533632286994687e-03,1.277904102817598031e-02
8.780487804878047906e-03,3.333333333333333981e-03,4.847533632286994687e-03,1.277904102817598031e-02
8.780487804878047906e-03,3.333333333333333981e-03,4.847533632286994687e-03,1.277904102817598031e-02
8.780487804878047906e-03,3.333333333333333981e-03,4.847533632286994687e-03,1.277904102817598031e-02
8.780487804878047906e-03,3.333333333333333981e-03,4.847533632286994687e-03,1.277904102817598031e-02
8.780487804878047906e-03,3.333333333333333981e-03,4.847533632286994687e-03,1.277904102817598031e-02
8.780487804878047906e-03,3.333333333333333981e-03,4.847533632286994687e-03,1.277904102817598031e-02
8.780487804878047906e-03,3.333333333333333981e-03,4.847533632286994687e-03,1.277904102817598031e-02
8.780487804878047906e-03,3.333333333333333981e-03,4.847533632286994687e-03,1.277904102817598031e-02
8.780487804878047906e-03,3.333333333333333981e-03,4.847533632286994687e-03,1.277904102817598031e-02
8.780487804878047906e-03,3.333333333333333981e-03,4.847533632286994687e-03,1.277904102817598031e-02
8.780487804878047906e-03,3.333333333333333981e-03,4.847533632286994687e-03,1.277904102817598031e-02
8.780487804878047906e-03,3.333333333333333981e-03,4.847533632286994687e-03,1.277904102817598031e-02
8.780487804878047906e-03,3.333333333333333981e-03,4.847533632286994687e-03,1.277904102817598031e-02
8.780487804878047906e-03,3.333333333333333981e-03,4.847533632286994687e-03,1.277904102817598031e-02
8.780487804878047906e-03,3.333333333333333981e-03,4.847533632286994687e-03,1.277904102817598031e-02
8.780487804878047906e-03,3.333333333333333981e-03,4.847533632286994687e-03,1.277904102817598031e-02
8.780487804878047906e-03,3.333333333333333981e-03,4.847533632286994687e-03,1.277904102817598031e-02
8.780487804878047906e-03,3.333333333333333981e-03,4.847533632286994687e-03,1.277904102817598031e-02
8.780487804878047906e-03,3.333333333333333981e-03,4.847533632286994687e-03,1.277904102817598031e-02
8.780487804878047906e-03,3.333333333333333981e-03,4.847533632286994687e-03,1.277904102817598031e-02
8.780487804878047906e-03,3.333333333333333981e-03,4.847533632286994687e-03,1.277904102817598031e-02
8.780487804878047906e-03,3.333333333333333981e-03,4.847533632286994687e-03,1.277904102817598031e-02
8.780487804878047906e-03,3.333333333333333981e-03,4.847533632286994687e-03,1.277904102817598031e-02
8.780487804878047906e-03,3.333333333333333981e-03,4.847533632286994687e-03,1.277904102817598031e-02
8.780487804878047906e-03,3.333333333333333981e-03,4.847533632286994687e-03,1.277904102817598031e-02
8.780487804878047906e-03,3.333333333333333981e-03,4.847533632286994687e-03,1.277904102817598031e-02
8.780487804878047906e-03,3.333333333333333981e-03,4.847533632286994687e-03,1.277904102817598031e-02
8.780487804878047906e-03,3.333333333333333981e-03,4.847533632286994687e-03,1.277904102817598031e-02
8.780487804878047906e-03,3.333333333333333981e-03,4.847533632286994687e-03,1.277904102817598031e-02
8.780487804878047906e-03,3.333333333333333981e-03,4.847533632286994687e-03,1.277904102817598031e-02
8.780487804878047906e-03,3.333333333333333981e-03,4.847533632286994687e-03,1.277904102817598031e-02
8.780487804878047906e-03,3.333333333333333981e-03,4.847533632286994687e-03,1.277904102817598031e-02
8.780487804878047906e-03,3.333333333333333981e-03,4.847533632286994687e-03,1.277904102817598031e-02
8.780487804878047906e-03,3.333333333333333981e-03,4.847533632286994687e-03,1.277904102817598031e-02
8.780487804878047906e-03,3.333333333333333981e-03,4.847533632286994687e-03,1.277904102817598031e-02
8.780487804878047906e-03,3.333333333333333981e-03,4.847533632286994687e-03,1.277904102817598031e-02
8.780487804878047906e-03,3.333333333333333981e-03,4.847533632286994687e-03,1.277904102817598031e-02
8.780487804878047906e-03,3.333333333333333981e-03,4.847533632286994687e-03,1.277904102817598031e-02
8.780487804878047906e-03,3.333333333333333981e-03,4.847533632286994687e-03,1.277904102817598031e-02
8.780487804878047906e-03,3.333333333333333981e-03,4.847533632286994687e-03,1.277904102817598031e-02
8.780487804878047906e-03,3.333333333333333981e-03,4.847533632286994687e-03,1.277904102817598031e-02
8.780487804878047906e-03,3.333333333333333981e-03,4.847533632286994687e-03,1.277904102817598031e-02
8.780487804878047906e-03,3.333333333333333981e-03,4.847533632286994687e-03,1.277904102817598031e-02
8.780487804878047906e-03,3.333333333333333981e-03,4.847533632286994687e-03,1.277904102817598031e-02
8.780487804878047906e-03,3.333333333333333981e-03,4.847533632286994687e-03,1.277904102817598031e-02
8.780487804878047906e-03,3.333333333333333981e-03,4.847533632286994687e-03,1.277904102817598031e-02
8.780487804878047906e-03,3.333333333333333981e-03,4.847533632286994687e-03,1.277904102817598031e-02
8.780487804878047906e-03,3.333333333333333981e-03,4.847533632286994687e-03,1.277904102817598031e-02
8.780487804878047906e-03,3.333333333333333981e-03,4.847533632286994687e-03,1.277904102817598031e-02
8.780487804878047906e-03,3.333333333333333981e-03,4.847533632286994687e-03,1.277904102817598031e-02
8.780487804878047906e-03,3.333333333333333981e-03,4.847533632286994687e-03,1.277904102817598031e-02
8.780487804878047906e-03,3.333333333333333981e-03,4.847533632286994687e-03,1.277904102817598031e-02
8.780487804878047906e-03,3.333333333333333981e-03,4.847533632286994687e-03,1.277904102817598031e-02
8.780487804878047906e-03,3.333333333333333981e-03,4.847533632286994687e-03,1.277904102817598031e-02
8.780487804878047906e-03,3.333333333333333981e-03,4.847533632286994687e-03,1.277904102817598031e-02
8.780487804878047906e-03,3.333333333333333981e-03,4.847533632286994687e-03,1.277904102817598031e-02
8.780487804878047906e-03,3.333333333333333981e-03,4.847533632286994687e-03,1.277904102817598031e-02
8.780487804878047906e-03,3.333333333333333981e-03,4.847533632286994687e-03,1.277904102817598031e-02
8.780487804878047906e-03,3.333333333333333981e-03,4.847533632286994687e-03,1.277904102817598031e-02
8.780487804878047906e-03,3.333333333333333981e-03,4.847533632286994687e-03,1.277904102817598031e-02
8.780487804878047906e-03,3.333333333333333981e-03,4.847533632286994687e-03,1.277904102817598031e-02
8.780487804878047906e-03,3.333333333333333981e-03,4.847533632286994687e-03,1.277904102817598031e-02
8.780487804878047906e-03,3.333333333333333981e-03,4.847533632286994687e-03,1.277904102817598031e-02
8.780487804878047906e-03,3.333333333333333981e-03,4.847533632286994687e-03,1.277904102817598031e-02
8.780487804878047906e-03,3.333333333333333981e-03,4.847533632286994687e-03,1.277904102817598031e-02
8.780487804878047906e-03,3.333333333333333981e-03,4.847533632286994687e-03,1.277904102817598031e-02
8.780487804878047906e-03,3.333333333333333981e-03,4.847533632286994687e-03,1.277904102817598031e-02
8.780487804878047906e-03,3.333333333333333981e-03,4.847533632286994687e-03,1.277904102817598031e-02
8.780487804878047906e-03,3.333333333333333981e-03,4.847533632286994687e-03,1.277904102817598031e-02
8.780487804878047906e-03,3.333333333333333981e-03,4.847533632286994687e-03,1.277904102817598031e-02
8.780487804878047906e-03,3.333333333333333981e-03,4.847533632286994687e-03,1.277904102817598031e-02
8.780487804878047906e-03,3.333333333333333981e-03,4.847533632286994687e-03,1.277904102817598031e-02
8.780487804878047906e-03,3.333333333333333981e-03,4.847533632286994687e-03,1.277904102817598031e-02
8.780487804878047906e-03,3.333333333333333981e-03,4.847533632286994687e-03,1.277904102817598031e-02
8.780487804878047906e-03,3.333333333333333981e-03,4.847533632286994687e-03,1.277904102817598031e-02
8.780487804878047906e-03,3.333333333333333981e-03,4.847533632286994687e-03,1.277904102817598031e-02
8.780487804878047906e-03,3.333333333333333981e-03,4.847533632286994687e-03,1.277904102817598031e-02
8.780487804878047906e-03,3.333333333333333981e-03,4.847533632286994687e-03,1.277904102817598031e-02
8.780487804878047906e-03,3.333333333333333981e-03,4.847533632286994687e-03,1.277904102817598031e-02
8.780487804878047906e-03,3.333333333333333981e-03,4.847533632286994687e-03,1.277904102817598031e-02
8.780487804878047906e-03,3.333333333333333981e-03,4.847533632286994687e-03,1.277904102817598031e-02
8.780487804878047906e-03,3.333333333333333981e-03,4.847533632286994687e-03,1.277904102817598031e-02
8.780487804878047906e-03,3.333333333333333981e-03,4.847533632286994687e-03,1.277904102817598031e-02
8.780487804878047906e-03,3.333333333333333981e-03,4.847533632286994687e-03,1.277904102817598031e-02
8.780487804878047906e-03,3.333333333333333981e-03,4.847533632286994687e-03,1.277904102817598031e-02
8.780487804878047906e-03,3.333333333333333981e-03,4.847533632286994687e-03,1.277904102817598031e-02
8.780487804878047906e-03,3.333333333333333981e-03,4.847533632286994687e-03,1.277904102817598031e-02
8.780487804878047906e-03,3.333333333333333981e-03,4.847533632286994687e-03,1.277904102817598031e-02
8.780487804878047906e-03,3.333333333333333981e-03,4.847533632286994687e-03,1.277904102817598031e-02
8.780487804878047906e-03,3.333333333333333981e-03,4.847533632286994687e-03,1.277904102817598031e-02
8.780487804878047906e-03,3.333333333333333981e-03,4.847533632286994687e-03,1.277904102817598031e-02
8.780487804878047906e-03,3.333333333333333981e-03,4.847533632286994687e-03,1.277904102817598031e-02
8.780487804878047906e-03,3.333333333333333981e-03,4.847533632286994687e-03,1.277904102817598031e-02
8.780487804878047906e-03,3.333333333333333981e-03,4.847533632286994687e-03,1.277904102817598031e-02
8.780487804878047906e-03,3.333333333333333981e-03,4.847533632286994687e-03,1.277904102817598031e-02
8.780487804878047906e-03,3.333333333333333981e-03,4.847533632286994687e-03,1.277904102817598031e-02
8.780487804878047906e-03,3.333333333333333981e-03,4.847533632286994687e-03,1.277904102817598031e-02
8.780487804878047906e-03,3.333333333333333981e-03,4.847533632286994687e-03,1.277904102817598031e-02
8.780487804878047906e-03,3.333333333333333981e-03,4.847533632286994687e-03,1.277904102817598031e-02
8.780487804878047906e-03,3.333333333333333981e-03,4.847533632286994687e-03,1.277904102817598031e-02
8.780487804878047906e-03,3.333333333333333981e-03,4.847533632286994687e-03,1.277904102817598031e-02
8.780487804878047906e-03,3.333333333333333981e-03,4.847533632286994687e-03,1.277904102817598031e-02
8.780487804878047906e-03,3.333333333333333981e-03,4.847533632286994687e-03,1.277904102817598031e-02
8.780487804878047906e-03,3.333333333333333981e-03,4.847533632286994687e-03,1.277904102817598031e-02
8.780487804878047906e-03,3.333333333333333981e-03,4.847533632286994687e-03,1.277904102817598031e-02
8.780487804878047906e-03,3.333333333333333981e-03,4.847533632286994687e-03,1.277904102817598031e-02
8.780487804878047906e-03,3.333333333333333981e-03,4.847533632286994687e-03,1.277904102817598031e-02
8.780487804878047906e-03,3.333333333333333981e-03,4.847533632286994687e-03,1.277904102817598031e-02
8.780487804878047906e-03,3.333333333333333981e-03,4.847533632286994687e-03,1.277904102817598031e-02
8.780487804878047906e-03,3.333333333333333981e-03,4.847533632286994687e-03,1.277904102817598031e-02
8.780487804878047906e-03,3.333333333333333981e-03,4.847533632286994687e-03,1.277904102817598031e-02
8.780487804878047906e-03,3.333333333333333981e-03,4.847533632286994687e-03,1.277904102817598031e-02
8.780487804878047906e-03,3.333333333333333981e-03,4.847533632286994687e-03,1.277904102817598031e-02
8.780487804878047906e-03,3.333333333333333981e-03,4.847533632286994687e-03,1.277904102817598031e-02
8.780487804878047906e-03,3.333333333333333981e-03,4.847533632286994687e-03,1.277904102817598031e-02
8.780487804878047906e-03,3.333333333333333981e-03,4.847533632286994687e-03,1.277904102817598031e-02
8.780487804878047906e-03,3.333333333333333981e-03,4.847533632286994687e-03,1.277904102817598031e-02
8.780487804878047906e-03,3.333333333333333981e-03,4.847533632286994687e-03,1.277904102817598031e-02
8.780487804878047906e-03,3.333333333333333981e-03,4.847533632286994687e-03,1.277904102817598031e-02
8.780487804878047906e-03,3.333333333333333981e-03,4.847533632286994687e-03,1.277904102817598031e-02
8.780487804878047906e-03,3.333333333333333981e-03,4.847533632286994687e-03,1.277904102817598031e-02
8.780487804878047906e-03,3.333333333333333981e-03,4.847533632286994687e-03,1.277904102817598031e-02
8.780487804878047906e-03,3.333333333333333981e-03,4.847533632286994687e-03,1.277904102817598031e-02
8.780487804878047906e-03,3.333333333333333981e-03,4.847533632286994687e-03,1.277904102817598031e-02
8.780487804878047906e-03,3.333333333333333981e-03,4.847533632286994687e-03,1.277904102817598031e-02
8.780487804878047906e-03,3.333333333333333981e-03,4.847533632286994687e-03,1.277904102817598031e-02
8.780487804878047906e-03,3.333333333333333981e-03,4.847533632286994687e-03,1.277904102817598031e-02
8.780487804878047906e-03,3.333333333333333981e-03,4.847533632286994687e-03,1.277904102817598031e-02
8.780487804878047906e-03,3.333333333333333981e-03,4.847533632286994687e-03,1.277904102817598031e-02
8.780487804878047906e-03,3.333333333333333981e-03,4.847533632286994687e-03,1.277904102817598031e-02
8.780487804878047906e-03,3.333333333333333981e-03,4.847533632286994687e-03,1.277904102817598031e-02
8.780487804878047906e-03,3.333333333333333981e-03,4.847533632286994687e-03,1.277904102817598031e-02
8.780487804878047906e-03,3.333333333333333981e-03,4.847533632286994687e-03,1.277904102817598031e-02
8.780487804878047906e-03,3.333333333333333981e-03,4.847533632286994687e-03,1.277904102817598031e-02
8.780487804878047906e-03,3.333333333333333981e-03,4.847533632286994687e-03,1.277904102817598031e-02
8.780487804878047906e-03,3.333333333333333981e-03,4.847533632286994687e-03,1.277904102817598031e-02
8.780487804878047906e-03,3.333333333333333981e-03,4.847533632286994687e-03,1.277904102817598031e-02
8.780487804878047906e-03,3.333333333333333981e-03,4.847533632286994687e-03,1.277904102817598031e-02
8.780487804878047906e-03,3.333333333333333981e-03,4.847533632286994687e-03,1.277904102817598031e-02
8.780487804878047906e-03,3.333333333333333981e-03,4.847533632286994687e-03,1.277904102817598031e-02
8.780487804878047906e-03,3.333333333333333981e-03,4.847533632286994687e-03,1.277904102817598031e-02
8.780487804878047906e-03,3.333333333333333981e-03,4.847533632286994687e-03,1.277904102817598031e-02
8.780487804878047906e-03,3.333333333333333981e-03,4.847533632286994687e-03,1.277904102817598031e-02
8.780487804878047906e-03,3.333333333333333981e-03,4.847533632286994687e-03,1.277904102817598031e-02
8.780487804878047906e-03,3.333333333333333981e-03,4.847533632286994687e-03,1.277904102817598031e-02
8.780487804878047906e-03,3.333333333333333981e-03,4.847533632286994687e-03,1.277904102817598031e-02
8.780487804878047906e-03,3.333333333333333981e-03,4.847533632286994687e-03,1.277904102817598031e-02
8.780487804878047906e-03,3.333333333333333981e-03,4.847533632286994687e-03,1.277904102817598031e-02
8.780487804878047906e-03,3.333333333333333981e-03,4.847533632286994687e-03,1.277904102817598031e-02
8.780487804878047906e-03,3.333333333333333981e-03,4.847533632286994687e-03,1.277904102817598031e-02
8.780487804878047906e-03,3.333333333333333981e-03,4.847533632286994687e-03,1.277904102817598031e-02
8.780487804878047906e-03,3.333333333333333981e-03,4.847533632286994687e-03,1.277904102817598031e-02
8.780487804878047906e-03,3.333333333333333981e-03,4.847533632286994687e-03,1.277904102817598031e-02
8.780487804878047906e-03,3.333333333333333981e-03,4.847533632286994687e-03,1.277904102817598031e-02
8.780487804878047906e-03,3.333333333333333981e-03,4.847533632286994687e-03,1.277904102817598031e-02
8.780487804878047906e-03,3.333333333333333981e-03,4.847533632286994687e-03,1.277904102817598031e-02
8.780487804878047906e-03,3.333333333333333981e-03,4.847533632286994687e-03,1.277904102817598031e-02
8.780487804878047906e-03,3.333333333333333981e-03,4.847533632286994687e-03,1.277904102817598031e-02
8.780487804878047906e-03,3.333333333333333981e-03,4.847533632286994687e-03,1.277904102817598031e-02
8.780487804878047906e-03,3.333333333333333981e-03,4.847533632286994687e-03,1.277904102817598031e-02
8.780487804878047906e-03,3.333333333333333981e-03,4.847533632286994687e-03,1.277904102817598031e-02
8.780487804878047906e-03,3.333333333333333981e-03,4.847533632286994687e-03,1.277904102817598031e-02
8.780487804878047906e-03,3.333333333333333981e-03,4.847533632286994687e-03,1.277904102817598031e-02
8.780487804878047906e-03,3.333333333333333981e-03,4.847533632286994687e-03,1.277904102817598031e-02
8.780487804878047906e-03,3.333333333333333981e-03,4.847533632286994687e-03,1.277904102817598031e-02
8.780487804878047906e-03,3.333333333333333981e-03,4.847533632286994687e-03,1.277904102817598031e-02
8.780487804878047906e-03,3.333333333333333981e-03,4.847533632286994687e-03,1.277904102817598031e-02
8.780487804878047906e-03,3.333333333333333981e-03,4.847533632286994687e-03,1.277904102817598031e-02
8.780487804878047906e-03,3.333333333333333981e-03,4.847533632286994687e-03,1.277904102817598031e-02
8.780487804878047906e-03,3.333333333333333981e-03,4.847533632286994687e-03,1.277904102817598031e-02
8.780487804878047906e-03,3.333333333333333981e-03,4.847533632286994687e-03,1.277904102817598031e-02
8.780487804878047906e-03,3.333333333333333981e-03,4.847533632286994687e-03,1.277904102817598031e-02
8.780487804878047906e-03,3.333333333333333981e-03,4.847533632286994687e-03,1.277904102817598031e-02
8.780487804878047906e-03,3.333333333333333981e-03,4.847533632286994687e-03,1.277904102817598031e-02
8.780487804878047906e-03,3.333333333333333981e-03,4.847533632286994687e-03,1.277904102817598031e-02
8.780487804878047906e-03,3.333333333333333981e-03,4.847533632286994687e-03,1.277904102817598031e-02
8.780487804878047906e-03,3.333333333333333981e-03,4.847533632286994687e-03,1.277904102817598031e-02
8.780487804878047906e-03,3.333333333333333981e-03,4.847533632286994687e-03,1.277904102817598031e-02
8.780487804878047906e-03,3.333333333333333981e-03,4.847533632286994687e-03,1.277904102817598031e-02
8.780487804878047906e-03,3.333333333333333981e-03,4.847533632286994687e-03,1.277904102817598031e-02
8.780487804878047906e-03,3.333333333333333981e-03,4.847533632286994687e-03,1.277904102817598031e-02
8.780487804878047906e-03,3.333333333333333981e-03,4.847533632286994687e-03,1.277904102817598031e-02
8.780487804878047906e-03,3.333333333333333981e-03,4.847533632286994687e-03,1.277904102817598031e-02
8.780487804878047906e-03,3.333333333333333981e-03,4.847533632286994687e-03,1.277904102817598031e-02
8.780487804878047906e-03,3.333333333333333981e-03,4.847533632286994687e-03,1.277904102817598031e-02
8.780487804878047906e-03,3.333333333333333981e-03,4.847533632286994687e-03,1.277904102817598031e-02
8.780487804878047906e-03,3.333333333333333981e-03,4.847533632286994687e-03,1.277904102817598031e-02
8.780487804878047906e-03,3.333333333333333981e-03,4.847533632286994687e-03,1.277904102817598031e-02
8.780487804878047906e-03,3.333333333333333981e-03,4.847533632286994687e-03,1.277904102817598031e-02
8.780487804878047906e-03,3.333333333333333981e-03,4.847533632286994687e-03,1.277904102817598031e-02
8.780487804878047906e-03,3.333333333333333981e-03,4.847533632286994687e-03,1.277904102817598031e-02
8.780487804878047906e-03,3.333333333333333981e-03,4.847533632286994687e-03,1.277904102817598031e-02
8.780487804878047906e-03,3.333333333333333981e-03,4.847533632286994687e-03,1.277904102817598031e-02
8.780487804878047906e-03,3.333333333333333981e-03,4.847533632286994687e-03,1.277904102817598031e-02
8.780487804878047906e-03,3.333333333333333981e-03,4.847533632286994687e-03,1.277904102817598031e-02
8.780487804878047906e-03,3.333333333333333981e-03,4.847533632286994687e-03,1.277904102817598031e-02
8.780487804878047906e-03,3.333333333333333981e-03,4.847533632286994687e-03,1.277904102817598031e-02
8.780487804878047906e-03,3.333333333333333981e-03,4.847533632286994687e-03,1.277904102817598031e-02
8.780487804878047906e-03,3.333333333333333981e-03,4.847533632286994687e-03,1.277904102817598031e-02
8.780487804878047906e-03,3.333333333333333981e-03,4.847533632286994687e-03,1.277904102817598031e-02
8.780487804878047906e-03,3.333333333333333981e-03,4.847533632286994687e-03,1.277904102817598031e-02
8.780487804878047906e-03,3.333333333333333981e-03,4.847533632286994687e-03,1.277904102817598031e-02
8.780487804878047906e-03,3.333333333333333981e-03,4.847533632286994687e-03,1.277904102817598031e-02
8.780487804878047906e-03,3.333333333333333981e-03,4.847533632286994687e-03,1.277904102817598031e-02
8.780487804878047906e-03,3.333333333333333981e-03,4.847533632286994687e-03,1.277904102817598031e-02
8.780487804878047906e-03,3.333333333333333981e-03,4.847533632286994687e-03,1.277904102817598031e-02
8.780487804878047906e-03,3.333333333333333981e-03,4.847533632286994687e-03,1.277904102817598031e-02
8.780487804878047906e-03,3.333333333333333981e-03,4.847533632286994687e-03,1.277904102817598031e-02
8.780487804878047906e-03,3.333333333333333981e-03,4.847533632286994687e-03,1.277904102817598031e-02
8.780487804878047906e-03,3.333333333333333981e-03,4.847533632286994687e-03,1.277904102817598031e-02
8.780487804878047906e-03,3.333333333333333981e-03,4.847533632286994687e-03,1.277904102817598031e-02
8.780487804878047906e-03,3.333333333333333981e-03,4.847533632286994687e-03,1.277904102817598031e-02
8.780487804878047906e-03,3.333333333333333981e-03,4.847533632286994687e-03,1.277904102817598031e-02
8.780487804878047906e-03,3.333333333333333981e-03,4.847533632286994687e-03,1.277904102817598031e-02
8.780487804878047906e-03,3.333333333333333981e-03,4.847533632286994687e-03,1.277904102817598031e-02
8.780487804878047906e-03,3.333333333333333981e-03,4.847533632286994687e-03,1.277904102817598031e-02
8.780487804878047906e-03,3.333333333333333981e-03,4.847533632286994687e-03,1.277904102817598031e-02
8.780487804878047906e-03,3.333333333333333981e-03,4.847533632286994687e-03,1.277904102817598031e-02
8.780487804878047906e-03,3.333333333333333981e-03,4.847533632286994687e-03,1.277904102817598031e-02
8.780487804878047906e-03,3.333333333333333981e-03,4.847533632286994687e-03,1.277904102817598031e-02
8.780487804878047906e-03,3.333333333333333981e-03,4.847533632286994687e-03,1.277904102817598031e-02
8.780487804878047906e-03,3.333333333333333981e-03,4.847533632286994687e-03,1.277904102817598031e-02
8.780487804878047906e-03,3.333333333333333981e-03,4.847533632286994687e-03,1.277904102817598031e-02
8.780487804878047906e-03,3.333333333333333981e-03,4.847533632286994687e-03,1.277904102817598031e-02
8.780487804878047906e-03,3.333333333333333981e-03,4.847533632286994687e-03,1.277904102817598031e-02
8.780487804878047906e-03,3.333333333333333981e-03,4.847533632286994687e-03,1.277904102817598031e-02
8.780487804878047906e-03,3.333333333333333981e-03,4.847533632286994687e-03,1.277904102817598031e-02
8.780487804878047906e-03,3.333333333333333981e-03,4.847533632286994687e-03,1.277904102817598031e-02
8.780487804878047906e-03,3.333333333333333981e-03,4.847533632286994687e-03,1.277904102817598031e-02
8.780487804878047906e-03,3.333333333333333981e-03,4.847533632286994687e-03,1.277904102817598031e-02
8.780487804878047906e-03,3.333333333333333981e-03,4.847533632286994687e-03,1.277904102817598031e-02
8.780487804878047906e-03,3.333333333333333981e-03,4.847533632286994687e-03,1.277904102817598031e-02
8.780487804878047906e-03,3.333333333333333981e-03,4.847533632286994687e-03,1.277904102817598031e-02
8.780487804878047906e-03,3.333333333333333981e-03,4.847533632286994687e-03,1.277904102817598031e-02
8.780487804878047906e-03,3.333333333333333981e-03,4.847533632286994687e-03,1.277904102817598031e-02
8.780487804878047906e-03,3.333333333333333981e-03,4.847533632286994687e-03,1.277904102817598031e-02
8.780487804878047906e-03,3.333333333333333981e-03,4.847533632286994687e-03,1.277904102817598031e-02
8.780487804878047906e-03,3.333333333333333981e-03,4.847533632286994687e-03,1.277904102817598031e-02
8.780487804878047906e-03,3.333333333333333981e-03,4.847533632286994687e-03,1.277904102817598031e-02
8.780487804878047906e-03,3.333333333333333981e-03,4.847533632286994687e-03,1.277904102817598031e-02
8.780487804878047906e-03,3.333333333333333981e-03,4.847533632286994687e-03,1.277904102817598031e-02
8.780487804878047906e-03,3.333333333333333981e-03,4.847533632286994687e-03,1.277904102817598031e-02
8.780487804878047906e-03,3.333333333333333981e-03,4.847533632286994687e-03,1.277904102817598031e-02
8.780487804878047906e-03,3.333333333333333981e-03,4.847533632286994687e-03,1.277904102817598031e-02
8.780487804878047906e-03,3.333333333333333981e-03,4.847533632286994687e-03,1.277904102817598031e-02
8.780487804878047906e-03,3.333333333333333981e-03,4.847533632286994687e-03,1.277904102817598031e-02
8.780487804878047906e-03,3.333333333333333981e-03,4.847533632286994687e-03,1.277904102817598031e-02
8.780487804878047906e-03,3.333333333333333981e-03,4.847533632286994687e-03,1.277904102817598031e-02
8.780487804878047906e-03,3.333333333333333981e-03,4.847533632286994687e-03,1.277904102817598031e-02
8.780487804878047906e-03,3.333333333333333981e-03,4.847533632286994687e-03,1.277904102817598031e-02
8.780487804878047906e-03,3.333333333333333981e-03,4.847533632286994687e-03,1.277904102817598031e-02
8.780487804878047906e-03,3.333333333333333981e-03,4.847533632286994687e-03,1.277904102817598031e-02
8.780487804878047906e-03,3.333333333333333981e-03,4.847533632286994687e-03,1.277904102817598031e-02
8.780487804878047906e-03,3.333333333333333981e-03,4.847533632286994687e-03,1.277904102817598031e-02
8.780487804878047906e-03,3.333333333333333981e-03,4.847533632286994687e-03,1.277904102817598031e-02
8.780487804878047906e-03,3.333333333333333981e-03,4.847533632286994687e-03,1.277904102817598031e-02
8.780487804878047906e-03,3.333333333333333981e-03,4.847533632286994687e-03,1.277904102817598031e-02
8.780487804878047906e-03,3.333333333333333981e-03,4.847533632286994687e-03,1.277904102817598031e-02
8.780487804878047906e-03,3.333333333333333981e-03,4.847533632286994687e-03,1.277904102817598031e-02
8.780487804878047906e-03,3.333333333333333981e-03,4.847533632286994687e-03,1.277904102817598031e-02
8.780487804878047906e-03,3.333333333333333981e-03,4.847533632286994687e-03,1.277904102817598031e-02
8.780487804878047906e-03,3.333333333333333981e-03,4.847533632286994687e-03,1.277904102817598031e-02
8.780487804878047906e-03,3.333333333333333981e-03,4.847533632286994687e-03,1.277904102817598031e-02
8.780487804878047906e-03,3.333333333333333981e-03,4.847533632286994687e-03,1.277904102817598031e-02
8.780487804878047906e-03,3.333333333333333981e-03,4.847533632286994687e-03,1.277904102817598031e-02
8.780487804878047906e-03,3.333333333333333981e-03,4.847533632286994687e-03,1.277904102817598031e-02
8.780487804878047906e-03,3.333333333333333981e-03,4.847533632286994687e-03,1.277904102817598031e-02
8.780487804878047906e-03,3.333333333333333981e-03,4.847533632286994687e-03,1.277904102817598031e-02
8.780487804878047906e-03,3.333333333333333981e-03,4.847533632286994687e-03,1.277904102817598031e-02
8.780487804878047906e-03,3.333333333333333981e-03,4.847533632286994687e-03,1.277904102817598031e-02
8.780487804878047906e-03,3.333333333333333981e-03,4.847533632286994687e-03,1.277904102817598031e-02
8.780487804878047906e-03,3.333333333333333981e-03,4.847533632286994687e-03,1.277904102817598031e-02
8.780487804878047906e-03,3.333333333333333981e-03,4.847533632286994687e-03,1.277904102817598031e-02
8.780487804878047906e-03,3.333333333333333981e-03,4.847533632286994687e-03,1.277904102817598031e-02
8.780487804878047906e-03,3.333333333333333981e-03,4.847533632286994687e-03,1.277904102817598031e-02
8.780487804878047906e-03,3.333333333333333981e-03,4.847533632286994687e-03,1.277904102817598031e-02
8.780487804878047906e-03,3.333333333333333981e-03,4.847533632286994687e-03,1.277904102817598031e-02
8.780487804878047906e-03,3.333333333333333981e-03,4.847533632286994687e-03,1.277904102817598031e-02
8.780487804878047906e-03,3.333333333333333981e-03,4.847533632286994687e-03,1.277904102817598031e-02
8.780487804878047906e-03,3.333333333333333981e-03,4.847533632286994687e-03,1.277904102817598031e-02
8.780487804878047906e-03,3.333333333333333981e-03,4.847533632286994687e-03,1.277904102817598031e-02
8.780487804878047906e-03,3.333333333333333981e-03,4.847533632286994687e-03,1.277904102817598031e-02
8.780487804878047906e-03,3.333333333333333981e-03,4.847533632286994687e-03,1.277904102817598031e-02
8.780487804878047906e-03,3.333333333333333981e-03,4.847533632286994687e-03,1.277904102817598031e-02
8.780487804878047906e-03,3.333333333333333981e-03,4.847533632286994687e-03,1.277904102817598031e-02
8.780487804878047906e-03,3.333333333333333981e-03,4.847533632286994687e-03,1.277904102817598031e-02
8.780487804878047906e-03,3.333333333333333981e-03,4.847533632286994687e-03,1.277904102817598031e-02
8.780487804878047906e-03,3.333333333333333981e-03,4.847533632286994687e-03,1.277904102817598031e-02
8.780487804878047906e-03,3.333333333333333981e-03,4.847533632286994687e-03,1.277904102817598031e-02
8.780487804878047906e-03,3.333333333333333981e-03,4.847533632286994687e-03,1.277904102817598031e-02
8.780487804878047906e-03,3.333333333333333981e-03,4.847533632286994687e-03,1.277904102817598031e-02
8.780487804878047906e-03,3.333333333333333981e-03,4.847533632286994687e-03,1.277904102817598031e-02
8.780487804878047906e-03,3.333333333333333981e-03,4.847533632286994687e-03,1.277904102817598031e-02
8.780487804878047906e-03,3.333333333333333981e-03,4.847533632286994687e-03,1.277904102817598031e-02
8.780487804878047906e-03,3.333333333333333981e-03,4.847533632286994687e-03,1.277904102817598031e-02
8.780487804878047906e-03,3.333333333333333981e-03,4.847533632286994687e-03,1.277904102817598031e-02
8.780487804878047906e-03,3.333333333333333981e-03,4.847533632286994687e-03,1.277904102817598031e-02
8.780487804878047906e-03,3.333333333333333981e-03,4.847533632286994687e-03,1.277904102817598031e-02
8.780487804878047906e-03,3.333333333333333981e-03,4.847533632286994687e-03,1.277904102817598031e-02
8.780487804878047906e-03,3.333333333333333981e-03,4.847533632286994687e-03,1.277904102817598031e-02
8.780487804878047906e-03,3.333333333333333981e-03,4.847533632286994687e-03,1.277904102817598031e-02
8.780487804878047906e-03,3.333333333333333981e-03,4.847533632286994687e-03,1.277904102817598031e-02
8.780487804878047906e-03,3.333333333333333981e-03,4.847533632286994687e-03,1.277904102817598031e-02
8.780487804878047906e-03,3.333333333333333981e-03,4.847533632286994687e-03,1.277904102817598031e-02
8.780487804878047906e-03,3.333333333333333981e-03,4.847533632286994687e-03,1.277904102817598031e-02
8.780487804878047906e-03,3.333333333333333981e-03,4.847533632286994687e-03,1.277904102817598031e-02
8.780487804878047906e-03,3.333333333333333981e-03,4.847533632286994687e-03,1.277904102817598031e-02
8.780487804878047906e-03,3.333333333333333981e-03,4.847533632286994687e-03,1.277904102817598031e-02
8.780487804878047906e-03,3.333333333333333981e-03,4.847533632286994687e-03,1.277904102817598031e-02
8.780487804878047906e-03,3.333333333333333981e-03,4.847533632286994687e-03,1.277904102817598031e-02
8.780487804878047906e-03,3.333333333333333981e-03,4.847533632286994687e-03,1.277904102817598031e-02
8.780487804878047906e-03,3.333333333333333981e-03,4.847533632286994687e-03,1.277904102817598031e-02
8.780487804878047906e-03,3.333333333333333981e-03,4.847533632286994687e-03,1.277904102817598031e-02
8.780487804878047906e-03,3.333333333333333981e-03,4.847533632286994687e-03,1.277904102817598031e-02
8.780487804878047906e-03,3.333333333333333981e-03,4.847533632286994687e-03,1.277904102817598031e-02
8.780487804878047906e-03,3.333333333333333981e-03,4.847533632286994687e-03,1.277904102817598031e-02
8.780487804878047906e-03,3.333333333333333981e-03,4.847533632286994687e-03,1.277904102817598031e-02
8.780487804878047906e-03,3.333333333333333981e-03,4.847533632286994687e-03,1.277904102817598031e-02
8.780487804878047906e-03,3.333333333333333981e-03,4.847533632286994687e-03,1.277904102817598031e-02
8.780487804878047906e-03,3.333333333333333981e-03,4.847533632286994687e-03,1.277904102817598031e-02
8.780487804878047906e-03,3.333333333333333981e-03,4.847533632286994687e-03,1.277904102817598031e-02
8.780487804878047906e-03,3.333333333333333981e-03,4.847533632286994687e-03,1.277904102817598031e-02
8.780487804878047906e-03,3.333333333333333981e-03,4.847533632286994687e-03,1.277904102817598031e-02
8.780487804878047906e-03,3.333333333333333981e-03,4.847533632286994687e-03,1.277904102817598031e-02
8.780487804878047906e-03,3.333333333333333981e-03,4.847533632286994687e-03,1.277904102817598031e-02
8.780487804878047906e-03,3.333333333333333981e-03,4.847533632286994687e-03,1.277904102817598031e-02
8.780487804878047906e-03,3.333333333333333981e-03,4.847533632286994687e-03,1.277904102817598031e-02
8.780487804878047906e-03,3.333333333333333981e-03,4.847533632286994687e-03,1.277904102817598031e-02
8.780487804878047906e-03,3.333333333333333981e-03,4.847533632286994687e-03,1.277904102817598031e-02
8.780487804878047906e-03,3.333333333333333981e-03,4.847533632286994687e-03,1.277904102817598031e-02
8.780487804878047906e-03,3.333333333333333981e-03,4.847533632286994687e-03,1.277904102817598031e-02
8.780487804878047906e-03,3.333333333333333981e-03,4.847533632286994687e-03,1.277904102817598031e-02
8.780487804878047906e-03,3.333333333333333981e-03,4.847533632286994687e-03,1.277904102817598031e-02
8.780487804878047906e-03,3.333333333333333981e-03,4.847533632286994687e-03,1.277904102817598031e-02
8.780487804878047906e-03,3.333333333333333981e-03,4.847533632286994687e-03,1.277904102817598031e-02
8.780487804878047906e-03,3.333333333333333981e-03,4.847533632286994687e-03,1.277904102817598031e-02
8.780487804878047906e-03,3.333333333333333981e-03,4.847533632286994687e-03,1.277904102817598031e-02
8.780487804878047906e-03,3.333333333333333981e-03,4.847533632286994687e-03,1.277904102817598031e-02
8.780487804878047906e-03,3.333333333333333981e-03,4.847533632286994687e-03,1.277904102817598031e-02
8.780487804878047906e-03,3.333333333333333981e-03,4.847533632286994687e-03,1.277904102817598031e-02
8.780487804878047906e-03,3.333333333333333981e-03,4.847533632286994687e-03,1.277904102817598031e-02
8.780487804878047906e-03,3.333333333333333981e-03,4.847533632286994687e-03,1.277904102817598031e-02
8.780487804878047906e-03,3.333333333333333981e-03,4.847533632286994687e-03,1.277904102817598031e-02
8.780487804878047906e-03,3.333333333333333981e-03,4.847533632286994687e-03,1.277904102817598031e-02
8.780487804878047906e-03,3.333333333333333981e-03,4.847533632286994687e-03,1.277904102817598031e-02
8.780487804878047906e-03,3.333333333333333981e-03,4.847533632286994687e-03,1.277904102817598031e-02
8.780487804878047906e-03,3.333333333333333981e-03,4.847533632286994687e-03,1.277904102817598031e-02
8.780487804878047906e-03,3.333333333333333981e-03,4.847533632286994687e-03,1.277904102817598031e-02
8.780487804878047906e-03,3.333333333333333981e-03,4.847533632286994687e-03,1.277904102817598031e-02
8.780487804878047906e-03,3.333333333333333981e-03,4.847533632286994687e-03,1.277904102817598031e-02
8.780487804878047906e-03,3.333333333333333981e-03,4.847533632286994687e-03,1.277904102817598031e-02
8.780487804878047906e-03,3.333333333333333981e-03,4.847533632286994687e-03,1.277904102817598031e-02
8.780487804878047906e-03,3.333333333333333981e-03,4.847533632286994687e-03,1.277904102817598031e-02
8.780487804878047906e-03,3.333333333333333981e-03,4.847533632286994687e-03,1.277904102817598031e-02
8.780487804878047906e-03,3.333333333333333981e-03,4.847533632286994687e-03,1.277904102817598031e-02
8.780487804878047906e-03,3.333333333333333981e-03,4.847533632286994687e-03,1.277904102817598031e-02
8.780487804878047906e-03,3.333333333333333981e-03,4.847533632286994687e-03,1.277904102817598031e-02
8.780487804878047906e-03,3.333333333333333981e-03,4.847533632286994687e-03,1.277904102817598031e-02
8.780487804878047906e-03,3.333333333333333981e-03,4.847533632286994687e-03,1.277904102817598031e-02
8.780487804878047906e-03,3.333333333333333981e-03,4.847533632286994687e-03,1.277904102817598031e-02
8.780487804878047906e-03,3.333333333333333981e-03,4.847533632286994687e-03,1.277904102817598031e-02
8.780487804878047906e-03,3.333333333333333981e-03,4.847533632286994687e-03,1.277904102817598031e-02
8.780487804878047906e-03,3.333333333333333981e-03,4.847533632286994687e-03,1.277904102817598031e-02
8.780487804878047906e-03,3.333333333333333981e-03,4.847533632286994687e-03,1.277904102817598031e-02
8.780487804878047906e-03,3.333333333333333981e-03,4.847533632286994687e-03,1.277904102817598031e-02
8.780487804878047906e-03,3.333333333333333981e-03,4.847533632286994687e-03,1.277904102817598031e-02
8.780487804878047906e-03,3.333333333333333981e-03,4.847533632286994687e-03,1.277904102817598031e-02
8.780487804878047906e-03,3.333333333333333981e-03,4.847533632286994687e-03,1.277904102817598031e-02
8.780487804878047906e-03,3.333333333333333981e-03,4.847533632286994687e-03,1.277904102817598031e-02
8.780487804878047906e-03,3.333333333333333981e-03,4.847533632286994687e-03,1.277904102817598031e-02
8.780487804878047906e-03,3.333333333333333981e-03,4.847533632286994687e-03,1.277904102817598031e-02
8.780487804878047906e-03,3.333333333333333981e-03,4.847533632286994687e-03,1.277904102817598031e-02
8.780487804878047906e-03,3.333333333333333981e-03,4.847533632286994687e-03,1.277904102817598031e-02
8.780487804878047906e-03,3.333333333333333981e-03,4.847533632286994687e-03,1.277904102817598031e-02
8.780487804878047906e-03,3.333333333333333981e-03,4.847533632286994687e-03,1.277904102817598031e-02
8.780487804878047906e-03,3.333333333333333981e-03,4.847533632286994687e-03,1.277904102817598031e-02
8.780487804878047906e-03,3.333333333333333981e-03,4.847533632286994687e-03,1.277904102817598031e-02
8.780487804878047906e-03,3.333333333333333981e-03,4.847533632286994687e-03,1.277904102817598031e-02
8.780487804878047906e-03,3.333333333333333981e-03,4.847533632286994687e-03,1.277904102817598031e-02
8.780487804878047906e-03,3.333333333333333981e-03,4.847533632286994687e-03,1.277904102817598031e-02
8.780487804878047906e-03,3.333333333333333981e-03,4.847533632286994687e-03,1.277904102817598031e-02
8.780487804878047906e-03,3.333333333333333981e-03,4.847533632286994687e-03,1.277904102817598031e-02
8.780487804878047906e-03,3.333333333333333981e-03,4.847533632286994687e-03,1.277904102817598031e-02
8.780487804878047906e-03,3.333333333333333981e-03,4.847533632286994687e-03,1.277904102817598031e-02
8.780487804878047906e-03,3.333333333333333981e-03,4.847533632286994687e-03,1.277904102817598031e-02
8.780487804878047906e-03,3.333333333333333981e-03,4.847533632286994687e-03,1.277904102817598031e-02
8.780487804878047906e-03,3.333333333333333981e-03,4.847533632286994687e-03,1.277904102817598031e-02
8.780487804878047906e-03,3.333333333333333981e-03,4.847533632286994687e-03,1.277904102817598031e-02
8.780487804878047906e-03,3.333333333333333981e-03,4.847533632286994687e-03,1.277904102817598031e-02
8.780487804878047906e-03,3.333333333333333981e-03,4.847533632286994687e-03,1.277904102817598031e-02
8.780487804878047906e-03,3.333333333333333981e-03,4.847533632286994687e-03,1.277904102817598031e-02
8.780487804878047906e-03,3.333333333333333981e-03,4.847533632286994687e-03,1.277904102817598031e-02
8.780487804878047906e-03,3.333333333333333981e-03,4.847533632286994687e-03,1.277904102817598031e-02
8.780487804878047906e-03,3.333333333333333981e-03,4.847533632286994687e-03,1.277904102817598031e-02
8.780487804878047906e-03,3.333333333333333981e-03,4.847533632286994687e-03,1.277904102817598031e-02
8.780487804878047906e-03,3.333333333333333981e-03,4.847533632286994687e-03,1.277904102817598031e-02
8.780487804878047906e-03,3.333333333333333981e-03,4.847533632286994687e-03,1.277904102817598031e-02
8.780487804878047906e-03,3.333333333333333981e-03,4.847533632286994687e-03,1.277904102817598031e-02
8.780487804878047906e-03,3.333333333333333981e-03,4.847533632286994687e-03,1.277904102817598031e-02
8.780487804878047906e-03,3.333333333333333981e-03,4.847533632286994687e-03,1.277904102817598031e-02
8.780487804878047906e-03,3.333333333333333981e-03,4.847533632286994687e-03,1.277904102817598031e-02
8.780487804878047906e-03,3.333333333333333981e-03,4.847533632286994687e-03,1.277904102817598031e-02
8.780487804878047906e-03,3.333333333333333981e-03,4.847533632286994687e-03,1.277904102817598031e-02
8.780487804878047906e-03,3.333333333333333981e-03,4.847533632286994687e-03,1.277904102817598031e-02
8.780487804878047906e-03,3.333333333333333981e-03,4.847533632286994687e-03,1.277904102817598031e-02
8.780487804878047906e-03,3.333333333333333981e-03,4.847533632286994687e-03,1.277904102817598031e-02
8.780487804878047906e-03,3.333333333333333981e-03,4.847533632286994687e-03,1.277904102817598031e-02
8.780487804878047906e-03,3.333333333333333981e-03,4.847533632286994687e-03,1.277904102817598031e-02
8.780487804878047906e-03,3.333333333333333981e-03,4.847533632286994687e-03,1.277904102817598031e-02
8.780487804878047906e-03,3.333333333333333981e-03,4.847533632286994687e-03,1.277904102817598031e-02
8.780487804878047906e-03,3.333333333333333981e-03,4.847533632286994687e-03,1.277904102817598031e-02
8.780487804878047906e-03,3.333333333333333981e-03,4.847533632286994687e-03,1.277904102817598031e-02
8.780487804878047906e-03,3.333333333333333981e-03,4.847533632286994687e-03,1.277904102817598031e-02
8.780487804878047906e-03,3.333333333333333981e-03,4.847533632286994687e-03,1.277904102817598031e-02
8.780487804878047906e-03,3.333333333333333981e-03,4.847533632286994687e-03,1.277904102817598031e-02
8.780487804878047906e-03,3.333333333333333981e-03,4.847533632286994687e-03,1.277904102817598031e-02
8.780487804878047906e-03,3.333333333333333981e-03,4.847533632286994687e-03,1.277904102817598031e-02
8.780487804878047906e-03,3.333333333333333981e-03,4.847533632286994687e-03,1.277904102817598031e-02
8.780487804878047906e-03,3.333333333333333981e-03,4.847533632286994687e-03,1.277904102817598031e-02
8.780487804878047906e-03,3.333333333333333981e-03,4.847533632286994687e-03,1.277904102817598031e-02
8.780487804878047906e-03,3.333333333333333981e-03,4.847533632286994687e-03,1.277904102817598031e-02
8.780487804878047906e-03,3.333333333333333981e-03,4.847533632286994687e-03,1.277904102817598031e-02
8.780487804878047906e-03,3.333333333333333981e-03,4.847533632286994687e-03,1.277904102817598031e-02
8.780487804878047906e-03,3.333333333333333981e-03,4.847533632286994687e-03,1.277904102817598031e-02
8.780487804878047906e-03,3.333333333333333981e-03,4.847533632286994687e-03,1.277904102817598031e-02
8.780487804878047906e-03,3.333333333333333981e-03,4.847533632286994687e-03,1.277904102817598031e-02
8.780487804878047906e-03,3.333333333333333981e-03,4.847533632286994687e-03,1.277904102817598031e-02
8.780487804878047906e-03,3.333333333333333981e-03,4.847533632286994687e-03,1.277904102817598031e-02
8.780487804878047906e-03,3.333333333333333981e-03,4.847533632286994687e-03,1.277904102817598031e-02
8.780487804878047906e-03,3.333333333333333981e-03,4.847533632286994687e-03,1.277904102817598031e-02
8.780487804878047906e-03,3.333333333333333981e-03,4.847533632286994687e-03,1.277904102817598031e-02
8.780487804878047906e-03,3.333333333333333981e-03,4.847533632286994687e-03,1.277904102817598031e-02
8.780487804878047906e-03,3.333333333333333981e-03,4.847533632286994687e-03,1.277904102817598031e-02
8.780487804878047906e-03,3.333333333333333981e-03,4.847533632286994687e-03,1.277904102817598031e-02
8.780487804878047906e-03,3.333333333333333981e-03,4.847533632286994687e-03,1.277904102817598031e-02
8.780487804878047906e-03,3.333333333333333981e-03,4.847533632286994687e-03,1.277904102817598031e-02
8.780487804878047906e-03,3.333333333333333981e-03,4.847533632286994687e-03,1.277904102817598031e-02
8.780487804878047906e-03,3.333333333333333981e-03,4.847533632286994687e-03,1.277904102817598031e-02
8.780487804878047906e-03,3.333333333333333981e-03,4.847533632286994687e-03,1.277904102817598031e-02
8.780487804878047906e-03,3.333333333333333981e-03,4.847533632286994687e-03,1.277904102817598031e-02
8.780487804878047906e-03,3.333333333333333981e-03,4.847533632286994687e-03,1.277904102817598031e-02
8.780487804878047906e-03,3.333333333333333981e-03,4.847533632286994687e-03,1.277904102817598031e-02
8.780487804878047906e-03,3.333333333333333981e-03,4.847533632286994687e-03,1.277904102817598031e-02
8.780487804878047906e-03,3.333333333333333981e-03,4.847533632286994687e-03,1.277904102817598031e-02
8.780487804878047906e-03,3.333333333333333981e-03,4.847533632286994687e-03,1.277904102817598031e-02
8.780487804878047906e-03,3.333333333333333981e-03,4.847533632286994687e-03,1.277904102817598031e-02
8.780487804878047906e-03,3.333333333333333981e-03,4.847533632286994687e-03,1.277904102817598031e-02
8.780487804878047906e-03,3.333333333333333981e-03,4.847533632286994687e-03,1.277904102817598031e-02
8.780487804878047906e-03,3.333333333333333981e-03,4.847533632286994687e-03,1.277904102817598031e-02
8.780487804878047906e-03,3.333333333333333981e-03,4.847533632286994687e-03,1.277904102817598031e-02
8.780487804878047906e-03,3.333333333333333981e-03,4.847533632286994687e-03,1.277904102817598031e-02
8.780487804878047906e-03,3.333333333333333981e-03,4.847533632286994687e-03,1.277904102817598031e-02
8.780487804878047906e-03,3.333333333333333981e-03,4.847533632286994687e-03,1.277904102817598031e-02
8.780487804878047906e-03,3.333333333333333981e-03,4.847533632286994687e-03,1.277904102817598031e-02
8.780487804878047906e-03,3.333333333333333981e-03,4.847533632286994687e-03,1.277904102817598031e-02
8.780487804878047906e-03,3.333333333333333981e-03,4.847533632286994687e-03,1.277904102817598031e-02
8.780487804878047906e-03,3.333333333333333981e-03,4.847533632286994687e-03,1.277904102817598031e-02
8.780487804878047906e-03,3.333333333333333981e-03,4.847533632286994687e-03,1.277904102817598031e-02
8.780487804878047906e-03,3.333333333333333981e-03,4.847533632286994687e-03,1.277904102817598031e-02
8.780487804878047906e-03,3.333333333333333981e-03,4.847533632286994687e-03,1.277904102817598031e-02
8.780487804878047906e-03,3.333333333333333981e-03,4.847533632286994687e-03,1.277904102817598031e-02
8.780487804878047906e-03,3.333333333333333981e-03,4.847533632286994687e-03,1.277904102817598031e-02
8.780487804878047906e-03,3.333333333333333981e-03,4.847533632286994687e-03,1.277904102817598031e-02
8.780487804878047906e-03,3.333333333333333981e-03,4.847533632286994687e-03,1.277904102817598031e-02
8.780487804878047906e-03,3.333333333333333981e-03,4.847533632286994687e-03,1.277904102817598031e-02
8.780487804878047906e-03,3.333333333333333981e-03,4.847533632286994687e-03,1.277904102817598031e-02
8.780487804878047906e-03,3.333333333333333981e-03,4.847533632286994687e-03,1.277904102817598031e-02
8.780487804878047906e-03,3.333333333333333981e-03,4.847533632286994687e-03,1.277904102817598031e-02
8.780487804878047906e-03,3.333333333333333981e-03,4.847533632286994687e-03,1.277904102817598031e-02
8.780487804878047906e-03,3.333333333333333981e-03,4.847533632286994687e-03,1.277904102817598031e-02
8.780487804878047906e-03,3.333333333333333981e-03,4.847533632286994687e-03,1.277904102817598031e-02
8.780487804878047906e-03,3.333333333333333981e-03,4.847533632286994687e-03,1.277904102817598031e-02
8.780487804878047906e-03,3.333333333333333981e-03,4.847533632286994687e-03,1.277904102817598031e-02
8.780487804878047906e-03,3.333333333333333981e-03,4.847533632286994687e-03,1.277904102817598031e-02
8.780487804878047906e-03,3.333333333333333981e-03,4.847533632286994687e-03,1.277904102817598031e-02
8.780487804878047906e-03,3.333333333333333981e-03,4.847533632286994687e-03,1.277904102817598031e-02
8.780487804878047906e-03,3.333333333333333981e-03,4.847533632286994687e-03,1.277904102817598031e-02
8.780487804878047906e-03,3.333333333333333981e-03,4.847533632286994687e-03,1.277904102817598031e-02
8.780487804878047906e-03,3.333333333333333981e-03,4.847533632286994687e-03,1.277904102817598031e-02
8.780487804878047906e-03,3.333333333333333981e-03,4.847533632286994687e-03,1.277904102817598031e-02
8.780487804878047906e-03,3.333333333333333981e-03,4.847533632286994687e-03,1.277904102817598031e-02
8.780487804878047906e-03,3.333333333333333981e-03,4.847533632286994687e-03,1.277904102817598031e-02
8.780487804878047906e-03,3.333333333333333981e-03,4.847533632286994687e-03,1.277904102817598031e-02
8.780487804878047906e-03,3.333333333333333981e-03,4.847533632286994687e-03,1.277904102817598031e-02
8.780487804878047906e-03,3.333333333333333981e-03,4.847533632286994687e-03,1.277904102817598031e-02
8.780487804878047906e-03,3.333333333333333981e-03,4.847533632286994687e-03,1.277904102817598031e-02
8.780487804878047906e-03,3.333333333333333981e-03,4.847533632286994687e-03,1.277904102817598031e-02
8.780487804878047906e-03,3.333333333333333981e-03,4.847533632286994687e-03,1.277904102817598031e-02
8.780487804878047906e-03,3.333333333333333981e-03,4.847533632286994687e-03,1.277904102817598031e-02
8.780487804878047906e-03,3.333333333333333981e-03,4.847533632286994687e-03,1.277904102817598031e-02
8.780487804878047906e-03,3.333333333333333981e-03,4.847533632286994687e-03,1.277904102817598031e-02
8.780487804878047906e-03,3.333333333333333981e-03,4.847533632286994687e-03,1.277904102817598031e-02
8.780487804878047906e-03,3.333333333333333981e-03,4.847533632286994687e-03,1.277904102817598031e-02
8.780487804878047906e-03,3.333333333333333981e-03,4.847533632286994687e-03,1.277904102817598031e-02
8.780487804878047906e-03,3.333333333333333981e-03,4.847533632286994687e-03,1.277904102817598031e-02
8.780487804878047906e-03,3.333333333333333981e-03,4.847533632286994687e-03,1.277904102817598031e-02
8.780487804878047906e-03,3.333333333333333981e-03,4.847533632286994687e-03,1.277904102817598031e-02
8.780487804878047906e-03,3.333333333333333981e-03,4.847533632286994687e-03,1.277904102817598031e-02
8.780487804878047906e-03,3.333333333333333981e-03,4.847533632286994687e-03,1.277904102817598031e-02
8.780487804878047906e-03,3.333333333333333981e-03,4.847533632286994687e-03,1.277904102817598031e-02
8.780487804878047906e-03,3.333333333333333981e-03,4.847533632286994687e-03,1.277904102817598031e-02
8.780487804878047906e-03,3.333333333333333981e-03,4.847533632286994687e-03,1.277904102817598031e-02
8.780487804878047906e-03,3.333333333333333981e-03,4.847533632286994687e-03,1.277904102817598031e-02
8.780487804878047906e-03,3.333333333333333981e-03,4.847533632286994687e-03,1.277904102817598031e-02
8.780487804878047906e-03,3.333333333333333981e-03,4.847533632286994687e-03,1.277904102817598031e-02
8.780487804878047906e-03,3.333333333333333981e-03,4.847533632286994687e-03,1.277904102817598031e-02
8.780487804878047906e-03,3.333333333333333981e-03,4.847533632286994687e-03,1.277904102817598031e-02
8.780487804878047906e-03,3.333333333333333981e-03,4.847533632286994687e-03,1.277904102817598031e-02
8.780487804878047906e-03,3.333333333333333981e-03,4.847533632286994687e-03,1.277904102817598031e-02
8.780487804878047906e-03,3.333333333333333981e-03,4.847533632286994687e-03,1.277904102817598031e-02
8.780487804878047906e-03,3.333333333333333981e-03,4.847533632286994687e-03,1.277904102817598031e-02
8.780487804878047906e-03,3.333333333333333981e-03,4.847533632286994687e-03,1.277904102817598031e-02
8.780487804878047906e-03,3.333333333333333981e-03,4.847533632286994687e-03,1.277904102817598031e-02
8.780487804878047906e-03,3.333333333333333981e-03,4.847533632286994687e-03,1.277904102817598031e-02
8.780487804878047906e-03,3.333333333333333981e-03,4.847533632286994687e-03,1.277904102817598031e-02
8.780487804878047906e-03,3.333333333333333981e-03,4.847533632286994687e-03,1.277904102817598031e-02
8.780487804878047906e-03,3.333333333333333981e-03,4.847533632286994687e-03,1.277904102817598031e-02
8.780487804878047906e-03,3.333333333333333981e-03,4.847533632286994687e-03,1.277904102817598031e-02
8.780487804878047906e-03,3.333333333333333981e-03,4.847533632286994687e-03,1.277904102817598031e-02
8.780487804878047906e-03,3.333333333333333981e-03,4.847533632286994687e-03,1.277904102817598031e-02
8.780487804878047906e-03,3.333333333333333981e-03,4.847533632286994687e-03,1.277904102817598031e-02
8.780487804878047906e-03,3.333333333333333981e-03,4.847533632286994687e-03,1.277904102817598031e-02
8.780487804878047906e-03,3.333333333333333981e-03,4.847533632286994687e-03,1.277904102817598031e-02
8.780487804878047906e-03,3.333333333333333981e-03,4.847533632286994687e-03,1.277904102817598031e-02
8.780487804878047906e-03,3.333333333333333981e-03,4.847533632286994687e-03,1.277904102817598031e-02
8.780487804878047906e-03,3.333333333333333981e-03,4.847533632286994687e-03,1.277904102817598031e-02
8.780487804878047906e-03,3.333333333333333981e-03,4.847533632286994687e-03,1.277904102817598031e-02
8.780487804878047906e-03,3.333333333333333981e-03,4.847533632286994687e-03,1.277904102817598031e-02
8.780487804878047906e-03,3.333333333333333981e-03,4.847533632286994687e-03,1.277904102817598031e-02
8.780487804878047906e-03,3.333333333333333981e-03,4.847533632286994687e-03,1.277904102817598031e-02
8.780487804878047906e-03,3.333333333333333981e-03,4.847533632286994687e-03,1.277904102817598031e-02
8.780487804878047906e-03,3.333333333333333981e-03,4.847533632286994687e-03,1.277904102817598031e-02
8.780487804878047906e-03,3.333333333333333981e-03,4.847533632286994687e-03,1.277904102817598031e-02
8.780487804878047906e-03,3.333333333333333981e-03,4.847533632286994687e-03,1.277904102817598031e-02
8.780487804878047906e-03,3.333333333333333981e-03,4.847533632286994687e-03,1.277904102817598031e-02
8.780487804878047906e-03,3.333333333333333981e-03,4.847533632286994687e-03,1.277904102817598031e-02
8.780487804878047906e-03,3.333333333333333981e-03,4.847533632286994687e-03,1.277904102817598031e-02
8.780487804878047906e-03,3.333333333333333981e-03,4.847533632286994687e-03,1.277904102817598031e-02
8.780487804878047906e-03,3.333333333333333981e-03,4.847533632286994687e-03,1.277904102817598031e-02
8.780487804878047906e-03,3.333333333333333981e-03,4.847533632286994687e-03,1.277904102817598031e-02
8.780487804878047906e-03,3.333333333333333981e-03,4.847533632286994687e-03,1.277904102817598031e-02
8.780487804878047906e-03,3.333333333333333981e-03,4.847533632286994687e-03,1.277904102817598031e-02
8.780487804878047906e-03,3.333333333333333981e-03,4.847533632286994687e-03,1.277904102817598031e-02
8.780487804878047906e-03,3.333333333333333981e-03,4.847533632286994687e-03,1.277904102817598031e-02
8.780487804878047906e-03,3.333333333333333981e-03,4.847533632286994687e-03,1.277904102817598031e-02
8.780487804878047906e-03,3.333333333333333981e-03,4.847533632286994687e-03,1.277904102817598031e-02
8.780487804878047906e-03,3.333333333333333981e-03,4.847533632286994687e-03,1.277904102817598031e-02
8.780487804878047906e-03,3.333333333333333981e-03,4.847533632286994687e-03,1.277904102817598031e-02
8.780487804878047906e-03,3.333333333333333981e-03,4.847533632286994687e-03,1.277904102817598031e-02
8.780487804878047906e-03,3.333333333333333981e-03,4.847533632286994687e-03,1.277904102817598031e-02
8.780487804878047906e-03,3.333333333333333981e-03,4.847533632286994687e-03,1.277904102817598031e-02
8.780487804878047906e-03,3.333333333333333981e-03,4.847533632286994687e-03,1.277904102817598031e-02
8.780487804878047906e-03,3.333333333333333981e-03,4.847533632286994687e-03,1.277904102817598031e-02
8.780487804878047906e-03,3.333333333333333981e-03,4.847533632286994687e-03,1.277904102817598031e-02
8.780487804878047906e-03,3.333333333333333981e-03,4.847533632286994687e-03,1.277904102817598031e-02
8.780487804878047906e-03,3.333333333333333981e-03,4.847533632286994687e-03,1.277904102817598031e-02
8.780487804878047906e-03,3.333333333333333981e-03,4.847533632286994687e-03,1.277904102817598031e-02
8.780487804878047906e-03,3.333333333333333981e-03,4.847533632286994687e-03,1.277904102817598031e-02
8.780487804878047906e-03,3.333333333333333981e-03,4.847533632286994687e-03,1.277904102817598031e-02
8.780487804878047906e-03,3.333333333333333981e-03,4.847533632286994687e-03,1.277904102817598031e-02
8.780487804878047906e-03,3.333333333333333981e-03,4.847533632286994687e-03,1.277904102817598031e-02
8.780487804878047906e-03,3.333333333333333981e-03,4.847533632286994687e-03,1.277904102817598031e-02
8.780487804878047906e-03,3.333333333333333981e-03,4.847533632286994687e-03,1.277904102817598031e-02
8.780487804878047906e-03,3.333333333333333981e-03,4.847533632286994687e-03,1.277904102817598031e-02
8.780487804878047906e-03,3.333333333333333981e-03,4.847533632286994687e-03,1.277904102817598031e-02
8.780487804878047906e-03,3.333333333333333981e-03,4.847533632286994687e-03,1.277904102817598031e-02
8.780487804878047906e-03,3.333333333333333981e-03,4.847533632286994687e-03,1.277904102817598031e-02
8.780487804878047906e-03,3.333333333333333981e-03,4.847533632286994687e-03,1.277904102817598031e-02
8.780487804878047906e-03,3.333333333333333981e-03,4.847533632286994687e-03,1.277904102817598031e-02
8.780487804878047906e-03,3.333333333333333981e-03,4.847533632286994687e-03,1.277904102817598031e-02
8.780487804878047906e-03,3.333333333333333981e-03,4.847533632286994687e-03,1.277904102817598031e-02
8.780487804878047906e-03,3.333333333333333981e-03,4.847533632286994687e-03,1.277904102817598031e-02
8.780487804878047906e-03,3.333333333333333981e-03,4.847533632286994687e-03,1.277904102817598031e-02
8.780487804878047906e-03,3.333333333333333981e-03,4.847533632286994687e-03,1.277904102817598031e-02
8.780487804878047906e-03,3.333333333333333981e-03,4.847533632286994687e-03,1.277904102817598031e-02
8.780487804878047906e-03,3.333333333333333981e-03,4.847533632286994687e-03,1.277904102817598031e-02
8.780487804878047906e-03,3.333333333333333981e-03,4.847533632286994687e-03,1.277904102817598031e-02
8.780487804878047906e-03,3.333333333333333981e-03,4.847533632286994687e-03,1.277904102817598031e-02
8.780487804878047906e-03,3.333333333333333981e-03,4.847533632286994687e-03,1.277904102817598031e-02
8.780487804878047906e-03,3.333333333333333981e-03,4.847533632286994687e-03,1.277904102817598031e-02
8.780487804878047906e-03,3.333333333333333981e-03,4.847533632286994687e-03,1.277904102817598031e-02
8.780487804878047906e-03,3.333333333333333981e-03,4.847533632286994687e-03,1.277904102817598031e-02
8.780487804878047906e-03,3.333333333333333981e-03,4.847533632286994687e-03,1.277904102817598031e-02
8.780487804878047906e-03,3.333333333333333981e-03,4.847533632286994687e-03,1.277904102817598031e-02
8.780487804878047906e-03,3.333333333333333981e-03,4.847533632286994687e-03,1.277904102817598031e-02
8.780487804878047906e-03,3.333333333333333981e-03,4.847533632286994687e-03,1.277904102817598031e-02
8.780487804878047906e-03,3.333333333333333981e-03,4.847533632286994687e-03,1.277904102817598031e-02
8.780487804878047906e-03,3.333333333333333981e-03,4.847533632286994687e-03,1.277904102817598031e-02
8.780487804878047906e-03,3.333333333333333981e-03,4.847533632286994687e-03,1.277904102817598031e-02
8.780487804878047906e-03,3.333333333333333981e-03,4.847533632286994687e-03,1.277904102817598031e-02
8.780487804878047906e-03,3.333333333333333981e-03,4.847533632286994687e-03,1.277904102817598031e-02
8.780487804878047906e-03,3.333333333333333981e-03,4.847533632286994687e-03,1.277904102817598031e-02
8.780487804878047906e-03,3.333333333333333981e-03,4.847533632286994687e-03,1.277904102817598031e-02
8.780487804878047906e-03,3.333333333333333981e-03,4.847533632286994687e-03,1.277904102817598031e-02
8.780487804878047906e-03,3.333333333333333981e-03,4.847533632286994687e-03,1.277904102817598031e-02
8.780487804878047906e-03,3.333333333333333981e-03,4.847533632286994687e-03,1.277904102817598031e-02
8.780487804878047906e-03,3.333333333333333981e-03,4.847533632286994687e-03,1.277904102817598031e-02
8.780487804878047906e-03,3.333333333333333981e-03,4.847533632286994687e-03,1.277904102817598031e-02
8.780487804878047906e-03,3.333333333333333981e-03,4.847533632286994687e-03,1.277904102817598031e-02
8.780487804878047906e-03,3.333333333333333981e-03,4.847533632286994687e-03,1.277904102817598031e-02
8.780487804878047906e-03,3.333333333333333981e-03,4.847533632286994687e-03,1.277904102817598031e-02
8.780487804878047906e-03,3.333333333333333981e-03,4.847533632286994687e-03,1.277904102817598031e-02
8.780487804878047906e-03,3.333333333333333981e-03,4.847533632286994687e-03,1.277904102817598031e-02
8.780487804878047906e-03,3.333333333333333981e-03,4.847533632286994687e-03,1.277904102817598031e-02
8.780487804878047906e-03,3.333333333333333981e-03,4.847533632286994687e-03,1.277904102817598031e-02
8.780487804878047906e-03,3.333333333333333981e-03,4.847533632286994687e-03,1.277904102817598031e-02
8.780487804878047906e-03,3.333333333333333981e-03,4.847533632286994687e-03,1.277904102817598031e-02
8.780487804878047906e-03,3.333333333333333981e-03,4.847533632286994687e-03,1.277904102817598031e-02
8.780487804878047906e-03,3.333333333333333981e-03,4.847533632286994687e-03,1.277904102817598031e-02
8.780487804878047906e-03,3.333333333333333981e-03,4.847533632286994687e-03,1.277904102817598031e-02
8.780487804878047906e-03,3.333333333333333981e-03,4.847533632286994687e-03,1.277904102817598031e-02
8.780487804878047906e-03,3.333333333333333981e-03,4.847533632286994687e-03,1.277904102817598031e-02
8.780487804878047906e-03,3.333333333333333981e-03,4.847533632286994687e-03,1.277904102817598031e-02
8.780487804878047906e-03,3.333333333333333981e-03,4.847533632286994687e-03,1.277904102817598031e-02
8.780487804878047906e-03,3.333333333333333981e-03,4.847533632286994687e-03,1.277904102817598031e-02
8.780487804878047906e-03,3.333333333333333981e-03,4.847533632286994687e-03,1.277904102817598031e-02
8.780487804878047906e-03,3.333333333333333981e-03,4.847533632286994687e-03,1.277904102817598031e-02
8.780487804878047906e-03,3.333333333333333981e-03,4.847533632286994687e-03,1.277904102817598031e-02
8.780487804878047906e-03,3.333333333333333981e-03,4.847533632286994687e-03,1.277904102817598031e-02
8.780487804878047906e-03,3.333333333333333981e-03,4.847533632286994687e-03,1.277904102817598031e-02
8.780487804878047906e-03,3.333333333333333981e-03,4.847533632286994687e-03,1.277904102817598031e-02
8.780487804878047906e-03,3.333333333333333981e-03,4.847533632286994687e-03,1.277904102817598031e-02
8.780487804878047906e-03,3.333333333333333981e-03,4.847533632286994687e-03,1.277904102817598031e-02
8.780487804878047906e-03,3.333333333333333981e-03,4.847533632286994687e-03,1.277904102817598031e-02
8.780487804878047906e-03,3.333333333333333981e-03,4.847533632286994687e-03,1.277904102817598031e-02
8.780487804878047906e-03,3.333333333333333981e-03,4.847533632286994687e-03,1.277904102817598031e-02
8.780487804878047906e-03,3.333333333333333981e-03,4.847533632286994687e-03,1.277904102817598031e-02
8.780487804878047906e-03,3.333333333333333981e-03,4.847533632286994687e-03,1.277904102817598031e-02
8.780487804878047906e-03,3.333333333333333981e-03,4.847533632286994687e-03,1.277904102817598031e-02
8.780487804878047906e-03,3.333333333333333981e-03,4.847533632286994687e-03,1.277904102817598031e-02
8.780487804878047906e-03,3.333333333333333981e-03,4.847533632286994687e-03,1.277904102817598031e-02
8.780487804878047906e-03,3.333333333333333981e-03,4.847533632286994687e-03,1.277904102817598031e-02
8.780487804878047906e-03,3.333333333333333981e-03,4.847533632286994687e-03,1.277904102817598031e-02
8.780487804878047906e-03,3.333333333333333981e-03,4.847533632286994687e-03,1.277904102817598031e-02
8.780487804878047906e-03,3.333333333333333981e-03,4.847533632286994687e-03,1.277904102817598031e-02
8.780487804878047906e-03,3.333333333333333981e-03,4.847533632286994687e-03,1.277904102817598031e-02
8.780487804878047906e-03,3.333333333333333981e-03,4.847533632286994687e-03,1.277904102817598031e-02
8.780487804878047906e-03,3.333333333333333981e-03,4.847533632286994687e-03,1.277904102817598031e-02
8.780487804878047906e-03,3.333333333333333981e-03,4.847533632286994687e-03,1.277904102817598031e-02
8.780487804878047906e-03,3.333333333333333981e-03,4.847533632286994687e-03,1.277904102817598031e-02
8.780487804878047906e-03,3.333333333333333981e-03,4.847533632286994687e-03,1.277904102817598031e-02
8.780487804878047906e-03,3.333333333333333981e-03,4.847533632286994687e-03,1.277904102817598031e-02
8.780487804878047906e-03,3.333333333333333981e-03,4.847533632286994687e-03,1.277904102817598031e-02
8.780487804878047906e-03,3.333333333333333981e-03,4.847533632286994687e-03,1.277904102817598031e-02
8.780487804878047906e-03,3.333333333333333981e-03,4.847533632286994687e-03,1.277904102817598031e-02
8.780487804878047906e-03,3.333333333333333981e-03,4.847533632286994687e-03,1.277904102817598031e-02
8.780487804878047906e-03,3.333333333333333981e-03,4.847533632286994687e-03,1.277904102817598031e-02
8.780487804878047906e-03,3.333333333333333981e-03,4.847533632286994687e-03,1.277904102817598031e-02
8.780487804878047906e-03,3.333333333333333981e-03,4.847533632286994687e-03,1.277904102817598031e-02
8.780487804878047906e-03,3.333333333333333981e-03,4.847533632286994687e-03,1.277904102817598031e-02
8.780487804878047906e-03,3.333333333333333981e-03,4.847533632286994687e-03,1.277904102817598031e-02
8.780487804878047906e-03,3.333333333333333981e-03,4.847533632286994687e-03,1.277904102817598031e-02
8.780487804878047906e-03,3.333333333333333981e-03,4.847533632286994687e-03,1.277904102817598031e-02
8.780487804878047906e-03,3.333333333333333981e-03,4.847533632286994687e-03,1.277904102817598031e-02
8.780487804878047906e-03,3.333333333333333981e-03,4.847533632286994687e-03,1.277904102817598031e-02
8.780487804878047906e-03,3.333333333333333981e-03,4.847533632286994687e-03,1.277904102817598031e-02
8.780487804878047906e-03,3.333333333333333981e-03,4.847533632286994687e-03,1.277904102817598031e-02
8.780487804878047906e-03,3.333333333333333981e-03,4.847533632286994687e-03,1.277904102817598031e-02
8.780487804878047906e-03,3.333333333333333981e-03,4.847533632286994687e-03,1.277904102817598031e-02
8.780487804878047906e-03,3.333333333333333981e-03,4.847533632286994687e-03,1.277904102817598031e-02
8.780487804878047906e-03,3.333333333333333981e-03,4.847533632286994687e-03,1.277904102817598031e-02
8.780487804878047906e-03,3.333333333333333981e-03,4.847533632286994687e-03,1.277904102817598031e-02
8.780487804878047906e-03,3.333333333333333981e-03,4.847533632286994687e-03,1.277904102817598031e-02
8.780487804878047906e-03,3.333333333333333981e-03,4.847533632286994687e-03,1.277904102817598031e-02
8.780487804878047906e-03,3.333333333333333981e-03,4.847533632286994687e-03,1.277904102817598031e-02
8.780487804878047906e-03,3.333333333333333981e-03,4.847533632286994687e-03,1.277904102817598031e-02
8.780487804878047906e-03,3.333333333333333981e-03,4.847533632286994687e-03,1.277904102817598031e-02
8.780487804878047906e-03,3.333333333333333981e-03,4.847533632286994687e-03,1.277904102817598031e-02
8.780487804878047906e-03,3.333333333333333981e-03,4.847533632286994687e-03,1.277904102817598031e-02
8.780487804878047906e-03,3.333333333333333981e-03,4.847533632286994687e-03,1.277904102817598031e-02
8.780487804878047906e-03,3.333333333333333981e-03,4.847533632286994687e-03,1.277904102817598031e-02
8.780487804878047906e-03,3.333333333333333981e-03,4.847533632286994687e-03,1.277904102817598031e-02
8.780487804878047906e-03,3.333333333333333981e-03,4.847533632286994687e-03,1.277904102817598031e-02
8.780487804878047906e-03,3.333333333333333981e-03,4.847533632286994687e-03,1.277904102817598031e-02
8.780487804878047906e-03,3.333333333333333981e-03,4.847533632286994687e-03,1.277904102817598031e-02
8.780487804878047906e-03,3.333333333333333981e-03,4.847533632286994687e-03,1.277904102817598031e-02
8.780487804878047906e-03,3.333333333333333981e-03,4.847533632286994687e-03,1.277904102817598031e-02
8.780487804878047906e-03,3.333333333333333981e-03,4.847533632286994687e-03,1.277904102817598031e-02
8.780487804878047906e-03,3.333333333333333981e-03,4.847533632286994687e-03,1.277904102817598031e-02
8.780487804878047906e-03,3.333333333333333981e-03,4.847533632286994687e-03,1.277904102817598031e-02
8.780487804878047906e-03,3.333333333333333981e-03,4.847533632286994687e-03,1.277904102817598031e-02
8.780487804878047906e-03,3.333333333333333981e-03,4.847533632286994687e-03,1.277904102817598031e-02
8.780487804878047906e-03,3.333333333333333981e-03,4.847533632286994687e-03,1.277904102817598031e-02
8.780487804878047906e-03,3.333333333333333981e-03,4.847533632286994687e-03,1.277904102817598031e-02
8.780487804878047906e-03,3.333333333333333981e-03,4.847533632286994687e-03,1.277904102817598031e-02
8.780487804878047906e-03,3.333333333333333981e-03,4.847533632286994687e-03,1.277904102817598031e-02
8.780487804878047906e-03,3.333333333333333981e-03,4.847533632286994687e-03,1.277904102817598031e-02
8.780487804878047906e-03,3.333333333333333981e-03,4.847533632286994687e-03,1.277904102817598031e-02
8.780487804878047906e-03,3.333333333333333981e-03,4.847533632286994687e-03,1.277904102817598031e-02
8.780487804878047906e-03,3.333333333333333981e-03,4.847533632286994687e-03,1.277904102817598031e-02
8.780487804878047906e-03,3.333333333333333981e-03,4.847533632286994687e-03,1.277904102817598031e-02
8.780487804878047906e-03,3.333333333333333981e-03,4.847533632286994687e-03,1.277904102817598031e-02
8.780487804878047906e-03,3.333333333333333981e-03,4.847533632286994687e-03,1.277904102817598031e-02
8.780487804878047906e-03,3.333333333333333981e-03,4.847533632286994687e-03,1.277904102817598031e-02
8.780487804878047906e-03,3.333333333333333981e-03,4.847533632286994687e-03,1.277904102817598031e-02
8.780487804878047906e-03,3.333333333333333981e-03,4.847533632286994687e-03,1.277904102817598031e-02
8.780487804878047906e-03,3.333333333333333981e-03,4.847533632286994687e-03,1.277904102817598031e-02
8.780487804878047906e-03,3.333333333333333981e-03,4.847533632286994687e-03,1.277904102817598031e-02
8.780487804878047906e-03,3.333333333333333981e-03,4.847533632286994687e-03,1.277904102817598031e-02
8.780487804878047906e-03,3.333333333333333981e-03,4.847533632286994687e-03,1.277904102817598031e-02
8.780487804878047906e-03,3.333333333333333981e-03,4.847533632286994687e-03,1.277904102817598031e-02
8.780487804878047906e-03,3.333333333333333981e-03,4.847533632286994687e-03,1.277904102817598031e-02
8.780487804878047906e-03,3.333333333333333981e-03,4.847533632286994687e-03,1.277904102817598031e-02
8.780487804878047906e-03,3.333333333333333981e-03,4.847533632286994687e-03,1.277904102817598031e-02
8.780487804878047906e-03,3.333333333333333981e-03,4.847533632286994687e-03,1.277904102817598031e-02
8.780487804878047906e-03,3.333333333333333981e-03,4.847533632286994687e-03,1.277904102817598031e-02
8.780487804878047906e-03,3.333333333333333981e-03,4.847533632286994687e-03,1.277904102817598031e-02
8.780487804878047906e-03,3.333333333333333981e-03,4.847533632286994687e-03,1.277904102817598031e-02
8.780487804878047906e-03,3.333333333333333981e-03,4.847533632286994687e-03,1.277904102817598031e-02
8.780487804878047906e-03,3.333333333333333981e-03,4.847533632286994687e-03,1.277904102817598031e-02
8.780487804878047906e-03,3.333333333333333981e-03,4.847533632286994687e-03,1.277904102817598031e-02
8.780487804878047906e-03,3.333333333333333981e-03,4.847533632286994687e-03,1.277904102817598031e-02
8.780487804878047906e-03,3.333333333333333981e-03,4.847533632286994687e-03,1.277904102817598031e-02
8.780487804878047906e-03,3.333333333333333981e-03,4.847533632286994687e-03,1.277904102817598031e-02
8.780487804878047906e-03,3.333333333333333981e-03,4.847533632286994687e-03,1.277904102817598031e-02
8.780487804878047906e-03,3.333333333333333981e-03,4.847533632286994687e-03,1.277904102817598031e-02
8.780487804878047906e-03,3.333333333333333981e-03,4.847533632286994687e-03,1.277904102817598031e-02
8.780487804878047906e-03,3.333333333333333981e-03,4.847533632286994687e-03,1.277904102817598031e-02
8.780487804878047906e-03,3.333333333333333981e-03,4.847533632286994687e-03,1.277904102817598031e-02
8.780487804878047906e-03,3.333333333333333981e-03,4.847533632286994687e-03,1.277904102817598031e-02
8.780487804878047906e-03,3.333333333333333981e-03,4.847533632286994687e-03,1.277904102817598031e-02
8.780487804878047906e-03,3.333333333333333981e-03,4.847533632286994687e-03,1.277904102817598031e-02
8.780487804878047906e-03,3.333333333333333981e-03,4.847533632286994687e-03,1.277904102817598031e-02
8.780487804878047906e-03,3.333333333333333981e-03,4.847533632286994687e-03,1.277904102817598031e-02
8.780487804878047906e-03,3.333333333333333981e-03,4.847533632286994687e-03,1.277904102817598031e-02
8.780487804878047906e-03,3.333333333333333981e-03,4.847533632286994687e-03,1.277904102817598031e-02
8.780487804878047906e-03,3.333333333333333981e-03,4.847533632286994687e-03,1.277904102817598031e-02
8.780487804878047906e-03,3.333333333333333981e-03,4.847533632286994687e-03,1.277904102817598031e-02
8.780487804878047906e-03,3.333333333333333981e-03,4.847533632286994687e-03,1.277904102817598031e-02
8.780487804878047906e-03,3.333333333333333981e-03,4.847533632286994687e-03,1.277904102817598031e-02
8.780487804878047906e-03,3.333333333333333981e-03,4.847533632286994687e-03,1.277904102817598031e-02
8.780487804878047906e-03,3.333333333333333981e-03,4.847533632286994687e-03,1.277904102817598031e-02
8.780487804878047906e-03,3.333333333333333981e-03,4.847533632286994687e-03,1.277904102817598031e-02
8.780487804878047906e-03,3.333333333333333981e-03,4.847533632286994687e-03,1.277904102817598031e-02
8.780487804878047906e-03,3.333333333333333981e-03,4.847533632286994687e-03,1.277904102817598031e-02
8.780487804878047906e-03,3.333333333333333981e-03,4.847533632286994687e-03,1.277904102817598031e-02
8.780487804878047906e-03,3.333333333333333981e-03,4.847533632286994687e-03,1.277904102817598031e-02
8.780487804878047906e-03,3.333333333333333981e-03,4.847533632286994687e-03,1.277904102817598031e-02
8.780487804878047906e-03,3.333333333333333981e-03,4.847533632286994687e-03,1.277904102817598031e-02
8.780487804878047906e-03,3.333333333333333981e-03,4.847533632286994687e-03,1.277904102817598031e-02
8.780487804878047906e-03,3.333333333333333981e-03,4.847533632286994687e-03,1.277904102817598031e-02
8.780487804878047906e-03,3.333333333333333981e-03,4.847533632286994687e-03,1.277904102817598031e-02
8.780487804878047906e-03,3.333333333333333981e-03,4.847533632286994687e-03,1.277904102817598031e-02
8.780487804878047906e-03,3.333333333333333981e-03,4.847533632286994687e-03,1.277904102817598031e-02
8.780487804878047906e-03,3.333333333333333981e-03,4.847533632286994687e-03,1.277904102817598031e-02
8.780487804878047906e-03,3.333333333333333981e-03,4.847533632286994687e-03,1.277904102817598031e-02
8.780487804878047906e-03,3.333333333333333981e-03,4.847533632286994687e-03,1.277904102817598031e-02
8.780487804878047906e-03,3.333333333333333981e-03,4.847533632286994687e-03,1.277904102817598031e-02
8.780487804878047906e-03,3.333333333333333981e-03,4.847533632286994687e-03,1.277904102817598031e-02
8.780487804878047906e-03,3.333333333333333981e-03,4.847533632286994687e-03,1.277904102817598031e-02
8.780487804878047906e-03,3.333333333333333981e-03,4.847533632286994687e-03,1.277904102817598031e-02
8.780487804878047906e-03,3.333333333333333981e-03,4.847533632286994687e-03,1.277904102817598031e-02
8.780487804878047906e-03,3.333333333333333981e-03,4.847533632286994687e-03,1.277904102817598031e-02
8.780487804878047906e-03,3.333333333333333981e-03,4.847533632286994687e-03,1.277904102817598031e-02
8.780487804878047906e-03,3.333333333333333981e-03,4.847533632286994687e-03,1.277904102817598031e-02
8.780487804878047906e-03,3.333333333333333981e-03,4.847533632286994687e-03,1.277904102817598031e-02
8.780487804878047906e-03,3.333333333333333981e-03,4.847533632286994687e-03,1.277904102817598031e-02
8.780487804878047906e-03,3.333333333333333981e-03,4.847533632286994687e-03,1.277904102817598031e-02
8.780487804878047906e-03,3.333333333333333981e-03,4.847533632286994687e-03,1.277904102817598031e-02
8.780487804878047906e-03,3.333333333333333981e-03,4.847533632286994687e-03,1.277904102817598031e-02
8.780487804878047906e-03,3.333333333333333981e-03,4.847533632286994687e-03,1.277904102817598031e-02
8.780487804878047906e-03,3.333333333333333981e-03,4.847533632286994687e-03,1.277904102817598031e-02
8.780487804878047906e-03,3.333333333333333981e-03,4.847533632286994687e-03,1.277904102817598031e-02
8.780487804878047906e-03,3.333333333333333981e-03,4.847533632286994687e-03,1.277904102817598031e-02
8.780487804878047906e-03,3.333333333333333981e-03,4.847533632286994687e-03,1.277904102817598031e-02
8.780487804878047906e-03,3.333333333333333981e-03,4.847533632286994687e-03,1.277904102817598031e-02
8.780487804878047906e-03,3.333333333333333981e-03,4.847533632286994687e-03,1.277904102817598031e-02
8.780487804878047906e-03,3.333333333333333981e-03,4.847533632286994687e-03,1.277904102817598031e-02
8.780487804878047906e-03,3.333333333333333981e-03,4.847533632286994687e-03,1.277904102817598031e-02
8.780487804878047906e-03,3.333333333333333981e-03,4.847533632286994687e-03,1.277904102817598031e-02
8.780487804878047906e-03,3.333333333333333981e-03,4.847533632286994687e-03,1.277904102817598031e-02
8.780487804878047906e-03,3.333333333333333981e-03,4.847533632286994687e-03,1.277904102817598031e-02
8.780487804878047906e-03,3.333333333333333981e-03,4.847533632286994687e-03,1.277904102817598031e-02
8.780487804878047906e-03,3.333333333333333981e-03,4.847533632286994687e-03,1.277904102817598031e-02
8.780487804878047906e-03,3.333333333333333981e-03,4.847533632286994687e-03,1.277904102817598031e-02
8.780487804878047906e-03,3.333333333333333981e-03,4.847533632286994687e-03,1.277904102817598031e-02
8.780487804878047906e-03,3.333333333333333981e-03,4.847533632286994687e-03,1.277904102817598031e-02
8.780487804878047906e-03,3.333333333333333981e-03,4.847533632286994687e-03,1.277904102817598031e-02
8.780487804878047906e-03,3.333333333333333981e-03,4.847533632286994687e-03,1.277904102817598031e-02
8.780487804878047906e-03,3.333333333333333981e-03,4.847533632286994687e-03,1.277904102817598031e-02
8.780487804878047906e-03,3.333333333333333981e-03,4.847533632286994687e-03,1.277904102817598031e-02
8.780487804878047906e-03,3.333333333333333981e-03,4.847533632286994687e-03,1.277904102817598031e-02
8.780487804878047906e-03,3.333333333333333981e-03,4.847533632286994687e-03,1.277904102817598031e-02
8.780487804878047906e-03,3.333333333333333981e-03,4.847533632286994687e-03,1.277904102817598031e-02
8.780487804878047906e-03,3.333333333333333981e-03,4.847533632286994687e-03,1.277904102817598031e-02
8.780487804878047906e-03,3.333333333333333981e-03,4.847533632286994687e-03,1.277904102817598031e-02
8.780487804878047906e-03,3.333333333333333981e-03,4.847533632286994687e-03,1.277904102817598031e-02
8.780487804878047906e-03,3.333333333333333981e-03,4.847533632286994687e-03,1.277904102817598031e-02
8.780487804878047906e-03,3.333333333333333981e-03,4.847533632286994687e-03,1.277904102817598031e-02
8.780487804878047906e-03,3.333333333333333981e-03,4.847533632286994687e-03,1.277904102817598031e-02
8.780487804878047906e-03,3.333333333333333981e-03,4.847533632286994687e-03,1.277904102817598031e-02
8.780487804878047906e-03,3.333333333333333981e-03,4.847533632286994687e-03,1.277904102817598031e-02
8.780487804878047906e-03,3.333333333333333981e-03,4.847533632286994687e-03,1.277904102817598031e-02
8.780487804878047906e-03,3.333333333333333981e-03,4.847533632286994687e-03,1.277904102817598031e-02
8.780487804878047906e-03,3.333333333333333981e-03,4.847533632286994687e-03,1.277904102817598031e-02
8.780487804878047906e-03,3.333333333333333981e-03,4.847533632286994687e-03,1.277904102817598031e-02
8.780487804878047906e-03,3.333333333333333981e-03,4.847533632286994687e-03,1.277904102817598031e-02
8.780487804878047906e-03,3.333333333333333981e-03,4.847533632286994687e-03,1.277904102817598031e-02
8.780487804878047906e-03,3.333333333333333981e-03,4.847533632286994687e-03,1.277904102817598031e-02
8.780487804878047906e-03,3.333333333333333981e-03,4.847533632286994687e-03,1.277904102817598031e-02
8.780487804878047906e-03,3.333333333333333981e-03,4.847533632286994687e-03,1.277904102817598031e-02
8.780487804878047906e-03,3.333333333333333981e-03,4.847533632286994687e-03,1.277904102817598031e-02
8.780487804878047906e-03,3.333333333333333981e-03,4.847533632286994687e-03,1.277904102817598031e-02
8.780487804878047906e-03,3.333333333333333981e-03,4.847533632286994687e-03,1.277904102817598031e-02
8.780487804878047906e-03,3.333333333333333981e-03,4.847533632286994687e-03,1.277904102817598031e-02
8.780487804878047906e-03,3.333333333333333981e-03,4.847533632286994687e-03,1.277904102817598031e-02
8.780487804878047906e-03,3.333333333333333981e-03,4.847533632286994687e-03,1.277904102817598031e-02
8.780487804878047906e-03,3.333333333333333981e-03,4.847533632286994687e-03,1.277904102817598031e-02
8.780487804878047906e-03,3.333333333333333981e-03,4.847533632286994687e-03,1.277904102817598031e-02
8.780487804878047906e-03,3.333333333333333981e-03,4.847533632286994687e-03,1.277904102817598031e-02
8.780487804878047906e-03,3.333333333333333981e-03,4.847533632286994687e-03,1.277904102817598031e-02
8.780487804878047906e-03,3.333333333333333981e-03,4.847533632286994687e-03,1.277904102817598031e-02
8.780487804878047906e-03,3.333333333333333981e-03,4.847533632286994687e-03,1.277904102817598031e-02
8.780487804878047906e-03,3.333333333333333981e-03,4.847533632286994687e-03,1.277904102817598031e-02
8.780487804878047906e-03,3.333333333333333981e-03,4.847533632286994687e-03,1.277904102817598031e-02
8.780487804878047906e-03,3.333333333333333981e-03,4.847533632286994687e-03,1.277904102817598031e-02
8.780487804878047906e-03,3.333333333333333981e-03,4.847533632286994687e-03,1.277904102817598031e-02
8.780487804878047906e-03,3.333333333333333981e-03,4.847533632286994687e-03,1.277904102817598031e-02
8.780487804878047906e-03,3.333333333333333981e-03,4.847533632286994687e-03,1.277904102817598031e-02
8.780487804878047906e-03,3.333333333333333981e-03,4.847533632286994687e-03,1.277904102817598031e-02
8.780487804878047906e-03,3.333333333333333981e-03,4.847533632286994687e-03,1.277904102817598031e-02
8.780487804878047906e-03,3.333333333333333981e-03,4.847533632286994687e-03,1.277904102817598031e-02
8.780487804878047906e-03,3.333333333333333981e-03,4.847533632286994687e-03,1.277904102817598031e-02
8.780487804878047906e-03,3.333333333333333981e-03,4.847533632286994687e-03,1.277904102817598031e-02
8.780487804878047906e-03,3.333333333333333981e-03,4.847533632286994687e-03,1.277904102817598031e-02
8.780487804878047906e-03,3.333333333333333981e-03,4.847533632286994687e-03,1.277904102817598031e-02
8.780487804878047906e-03,3.333333333333333981e-03,4.847533632286994687e-03,1.277904102817598031e-02
8.780487804878047906e-03,3.333333333333333981e-03,4.847533632286994687e-03,1.277904102817598031e-02
8.780487804878047906e-03,3.333333333333333981e-03,4.847533632286994687e-03,1.277904102817598031e-02
8.780487804878047906e-03,3.333333333333333981e-03,4.847533632286994687e-03,1.277904102817598031e-02
8.780487804878047906e-03,3.333333333333333981e-03,4.847533632286994687e-03,1.277904102817598031e-02
8.780487804878047906e-03,3.333333333333333981e-03,4.847533632286994687e-03,1.277904102817598031e-02
8.780487804878047906e-03,3.333333333333333981e-03,4.847533632286994687e-03,1.277904102817598031e-02
8.780487804878047906e-03,3.333333333333333981e-03,4.847533632286994687e-03,1.277904102817598031e-02
8.780487804878047906e-03,3.333333333333333981e-03,4.847533632286994687e-03,1.277904102817598031e-02
8.780487804878047906e-03,3.333333333333333981e-03,4.847533632286994687e-03,1.277904102817598031e-02
8.780487804878047906e-03,3.333333333333333981e-03,4.847533632286994687e-03,1.277904102817598031e-02
8.780487804878047906e-03,3.333333333333333981e-03,4.847533632286994687e-03,1.277904102817598031e-02
8.780487804878047906e-03,3.333333333333333981e-03,4.847533632286994687e-03,1.277904102817598031e-02
8.780487804878047906e-03,3.333333333333333981e-03,4.847533632286994687e-03,1.277904102817598031e-02
8.780487804878047906e-03,3.333333333333333981e-03,4.847533632286994687e-03,1.277904102817598031e-02
8.780487804878047906e-03,3.333333333333333981e-03,4.847533632286994687e-03,1.277904102817598031e-02
8.780487804878047906e-03,3.333333333333333981e-03,4.847533632286994687e-03,1.277904102817598031e-02
8.780487804878047906e-03,3.333333333333333981e-03,4.847533632286994687e-03,1.277904102817598031e-02
8.780487804878047906e-03,3.333333333333333981e-03,4.847533632286994687e-03,1.277904102817598031e-02
8.780487804878047906e-03,3.333333333333333981e-03,4.847533632286994687e-03,1.277904102817598031e-02
8.780487804878047906e-03,3.333333333333333981e-03,4.847533632286994687e-03,1.277904102817598031e-02
8.780487804878047906e-03,3.333333333333333981e-03,4.847533632286994687e-03,1.277904102817598031e-02
8.780487804878047906e-03,3.333333333333333981e-03,4.847533632286994687e-03,1.277904102817598031e-02
8.780487804878047906e-03,3.333333333333333981e-03,4.847533632286994687e-03,1.277904102817598031e-02
8.780487804878047906e-03,3.333333333333333981e-03,4.847533632286994687e-03,1.277904102817598031e-02
8.780487804878047906e-03,3.333333333333333981e-03,4.847533632286994687e-03,1.277904102817598031e-02
8.780487804878047906e-03,3.333333333333333981e-03,4.847533632286994687e-03,1.277904102817598031e-02
8.780487804878047906e-03,3.333333333333333981e-03,4.847533632286994687e-03,1.277904102817598031e-02
8.780487804878047906e-03,3.333333333333333981e-03,4.847533632286994687e-03,1.277904102817598031e-02
8.780487804878047906e-03,3.333333333333333981e-03,4.847533632286994687e-03,1.277904102817598031e-02
8.780487804878047906e-03,3.333333333333333981e-03,4.847533632286994687e-03,1.277904102817598031e-02
8.780487804878047906e-03,3.333333333333333981e-03,4.847533632286994687e-03,1.277904102817598031e-02
8.780487804878047906e-03,3.333333333333333981e-03,4.847533632286994687e-03,1.277904102817598031e-02
8.780487804878047906e-03,3.333333333333333981e-03,4.847533632286994687e-03,1.277904102817598031e-02
8.780487804878047906e-03,3.333333333333333981e-03,4.847533632286994687e-03,1.277904102817598031e-02
8.780487804878047906e-03,3.333333333333333981e-03,4.847533632286994687e-03,1.277904102817598031e-02
8.780487804878047906e-03,3.333333333333333981e-03,4.847533632286994687e-03,1.277904102817598031e-02
8.780487804878047906e-03,3.333333333333333981e-03,4.847533632286994687e-03,1.277904102817598031e-02
8.780487804878047906e-03,3.333333333333333981e-03,4.847533632286994687e-03,1.277904102817598031e-02
8.780487804878047906e-03,3.333333333333333981e-03,4.847533632286994687e-03,1.277904102817598031e-02
8.780487804878047906e-03,3.333333333333333981e-03,4.847533632286994687e-03,1.277904102817598031e-02
8.780487804878047906e-03,3.333333333333333981e-03,4.847533632286994687e-03,1.277904102817598031e-02
8.780487804878047906e-03,3.333333333333333981e-03,4.847533632286994687e-03,1.277904102817598031e-02
8.780487804878047906e-03,3.333333333333333981e-03,4.847533632286994687e-03,1.277904102817598031e-02
8.780487804878047906e-03,3.333333333333333981e-03,4.847533632286994687e-03,1.277904102817598031e-02
8.780487804878047906e-03,3.333333333333333981e-03,4.847533632286994687e-03,1.277904102817598031e-02
8.780487804878047906e-03,3.333333333333333981e-03,4.847533632286994687e-03,1.277904102817598031e-02
8.780487804878047906e-03,3.333333333333333981e-03,4.847533632286994687e-03,1.277904102817598031e-02
8.780487804878047906e-03,3.333333333333333981e-03,4.847533632286994687e-03,1.277904102817598031e-02
8.780487804878047906e-03,3.333333333333333981e-03,4.847533632286994687e-03,1.277904102817598031e-02
8.780487804878047906e-03,3.333333333333333981e-03,4.847533632286994687e-03,1.277904102817598031e-02
8.780487804878047906e-03,3.333333333333333981e-03,4.847533632286994687e-03,1.277904102817598031e-02
8.780487804878047906e-03,3.333333333333333981e-03,4.847533632286994687e-03,1.277904102817598031e-02
8.780487804878047906e-03,3.333333333333333981e-03,4.847533632286994687e-03,1.277904102817598031e-02
8.780487804878047906e-03,3.333333333333333981e-03,4.847533632286994687e-03,1.277904102817598031e-02
8.780487804878047906e-03,3.333333333333333981e-03,4.847533632286994687e-03,1.277904102817598031e-02
8.780487804878047906e-03,3.333333333333333981e-03,4.847533632286994687e-03,1.277904102817598031e-02
8.780487804878047906e-03,3.333333333333333981e-03,4.847533632286994687e-03,1.277904102817598031e-02
8.780487804878047906e-03,3.333333333333333981e-03,4.847533632286994687e-03,1.277904102817598031e-02
8.780487804878047906e-03,3.333333333333333981e-03,4.847533632286994687e-03,1.277904102817598031e-02
8.780487804878047906e-03,3.333333333333333981e-03,4.847533632286994687e-03,1.277904102817598031e-02
8.780487804878047906e-03,3.333333333333333981e-03,4.847533632286994687e-03,1.277904102817598031e-02
8.780487804878047906e-03,3.333333333333333981e-03,4.847533632286994687e-03,1.277904102817598031e-02
8.780487804878047906e-03,3.333333333333333981e-03,4.847533632286994687e-03,1.277904102817598031e-02
8.780487804878047906e-03,3.333333333333333981e-03,4.847533632286994687e-03,1.277904102817598031e-02
8.780487804878047906e-03,3.333333333333333981e-03,4.847533632286994687e-03,1.277904102817598031e-02
8.780487804878047906e-03,3.333333333333333981e-03,4.847533632286994687e-03,1.277904102817598031e-02
8.780487804878047906e-03,3.333333333333333981e-03,4.847533632286994687e-03,1.277904102817598031e-02
8.780487804878047906e-03,3.333333333333333981e-03,4.847533632286994687e-03,1.277904102817598031e-02
8.780487804878047906e-03,3.333333333333333981e-03,4.847533632286994687e-03,1.277904102817598031e-02
8.780487804878047906e-03,3.333333333333333981e-03,4.847533632286994687e-03,1.277904102817598031e-02
8.780487804878047906e-03,3.333333333333333981e-03,4.847533632286994687e-03,1.277904102817598031e-02
8.780487804878047906e-03,3.333333333333333981e-03,4.847533632286994687e-03,1.277904102817598031e-02
8.780487804878047906e-03,3.333333333333333981e-03,4.847533632286994687e-03,1.277904102817598031e-02
8.780487804878047906e-03,3.333333333333333981e-03,4.847533632286994687e-03,1.277904102817598031e-02
8.780487804878047906e-03,3.333333333333333981e-03,4.847533632286994687e-03,1.277904102817598031e-02
8.780487804878047906e-03,3.333333333333333981e-03,4.847533632286994687e-03,1.277904102817598031e-02
8.780487804878047906e-03,3.333333333333333981e-03,4.847533632286994687e-03,1.277904102817598031e-02
8.780487804878047906e-03,3.333333333333333981e-03,4.847533632286994687e-03,1.277904102817598031e-02
8.780487804878047906e-03,3.333333333333333981e-03,4.847533632286994687e-03,1.277904102817598031e-02
8.780487804878047906e-03,3.333333333333333981e-03,4.847533632286994687e-03,1.277904102817598031e-02
8.780487804878047906e-03,3.333333333333333981e-03,4.847533632286994687e-03,1.277904102817598031e-02
8.780487804878047906e-03,3.333333333333333981e-03,4.847533632286994687e-03,1.277904102817598031e-02
8.780487804878047906e-03,3.333333333333333981e-03,4.847533632286994687e-03,1.277904102817598031e-02
8.780487804878047906e-03,3.333333333333333981e-03,4.847533632286994687e-03,1.277904102817598031e-02
8.780487804878047906e-03,3.333333333333333981e-03,4.847533632286994687e-03,1.277904102817598031e-02
8.780487804878047906e-03,3.333333333333333981e-03,4.847533632286994687e-03,1.277904102817598031e-02
8.780487804878047906e-03,3.333333333333333981e-03,4.847533632286994687e-03,1.277904102817598031e-02
8.780487804878047906e-03,3.333333333333333981e-03,4.847533632286994687e-03,1.277904102817598031e-02
8.780487804878047906e-03,3.333333333333333981e-03,4.847533632286994687e-03,1.277904102817598031e-02
8.780487804878047906e-03,3.333333333333333981e-03,4.847533632286994687e-03,1.277904102817598031e-02
8.780487804878047906e-03,3.333333333333333981e-03,4.847533632286994687e-03,1.277904102817598031e-02
8.780487804878047906e-03,3.333333333333333981e-03,4.847533632286994687e-03,1.277904102817598031e-02
8.780487804878047906e-03,3.333333333333333981e-03,4.847533632286994687e-03,1.277904102817598031e-02
8.780487804878047906e-03,3.333333333333333981e-03,4.847533632286994687e-03,1.277904102817598031e-02
8.780487804878047906e-03,3.333333333333333981e-03,4.847533632286994687e-03,1.277904102817598031e-02
8.780487804878047906e-03,3.333333333333333981e-03,4.847533632286994687e-03,1.277904102817598031e-02
8.780487804878047906e-03,3.333333333333333981e-03,4.847533632286994687e-03,1.277904102817598031e-02
8.780487804878047906e-03,3.333333333333333981e-03,4.847533632286994687e-03,1.277904102817598031e-02
8.780487804878047906e-03,3.333333333333333981e-03,4.847533632286994687e-03,1.277904102817598031e-02
8.780487804878047906e-03,3.333333333333333981e-03,4.847533632286994687e-03,1.277904102817598031e-02
8.780487804878047906e-03,3.333333333333333981e-03,4.847533632286994687e-03,1.277904102817598031e-02
8.780487804878047906e-03,3.333333333333333981e-03,4.847533632286994687e-03,1.277904102817598031e-02
8.780487804878047906e-03,3.333333333333333981e-03,4.847533632286994687e-03,1.277904102817598031e-02
8.780487804878047906e-03,3.333333333333333981e-03,4.847533632286994687e-03,1.277904102817598031e-02
8.780487804878047906e-03,3.333333333333333981e-03,4.847533632286994687e-03,1.277904102817598031e-02
8.780487804878047906e-03,3.333333333333333981e-03,4.847533632286994687e-03,1.277904102817598031e-02
8.780487804878047906e-03,3.333333333333333981e-03,4.847533632286994687e-03,1.277904102817598031e-02
8.780487804878047906e-03,3.333333333333333981e-03,4.847533632286994687e-03,1.277904102817598031e-02
8.780487804878047906e-03,3.333333333333333981e-03,4.847533632286994687e-03,1.277904102817598031e-02
8.780487804878047906e-03,3.333333333333333981e-03,4.847533632286994687e-03,1.277904102817598031e-02
8.780487804878047906e-03,3.333333333333333981e-03,4.847533632286994687e-03,1.277904102817598031e-02
8.780487804878047906e-03,3.333333333333333981e-03,4.847533632286994687e-03,1.277904102817598031e-02
8.780487804878047906e-03,3.333333333333333981e-03,4.847533632286994687e-03,1.277904102817598031e-02
8.780487804878047906e-03,3.333333333333333981e-03,4.847533632286994687e-03,1.277904102817598031e-02
8.780487804878047906e-03,3.333333333333333981e-03,4.847533632286994687e-03,1.277904102817598031e-02
8.780487804878047906e-03,3.333333333333333981e-03,4.847533632286994687e-03,1.277904102817598031e-02
8.780487804878047906e-03,3.333333333333333981e-03,4.847533632286994687e-03,1.277904102817598031e-02
8.780487804878047906e-03,3.333333333333333981e-03,4.847533632286994687e-03,1.277904102817598031e-02
8.780487804878047906e-03,3.333333333333333981e-03,4.847533632286994687e-03,1.277904102817598031e-02
8.780487804878047906e-03,3.333333333333333981e-03,4.847533632286994687e-03,1.277904102817598031e-02
8.780487804878047906e-03,3.333333333333333981e-03,4.847533632286994687e-03,1.277904102817598031e-02
8.780487804878047906e-03,3.333333333333333981e-03,4.847533632286994687e-03,1.277904102817598031e-02
8.780487804878047906e-03,3.333333333333333981e-03,4.847533632286994687e-03,1.277904102817598031e-02
8.780487804878047906e-03,3.333333333333333981e-03,4.847533632286994687e-03,1.277904102817598031e-02
8.780487804878047906e-03,3.333333333333333981e-03,4.847533632286994687e-03,1.277904102817598031e-02
8.780487804878047906e-03,3.333333333333333981e-03,4.847533632286994687e-03,1.277904102817598031e-02
8.780487804878047906e-03,3.333333333333333981e-03,4.847533632286994687e-03,1.277904102817598031e-02
8.780487804878047906e-03,3.333333333333333981e-03,4.847533632286994687e-03,1.277904102817598031e-02
8.780487804878047906e-03,3.333333333333333981e-03,4.847533632286994687e-03,1.277904102817598031e-02
8.780487804878047906e-03,3.333333333333333981e-03,4.847533632286994687e-03,1.277904102817598031e-02
8.780487804878047906e-03,3.333333333333333981e-03,4.847533632286994687e-03,1.277904102817598031e-02
8.780487804878047906e-03,3.333333333333333981e-03,4.847533632286994687e-03,1.277904102817598031e-02
8.780487804878047906e-03,3.333333333333333981e-03,4.847533632286994687e-03,1.277904102817598031e-02
8.780487804878047906e-03,3.333333333333333981e-03,4.847533632286994687e-03,1.277904102817598031e-02
8.780487804878047906e-03,3.333333333333333981e-03,4.847533632286994687e-03,1.277904102817598031e-02
8.780487804878047906e-03,3.333333333333333981e-03,4.847533632286994687e-03,1.277904102817598031e-02
8.780487804878047906e-03,3.333333333333333981e-03,4.847533632286994687e-03,1.277904102817598031e-02
8.780487804878047906e-03,3.333333333333333981e-03,4.847533632286994687e-03,1.277904102817598031e-02
8.780487804878047906e-03,3.333333333333333981e-03,4.847533632286994687e-03,1.277904102817598031e-02
8.780487804878047906e-03,3.333333333333333981e-03,4.847533632286994687e-03,1.277904102817598031e-02
8.780487804878047906e-03,3.333333333333333981e-03,4.847533632286994687e-03,1.277904102817598031e-02
8.780487804878047906e-03,3.333333333333333981e-03,4.847533632286994687e-03,1.277904102817598031e-02
8.780487804878047906e-03,3.333333333333333981e-03,4.847533632286994687e-03,1.277904102817598031e-02
8.780487804878047906e-03,3.333333333333333981e-03,4.847533632286994687e-03,1.277904102817598031e-02
8.780487804878047906e-03,3.333333333333333981e-03,4.847533632286994687e-03,1.277904102817598031e-02
8.780487804878047906e-03,3.333333333333333981e-03,4.847533632286994687e-03,1.277904102817598031e-02
8.780487804878047906e-03,3.333333333333333981e-03,4.847533632286994687e-03,1.277904102817598031e-02
8.780487804878047906e-03,3.333333333333333981e-03,4.847533632286994687e-03,1.277904102817598031e-02
8.780487804878047906e-03,3.333333333333333981e-03,4.847533632286994687e-03,1.277904102817598031e-02
8.780487804878047906e-03,3.333333333333333981e-03,4.847533632286994687e-03,1.277904102817598031e-02
8.780487804878047906e-03,3.333333333333333981e-03,4.847533632286994687e-03,1.277904102817598031e-02
8.780487804878047906e-03,3.333333333333333981e-03,4.847533632286994687e-03,1.277904102817598031e-02
8.780487804878047906e-03,3.333333333333333981e-03,4.847533632286994687e-03,1.277904102817598031e-02
8.780487804878047906e-03,3.333333333333333981e-03,4.847533632286994687e-03,1.277904102817598031e-02
8.780487804878047906e-03,3.333333333333333981e-03,4.847533632286994687e-03,1.277904102817598031e-02
8.780487804878047906e-03,3.333333333333333981e-03,4.847533632286994687e-03,1.277904102817598031e-02
8.780487804878047906e-03,3.333333333333333981e-03,4.847533632286994687e-03,1.277904102817598031e-02
8.780487804878047906e-03,3.333333333333333981e-03,4.847533632286994687e-03,1.277904102817598031e-02
8.780487804878047906e-03,3.333333333333333981e-03,4.847533632286994687e-03,1.277904102817598031e-02
8.780487804878047906e-03,3.333333333333333981e-03,4.847533632286994687e-03,1.277904102817598031e-02
8.780487804878047906e-03,3.333333333333333981e-03,4.847533632286994687e-03,1.277904102817598031e-02
8.780487804878047906e-03,3.333333333333333981e-03,4.847533632286994687e-03,1.277904102817598031e-02
8.780487804878047906e-03,3.333333333333333981e-03,4.847533632286994687e-03,1.277904102817598031e-02
8.780487804878047906e-03,3.333333333333333981e-03,4.847533632286994687e-03,1.277904102817598031e-02
8.780487804878047906e-03,3.333333333333333981e-03,4.847533632286994687e-03,1.277904102817598031e-02
8.780487804878047906e-03,3.333333333333333981e-03,4.847533632286994687e-03,1.277904102817598031e-02
8.780487804878047906e-03,3.333333333333333981e-03,4.847533632286994687e-03,1.277904102817598031e-02
8.780487804878047906e-03,3.333333333333333981e-03,4.847533632286994687e-03,1.277904102817598031e-02
8.780487804878047906e-03,3.333333333333333981e-03,4.847533632286994687e-03,1.277904102817598031e-02
8.780487804878047906e-03,3.333333333333333981e-03,4.847533632286994687e-03,1.277904102817598031e-02
8.780487804878047906e-03,3.333333333333333981e-03,4.847533632286994687e-03,1.277904102817598031e-02
8.780487804878047906e-03,3.333333333333333981e-03,4.847533632286994687e-03,1.277904102817598031e-02
8.780487804878047906e-03,3.333333333333333981e-03,4.847533632286994687e-03,1.277904102817598031e-02
8.780487804878047906e-03,3.333333333333333981e-03,4.847533632286994687e-03,1.277904102817598031e-02
8.780487804878047906e-03,3.333333333333333981e-03,4.847533632286994687e-03,1.277904102817598031e-02
8.780487804878047906e-03,3.333333333333333981e-03,4.847533632286994687e-03,1.277904102817598031e-02
8.780487804878047906e-03,3.333333333333333981e-03,4.847533632286994687e-03,1.277904102817598031e-02
8.780487804878047906e-03,3.333333333333333981e-03,4.847533632286994687e-03,1.277904102817598031e-02
8.780487804878047906e-03,3.333333333333333981e-03,4.847533632286994687e-03,1.277904102817598031e-02
8.780487804878047906e-03,3.333333333333333981e-03,4.847533632286994687e-03,1.277904102817598031e-02
8.780487804878047906e-03,3.333333333333333981e-03,4.847533632286994687e-03,1.277904102817598031e-02
8.780487804878047906e-03,3.333333333333333981e-03,4.847533632286994687e-03,1.277904102817598031e-02
8.780487804878047906e-03,3.333333333333333981e-03,4.847533632286994687e-03,1.277904102817598031e-02
8.780487804878047906e-03,3.333333333333333981e-03,4.847533632286994687e-03,1.277904102817598031e-02
8.780487804878047906e-03,3.333333333333333981e-03,4.847533632286994687e-03,1.277904102817598031e-02
8.780487804878047906e-03,3.333333333333333981e-03,4.847533632286994687e-03,1.277904102817598031e-02
8.780487804878047906e-03,3.333333333333333981e-03,4.847533632286994687e-03,1.277904102817598031e-02
8.780487804878047906e-03,3.333333333333333981e-03,4.847533632286994687e-03,1.277904102817598031e-02
8.780487804878047906e-03,3.333333333333333981e-03,4.847533632286994687e-03,1.277904102817598031e-02
8.780487804878047906e-03,3.333333333333333981e-03,4.847533632286994687e-03,1.277904102817598031e-02
8.780487804878047906e-03,3.333333333333333981e-03,4.847533632286994687e-03,1.277904102817598031e-02
8.780487804878047906e-03,3.333333333333333981e-03,4.847533632286994687e-03,1.277904102817598031e-02
8.780487804878047906e-03,3.333333333333333981e-03,4.847533632286994687e-03,1.277904102817598031e-02
8.780487804878047906e-03,3.333333333333333981e-03,4.847533632286994687e-03,1.277904102817598031e-02
8.780487804878047906e-03,3.333333333333333981e-03,4.847533632286994687e-03,1.277904102817598031e-02
8.780487804878047906e-03,3.333333333333333981e-03,4.847533632286994687e-03,1.277904102817598031e-02
8.780487804878047906e-03,3.333333333333333981e-03,4.847533632286994687e-03,1.277904102817598031e-02
8.780487804878047906e-03,3.333333333333333981e-03,4.847533632286994687e-03,1.277904102817598031e-02
8.780487804878047906e-03,3.333333333333333981e-03,4.847533632286994687e-03,1.277904102817598031e-02
8.780487804878047906e-03,3.333333333333333981e-03,4.847533632286994687e-03,1.277904102817598031e-02
8.780487804878047906e-03,3.333333333333333981e-03,4.847533632286994687e-03,1.277904102817598031e-02
8.780487804878047906e-03,3.333333333333333981e-03,4.847533632286994687e-03,1.277904102817598031e-02
8.780487804878047906e-03,3.333333333333333981e-03,4.847533632286994687e-03,1.277904102817598031e-02
8.780487804878047906e-03,3.333333333333333981e-03,4.847533632286994687e-03,1.277904102817598031e-02
8.780487804878047906e-03,3.333333333333333981e-03,4.847533632286994687e-03,1.277904102817598031e-02
8.780487804878047906e-03,3.333333333333333981e-03,4.847533632286994687e-03,1.277904102817598031e-02
8.780487804878047906e-03,3.333333333333333981e-03,4.847533632286994687e-03,1.277904102817598031e-02
8.780487804878047906e-03,3.333333333333333981e-03,4.847533632286994687e-03,1.277904102817598031e-02
8.780487804878047906e-03,3.333333333333333981e-03,4.847533632286994687e-03,1.277904102817598031e-02
8.780487804878047906e-03,3.333333333333333981e-03,4.847533632286994687e-03,1.277904102817598031e-02
8.780487804878047906e-03,3.333333333333333981e-03,4.847533632286994687e-03,1.277904102817598031e-02
8.780487804878047906e-03,3.333333333333333981e-03,4.847533632286994687e-03,1.277904102817598031e-02
8.780487804878047906e-03,3.333333333333333981e-03,4.847533632286994687e-03,1.277904102817598031e-02
8.780487804878047906e-03,3.333333333333333981e-03,4.847533632286994687e-03,1.277904102817598031e-02
8.780487804878047906e-03,3.333333333333333981e-03,4.847533632286994687e-03,1.277904102817598031e-02
8.780487804878047906e-03,3.333333333333333981e-03,4.847533632286994687e-03,1.277904102817598031e-02
8.780487804878047906e-03,3.333333333333333981e-03,4.847533632286994687e-03,1.277904102817598031e-02
8.780487804878047906e-03,3.333333333333333981e-03,4.847533632286994687e-03,1.277904102817598031e-02
8.780487804878047906e-03,3.333333333333333981e-03,4.847533632286994687e-03,1.277904102817598031e-02
8.780487804878047906e-03,3.333333333333333981e-03,4.847533632286994687e-03,1.277904102817598031e-02
8.780487804878047906e-03,3.333333333333333981e-03,4.847533632286994687e-03,1.277904102817598031e-02
8.780487804878047906e-03,3.333333333333333981e-03,4.847533632286994687e-03,1.277904102817598031e-02
8.780487804878047906e-03,3.333333333333333981e-03,4.847533632286994687e-03,1.277904102817598031e-02
8.780487804878047906e-03,3.333333333333333981e-03,4.847533632286994687e-03,1.277904102817598031e-02
8.780487804878047906e-03,3.333333333333333981e-03,4.847533632286994687e-03,1.277904102817598031e-02
8.780487804878047906e-03,3.333333333333333981e-03,4.847533632286994687e-03,1.277904102817598031e-02
8.780487804878047906e-03,3.333333333333333981e-03,4.847533632286994687e-03,1.277904102817598031e-02
8.780487804878047906e-03,3.333333333333333981e-03,4.847533632286994687e-03,1.277904102817598031e-02
8.780487804878047906e-03,3.333333333333333981e-03,4.847533632286994687e-03,1.277904102817598031e-02
8.780487804878047906e-03,3.333333333333333981e-03,4.847533632286994687e-03,1.277904102817598031e-02
8.780487804878047906e-03,3.333333333333333981e-03,4.847533632286994687e-03,1.277904102817598031e-02
8.780487804878047906e-03,3.333333333333333981e-03,4.847533632286994687e-03,1.277904102817598031e-02
8.780487804878047906e-03,3.333333333333333981e-03,4.847533632286994687e-03,1.277904102817598031e-02
8.780487804878047906e-03,3.333333333333333981e-03,4.847533632286994687e-03,1.277904102817598031e-02
8.780487804878047906e-03,3.333333333333333981e-03,4.847533632286994687e-03,1.277904102817598031e-02
8.780487804878047906e-03,3.333333333333333981e-03,4.847533632286994687e-03,1.277904102817598031e-02
8.780487804878047906e-03,3.333333333333333981e-03,4.847533632286994687e-03,1.277904102817598031e-02
8.780487804878047906e-03,3.333333333333333981e-03,4.847533632286994687e-03,1.277904102817598031e-02
8.780487804878047906e-03,3.333333333333333981e-03,4.847533632286994687e-03,1.277904102817598031e-02
8.780487804878047906e-03,3.333333333333333981e-03,4.847533632286994687e-03,1.277904102817598031e-02
8.780487804878047906e-03,3.333333333333333981e-03,4.847533632286994687e-03,1.277904102817598031e-02
8.780487804878047906e-03,3.333333333333333981e-03,4.847533632286994687e-03,1.277904102817598031e-02
8.780487804878047906e-03,3.333333333333333981e-03,4.847533632286994687e-03,1.277904102817598031e-02
8.780487804878047906e-03,3.333333333333333981e-03,4.847533632286994687e-03,1.277904102817598031e-02
8.780487804878047906e-03,3.333333333333333981e-03,4.847533632286994687e-03,1.277904102817598031e-02
8.780487804878047906e-03,3.333333333333333981e-03,4.847533632286994687e-03,1.277904102817598031e-02
8.780487804878047906e-03,3.333333333333333981e-03,4.847533632286994687e-03,1.277904102817598031e-02
8.780487804878047906e-03,3.333333333333333981e-03,4.847533632286994687e-03,1.277904102817598031e-02
8.780487804878047906e-03,3.333333333333333981e-03,4.847533632286994687e-03,1.277904102817598031e-02
8.780487804878047906e-03,3.333333333333333981e-03,4.847533632286994687e-03,1.277904102817598031e-02
8.780487804878047906e-03,3.333333333333333981e-03,4.847533632286994687e-03,1.277904102817598031e-02
8.780487804878047906e-03,3.333333333333333981e-03,4.847533632286994687e-03,1.277904102817598031e-02
8.780487804878047906e-03,3.333333333333333981e-03,4.847533632286994687e-03,1.277904102817598031e-02
8.780487804878047906e-03,3.333333333333333981e-03,4.847533632286994687e-03,1.277904102817598031e-02
8.780487804878047906e-03,3.333333333333333981e-03,4.847533632286994687e-03,1.277904102817598031e-02
8.780487804878047906e-03,3.333333333333333981e-03,4.847533632286994687e-03,1.277904102817598031e-02
8.780487804878047906e-03,3.333333333333333981e-03,4.847533632286994687e-03,1.277904102817598031e-02
8.780487804878047906e-03,3.333333333333333981e-03,4.847533632286994687e-03,1.277904102817598031e-02
8.780487804878047906e-03,3.333333333333333981e-03,4.847533632286994687e-03,1.277904102817598031e-02
8.780487804878047906e-03,3.333333333333333981e-03,4.847533632286994687e-03,1.277904102817598031e-02
8.780487804878047906e-03,3.333333333333333981e-03,4.847533632286994687e-03,1.277904102817598031e-02
8.780487804878047906e-03,3.333333333333333981e-03,4.847533632286994687e-03,1.277904102817598031e-02
8.780487804878047906e-03,3.333333333333333981e-03,4.847533632286994687e-03,1.277904102817598031e-02
8.780487804878047906e-03,3.333333333333333981e-03,4.847533632286994687e-03,1.277904102817598031e-02
8.780487804878047906e-03,3.333333333333333981e-03,4.847533632286994687e-03,1.277904102817598031e-02
8.780487804878047906e-03,3.333333333333333981e-03,4.847533632286994687e-03,1.277904102817598031e-02
8.780487804878047906e-03,3.333333333333333981e-03,4.847533632286994687e-03,1.277904102817598031e-02
8.780487804878047906e-03,3.333333333333333981e-03,4.847533632286994687e-03,1.277904102817598031e-02
8.780487804878047906e-03,3.333333333333333981e-03,4.847533632286994687e-03,1.277904102817598031e-02
8.780487804878047906e-03,3.333333333333333981e-03,4.847533632286994687e-03,1.277904102817598031e-02
8.780487804878047906e-03,3.333333333333333981e-03,4.847533632286994687e-03,1.277904102817598031e-02
8.780487804878047906e-03,3.333333333333333981e-03,4.847533632286994687e-03,1.277904102817598031e-02
8.780487804878047906e-03,3.333333333333333981e-03,4.847533632286994687e-03,1.277904102817598031e-02
8.780487804878047906e-03,3.333333333333333981e-03,4.847533632286994687e-03,1.277904102817598031e-02
8.780487804878047906e-03,3.333333333333333981e-03,4.847533632286994687e-03,1.277904102817598031e-02
8.780487804878047906e-03,3.333333333333333981e-03,4.847533632286994687e-03,1.277904102817598031e-02
8.780487804878047906e-03,3.333333333333333981e-03,4.847533632286994687e-03,1.277904102817598031e-02
8.780487804878047906e-03,3.333333333333333981e-03,4.847533632286994687e-03,1.277904102817598031e-02
8.780487804878047906e-03,3.333333333333333981e-03,4.847533632286994687e-03,1.277904102817598031e-02
8.780487804878047906e-03,3.333333333333333981e-03,4.847533632286994687e-03,1.277904102817598031e-02
8.780487804878047906e-03,3.333333333333333981e-03,4.847533632286994687e-03,1.277904102817598031e-02
8.780487804878047906e-03,3.333333333333333981e-03,4.847533632286994687e-03,1.277904102817598031e-02
8.780487804878047906e-03,3.333333333333333981e-03,4.847533632286994687e-03,1.277904102817598031e-02
8.780487804878047906e-03,3.333333333333333981e-03,4.847533632286994687e-03,1.277904102817598031e-02
8.780487804878047906e-03,3.333333333333333981e-03,4.847533632286994687e-03,1.277904102817598031e-02
8.780487804878047906e-03,3.333333333333333981e-03,4.847533632286994687e-03,1.277904102817598031e-02
8.780487804878047906e-03,3.333333333333333981e-03,4.847533632286994687e-03,1.277904102817598031e-02
8.780487804878047906e-03,3.333333333333333981e-03,4.847533632286994687e-03,1.277904102817598031e-02
8.780487804878047906e-03,3.333333333333333981e-03,4.847533632286994687e-03,1.277904102817598031e-02
8.780487804878047906e-03,3.333333333333333981e-03,4.847533632286994687e-03,1.277904102817598031e-02
8.780487804878047906e-03,3.333333333333333981e-03,4.847533632286994687e-03,1.277904102817598031e-02
8.780487804878047906e-03,3.333333333333333981e-03,4.847533632286994687e-03,1.277904102817598031e-02
8.780487804878047906e-03,3.333333333333333981e-03,4.847533632286994687e-03,1.277904102817598031e-02
8.780487804878047906e-03,3.333333333333333981e-03,4.847533632286994687e-03,1.277904102817598031e-02
8.780487804878047906e-03,3.333333333333333981e-03,4.847533632286994687e-03,1.277904102817598031e-02
8.780487804878047906e-03,3.333333333333333981e-03,4.847533632286994687e-03,1.277904102817598031e-02
8.780487804878047906e-03,3.333333333333333981e-03,4.847533632286994687e-03,1.277904102817598031e-02
8.780487804878047906e-03,3.333333333333333981e-03,4.847533632286994687e-03,1.277904102817598031e-02
8.780487804878047906e-03,3.333333333333333981e-03,4.847533632286994687e-03,1.277904102817598031e-02
8.780487804878047906e-03,3.333333333333333981e-03,4.847533632286994687e-03,1.277904102817598031e-02
8.780487804878047906e-03,3.333333333333333981e-03,4.847533632286994687e-03,1.277904102817598031e-02
8.780487804878047906e-03,3.333333333333333981e-03,4.847533632286994687e-03,1.277904102817598031e-02
8.780487804878047906e-03,3.333333333333333981e-03,4.847533632286994687e-03,1.277904102817598031e-02
8.780487804878047906e-03,3.333333333333333981e-03,4.847533632286994687e-03,1.277904102817598031e-02
8.780487804878047906e-03,3.333333333333333981e-03,4.847533632286994687e-03,1.277904102817598031e-02
8.780487804878047906e-03,3.333333333333333981e-03,4.847533632286994687e-03,1.277904102817598031e-02
8.780487804878047906e-03,3.333333333333333981e-03,4.847533632286994687e-03,1.277904102817598031e-02
8.780487804878047906e-03,3.333333333333333981e-03,4.847533632286994687e-03,1.277904102817598031e-02
8.780487804878047906e-03,3.333333333333333981e-03,4.847533632286994687e-03,1.277904102817598031e-02
8.780487804878047906e-03,3.333333333333333981e-03,4.847533632286994687e-03,1.277904102817598031e-02
8.780487804878047906e-03,3.333333333333333981e-03,4.847533632286994687e-03,1.277904102817598031e-02
8.780487804878047906e-03,3.333333333333333981e-03,4.847533632286994687e-03,1.277904102817598031e-02
8.780487804878047906e-03,3.333333333333333981e-03,4.847533632286994687e-03,1.277904102817598031e-02
8.780487804878047906e-03,3.333333333333333981e-03,4.847533632286994687e-03,1.277904102817598031e-02
8.780487804878047906e-03,3.333333333333333981e-03,4.847533632286994687e-03,1.277904102817598031e-02
8.780487804878047906e-03,3.333333333333333981e-03,4.847533632286994687e-03,1.277904102817598031e-02
8.780487804878047906e-03,3.333333333333333981e-03,4.847533632286994687e-03,1.277904102817598031e-02
8.780487804878047906e-03,3.333333333333333981e-03,4.847533632286994687e-03,1.277904102817598031e-02
8.780487804878047906e-03,3.333333333333333981e-03,4.847533632286994687e-03,1.277904102817598031e-02
8.780487804878047906e-03,3.333333333333333981e-03,4.847533632286994687e-03,1.277904102817598031e-02
8.780487804878047906e-03,3.333333333333333981e-03,4.847533632286994687e-03,1.277904102817598031e-02
8.780487804878047906e-03,3.333333333333333981e-03,4.847533632286994687e-03,1.277904102817598031e-02
8.780487804878047906e-03,3.333333333333333981e-03,4.847533632286994687e-03,1.277904102817598031e-02
8.780487804878047906e-03,3.333333333333333981e-03,4.847533632286994687e-03,1.277904102817598031e-02
8.780487804878047906e-03,3.333333333333333981e-03,4.847533632286994687e-03,1.277904102817598031e-02
8.780487804878047906e-03,3.333333333333333981e-03,4.847533632286994687e-03,1.277904102817598031e-02
8.780487804878047906e-03,3.333333333333333981e-03,4.847533632286994687e-03,1.277904102817598031e-02
8.780487804878047906e-03,3.333333333333333981e-03,4.847533632286994687e-03,1.277904102817598031e-02
8.780487804878047906e-03,3.333333333333333981e-03,4.847533632286994687e-03,1.277904102817598031e-02
8.780487804878047906e-03,3.333333333333333981e-03,4.847533632286994687e-03,1.277904102817598031e-02
8.780487804878047906e-03,3.333333333333333981e-03,4.847533632286994687e-03,1.277904102817598031e-02
8.780487804878047906e-03,3.333333333333333981e-03,4.847533632286994687e-03,1.277904102817598031e-02
8.780487804878047906e-03,3.333333333333333981e-03,4.847533632286994687e-03,1.277904102817598031e-02
8.780487804878047906e-03,3.333333333333333981e-03,4.847533632286994687e-03,1.277904102817598031e-02
8.780487804878047906e-03,3.333333333333333981e-03,4.847533632286994687e-03,1.277904102817598031e-02
8.780487804878047906e-03,3.333333333333333981e-03,4.847533632286994687e-03,1.277904102817598031e-02
8.780487804878047906e-03,3.333333333333333981e-03,4.847533632286994687e-03,1.277904102817598031e-02
8.780487804878047906e-03,3.333333333333333981e-03,4.847533632286994687e-03,1.277904102817598031e-02
8.780487804878047906e-03,3.333333333333333981e-03,4.847533632286994687e-03,1.277904102817598031e-02
8.780487804878047906e-03,3.333333333333333981e-03,4.847533632286994687e-03,1.277904102817598031e-02
8.780487804878047906e-03,3.333333333333333981e-03,4.847533632286994687e-03,1.277904102817598031e-02
8.780487804878047906e-03,3.333333333333333981e-03,4.847533632286994687e-03,1.277904102817598031e-02
8.780487804878047906e-03,3.333333333333333981e-03,4.847533632286994687e-03,1.277904102817598031e-02
8.780487804878047906e-03,3.333333333333333981e-03,4.847533632286994687e-03,1.277904102817598031e-02
8.780487804878047906e-03,3.333333333333333981e-03,4.847533632286994687e-03,1.277904102817598031e-02
8.780487804878047906e-03,3.333333333333333981e-03,4.847533632286994687e-03,1.277904102817598031e-02
8.780487804878047906e-03,3.333333333333333981e-03,4.847533632286994687e-03,1.277904102817598031e-02
8.780487804878047906e-03,3.333333333333333981e-03,4.847533632286994687e-03,1.277904102817598031e-02
8.780487804878047906e-03,3.333333333333333981e-03,4.847533632286994687e-03,1.277904102817598031e-02
8.780487804878047906e-03,3.333333333333333981e-03,4.847533632286994687e-03,1.277904102817598031e-02
8.780487804878047906e-03,3.333333333333333981e-03,4.847533632286994687e-03,1.277904102817598031e-02
8.780487804878047906e-03,3.333333333333333981e-03,4.847533632286994687e-03,1.277904102817598031e-02
8.780487804878047906e-03,3.333333333333333981e-03,4.847533632286994687e-03,1.277904102817598031e-02
8.780487804878047906e-03,3.333333333333333981e-03,4.847533632286994687e-03,1.277904102817598031e-02
8.780487804878047906e-03,3.333333333333333981e-03,4.847533632286994687e-03,1.277904102817598031e-02
8.780487804878047906e-03,3.333333333333333981e-03,4.847533632286994687e-03,1.277904102817598031e-02
8.780487804878047906e-03,3.333333333333333981e-03,4.847533632286994687e-03,1.277904102817598031e-02
8.780487804878047906e-03,3.333333333333333981e-03,4.847533632286994687e-03,1.277904102817598031e-02
8.780487804878047906e-03,3.333333333333333981e-03,4.847533632286994687e-03,1.277904102817598031e-02
8.780487804878047906e-03,3.333333333333333981e-03,4.847533632286994687e-03,1.277904102817598031e-02
8.780487804878047906e-03,3.333333333333333981e-03,4.847533632286994687e-03,1.277904102817598031e-02
8.780487804878047906e-03,3.333333333333333981e-03,4.847533632286994687e-03,1.277904102817598031e-02
8.780487804878047906e-03,3.333333333333333981e-03,4.847533632286994687e-03,1.277904102817598031e-02
8.780487804878047906e-03,3.333333333333333981e-03,4.847533632286994687e-03,1.277904102817598031e-02
8.780487804878047906e-03,3.333333333333333981e-03,4.847533632286994687e-03,1.277904102817598031e-02
8.780487804878047906e-03,3.333333333333333981e-03,4.847533632286994687e-03,1.277904102817598031e-02
8.780487804878047906e-03,3.333333333333333981e-03,4.847533632286994687e-03,1.277904102817598031e-02
8.780487804878047906e-03,3.333333333333333981e-03,4.847533632286994687e-03,1.277904102817598031e-02
8.780487804878047906e-03,3.333333333333333981e-03,4.847533632286994687e-03,1.277904102817598031e-02
8.780487804878047906e-03,3.333333333333333981e-03,4.847533632286994687e-03,1.277904102817598031e-02
8.780487804878047906e-03,3.333333333333333981e-03,4.847533632286994687e-03,1.277904102817598031e-02
8.780487804878047906e-03,3.333333333333333981e-03,4.847533632286994687e-03,1.277904102817598031e-02
8.780487804878047906e-03,3.333333333333333981e-03,4.847533632286994687e-03,1.277904102817598031e-02
8.780487804878047906e-03,3.333333333333333981e-03,4.847533632286994687e-03,1.277904102817598031e-02
8.780487804878047906e-03,3.333333333333333981e-03,4.847533632286994687e-03,1.277904102817598031e-02
8.780487804878047906e-03,3.333333333333333981e-03,4.847533632286994687e-03,1.277904102817598031e-02
8.780487804878047906e-03,3.333333333333333981e-03,4.847533632286994687e-03,1.277904102817598031e-02
8.780487804878047906e-03,3.333333333333333981e-03,4.847533632286994687e-03,1.277904102817598031e-02
8.780487804878047906e-03,3.333333333333333981e-03,4.847533632286994687e-03,1.277904102817598031e-02
8.780487804878047906e-03,3.333333333333333981e-03,4.847533632286994687e-03,1.277904102817598031e-02
8.780487804878047906e-03,3.333333333333333981e-03,4.847533632286994687e-03,1.277904102817598031e-02
8.780487804878047906e-03,3.333333333333333981e-03,4.847533632286994687e-03,1.277904102817598031e-02
8.780487804878047906e-03,3.333333333333333981e-03,4.847533632286994687e-03,1.277904102817598031e-02
8.780487804878047906e-03,3.333333333333333981e-03,4.847533632286994687e-03,1.277904102817598031e-02
8.780487804878047906e-03,3.333333333333333981e-03,4.847533632286994687e-03,1.277904102817598031e-02
8.780487804878047906e-03,3.333333333333333981e-03,4.847533632286994687e-03,1.277904102817598031e-02
8.780487804878047906e-03,3.333333333333333981e-03,4.847533632286994687e-03,1.277904102817598031e-02
8.780487804878047906e-03,3.333333333333333981e-03,4.847533632286994687e-03,1.277904102817598031e-02
8.780487804878047906e-03,3.333333333333333981e-03,4.847533632286994687e-03,1.277904102817598031e-02
8.780487804878047906e-03,3.333333333333333981e-03,4.847533632286994687e-03,1.277904102817598031e-02
8.780487804878047906e-03,3.333333333333333981e-03,4.847533632286994687e-03,1.277904102817598031e-02
8.780487804878047906e-03,3.333333333333333981e-03,4.847533632286994687e-03,1.277904102817598031e-02
8.780487804878047906e-03,3.333333333333333981e-03,4.847533632286994687e-03,1.277904102817598031e-02
8.780487804878047906e-03,3.333333333333333981e-03,4.847533632286994687e-03,1.277904102817598031e-02
8.780487804878047906e-03,3.333333333333333981e-03,4.847533632286994687e-03,1.277904102817598031e-02
8.780487804878047906e-03,3.333333333333333981e-03,4.847533632286994687e-03,1.277904102817598031e-02
8.780487804878047906e-03,3.333333333333333981e-03,4.847533632286994687e-03,1.277904102817598031e-02
8.780487804878047906e-03,3.333333333333333981e-03,4.847533632286994687e-03,1.277904102817598031e-02
8.780487804878047906e-03,3.333333333333333981e-03,4.847533632286994687e-03,1.277904102817598031e-02
8.780487804878047906e-03,3.333333333333333981e-03,4.847533632286994687e-03,1.277904102817598031e-02
8.780487804878047906e-03,3.333333333333333981e-03,4.847533632286994687e-03,1.277904102817598031e-02
8.780487804878047906e-03,3.333333333333333981e-03,4.847533632286994687e-03,1.277904102817598031e-02
8.780487804878047906e-03,3.333333333333333981e-03,4.847533632286994687e-03,1.277904102817598031e-02
8.780487804878047906e-03,3.333333333333333981e-03,4.847533632286994687e-03,1.277904102817598031e-02
8.780487804878047906e-03,3.333333333333333981e-03,4.847533632286994687e-03,1.277904102817598031e-02
8.780487804878047906e-03,3.333333333333333981e-03,4.847533632286994687e-03,1.277904102817598031e-02
8.780487804878047906e-03,3.333333333333333981e-03,4.847533632286994687e-03,1.277904102817598031e-02
8.780487804878047906e-03,3.333333333333333981e-03,4.847533632286994687e-03,1.277904102817598031e-02
8.780487804878047906e-03,3.333333333333333981e-03,4.847533632286994687e-03,1.277904102817598031e-02
8.780487804878047906e-03,3.333333333333333981e-03,4.847533632286994687e-03,1.277904102817598031e-02
8.780487804878047906e-03,3.333333333333333981e-03,4.847533632286994687e-03,1.277904102817598031e-02
8.780487804878047906e-03,3.333333333333333981e-03,4.847533632286994687e-03,1.277904102817598031e-02
8.780487804878047906e-03,3.333333333333333981e-03,4.847533632286994687e-03,1.277904102817598031e-02
8.780487804878047906e-03,3.333333333333333981e-03,4.847533632286994687e-03,1.277904102817598031e-02
8.780487804878047906e-03,3.333333333333333981e-03,4.847533632286994687e-03,1.277904102817598031e-02
8.780487804878047906e-03,3.333333333333333981e-03,4.847533632286994687e-03,1.277904102817598031e-02
8.780487804878047906e-03,3.333333333333333981e-03,4.847533632286994687e-03,1.277904102817598031e-02
8.780487804878047906e-03,3.333333333333333981e-03,4.847533632286994687e-03,1.277904102817598031e-02
8.780487804878047906e-03,3.333333333333333981e-03,4.847533632286994687e-03,1.277904102817598031e-02
8.780487804878047906e-03,3.333333333333333981e-03,4.847533632286994687e-03,1.277904102817598031e-02
8.780487804878047906e-03,3.333333333333333981e-03,4.847533632286994687e-03,1.277904102817598031e-02
8.780487804878047906e-03,3.333333333333333981e-03,4.847533632286994687e-03,1.277904102817598031e-02
8.780487804878047906e-03,3.333333333333333981e-03,4.847533632286994687e-03,1.277904102817598031e-02
8.780487804878047906e-03,3.333333333333333981e-03,4.847533632286994687e-03,1.277904102817598031e-02
8.780487804878047906e-03,3.333333333333333981e-03,4.847533632286994687e-03,1.277904102817598031e-02
8.780487804878047906e-03,3.333333333333333981e-03,4.847533632286994687e-03,1.277904102817598031e-02
8.780487804878047906e-03,3.333333333333333981e-03,4.847533632286994687e-03,1.277904102817598031e-02
8.780487804878047906e-03,3.333333333333333981e-03,4.847533632286994687e-03,1.277904102817598031e-02
8.780487804878047906e-03,3.333333333333333981e-03,4.847533632286994687e-03,1.277904102817598031e-02
8.780487804878047906e-03,3.333333333333333981e-03,4.847533632286994687e-03,1.277904102817598031e-02
8.780487804878047906e-03,3.333333333333333981e-03,4.847533632286994687e-03,1.277904102817598031e-02
8.780487804878047906e-03,3.333333333333333981e-03,4.847533632286994687e-03,1.277904102817598031e-02
8.780487804878047906e-03,3.333333333333333981e-03,4.847533632286994687e-03,1.277904102817598031e-02
8.780487804878047906e-03,3.333333333333333981e-03,4.847533632286994687e-03,1.277904102817598031e-02
8.780487804878047906e-03,3.333333333333333981e-03,4.847533632286994687e-03,1.277904102817598031e-02
8.780487804878047906e-03,3.333333333333333981e-03,4.847533632286994687e-03,1.277904102817598031e-02
8.780487804878047906e-03,3.333333333333333981e-03,4.847533632286994687e-03,1.277904102817598031e-02
8.780487804878047906e-03,3.333333333333333981e-03,4.847533632286994687e-03,1.277904102817598031e-02
8.780487804878047906e-03,3.333333333333333981e-03,4.847533632286994687e-03,1.277904102817598031e-02
8.780487804878047906e-03,3.333333333333333981e-03,4.847533632286994687e-03,1.277904102817598031e-02
8.780487804878047906e-03,3.333333333333333981e-03,4.847533632286994687e-03,1.277904102817598031e-02
8.780487804878047906e-03,3.333333333333333981e-03,4.847533632286994687e-03,1.277904102817598031e-02
8.780487804878047906e-03,3.333333333333333981e-03,4.847533632286994687e-03,1.277904102817598031e-02
8.780487804878047906e-03,3.333333333333333981e-03,4.847533632286994687e-03,1.277904102817598031e-02
8.780487804878047906e-03,3.333333333333333981e-03,4.847533632286994687e-03,1.277904102817598031e-02
8.780487804878047906e-03,3.333333333333333981e-03,4.847533632286994687e-03,1.277904102817598031e-02
8.780487804878047906e-03,3.333333333333333981e-03,4.847533632286994687e-03,1.277904102817598031e-02
8.780487804878047906e-03,3.333333333333333981e-03,4.847533632286994687e-03,1.277904102817598031e-02
8.780487804878047906e-03,3.333333333333333981e-03,4.847533632286994687e-03,1.277904102817598031e-02
8.780487804878047906e-03,3.333333333333333981e-03,4.847533632286994687e-03,1.277904102817598031e-02
8.780487804878047906e-03,3.333333333333333981e-03,4.847533632286994687e-03,1.277904102817598031e-02
8.780487804878047906e-03,3.333333333333333981e-03,4.847533632286994687e-03,1.277904102817598031e-02
8.780487804878047906e-03,3.333333333333333981e-03,4.847533632286994687e-03,1.277904102817598031e-02
8.780487804878047906e-03,3.333333333333333981e-03,4.847533632286994687e-03,1.277904102817598031e-02
8.780487804878047906e-03,3.333333333333333981e-03,4.847533632286994687e-03,1.277904102817598031e-02
8.780487804878047906e-03,3.333333333333333981e-03,4.847533632286994687e-03,1.277904102817598031e-02
8.780487804878047906e-03,3.333333333333333981e-03,4.847533632286994687e-03,1.277904102817598031e-02
8.780487804878047906e-03,3.333333333333333981e-03,4.847533632286994687e-03,1.277904102817598031e-02
8.780487804878047906e-03,3.333333333333333981e-03,4.847533632286994687e-03,1.277904102817598031e-02
8.780487804878047906e-03,3.333333333333333981e-03,4.847533632286994687e-03,1.277904102817598031e-02
8.780487804878047906e-03,3.333333333333333981e-03,4.847533632286994687e-03,1.277904102817598031e-02
8.780487804878047906e-03,3.333333333333333981e-03,4.847533632286994687e-03,1.277904102817598031e-02
8.780487804878047906e-03,3.333333333333333981e-03,4.847533632286994687e-03,1.277904102817598031e-02
8.780487804878047906e-03,3.333333333333333981e-03,4.847533632286994687e-03,1.277904102817598031e-02
8.780487804878047906e-03,3.333333333333333981e-03,4.847533632286994687e-03,1.277904102817598031e-02
8.780487804878047906e-03,3.333333333333333981e-03,4.847533632286994687e-03,1.277904102817598031e-02
8.780487804878047906e-03,3.333333333333333981e-03,4.847533632286994687e-03,1.277904102817598031e-02
8.780487804878047906e-03,3.333333333333333981e-03,4.847533632286994687e-03,1.277904102817598031e-02
8.780487804878047906e-03,3.333333333333333981e-03,4.847533632286994687e-03,1.277904102817598031e-02
8.780487804878047906e-03,3.333333333333333981e-03,4.847533632286994687e-03,1.277904102817598031e-02
8.780487804878047906e-03,3.333333333333333981e-03,4.847533632286994687e-03,1.277904102817598031e-02
8.780487804878047906e-03,3.333333333333333981e-03,4.847533632286994687e-03,1.277904102817598031e-02
8.780487804878047906e-03,3.333333333333333981e-03,4.847533632286994687e-03,1.277904102817598031e-02
8.780487804878047906e-03,3.333333333333333981e-03,4.847533632286994687e-03,1.277904102817598031e-02
8.780487804878047906e-03,3.333333333333333981e-03,4.847533632286994687e-03,1.277904102817598031e-02
8.780487804878047906e-03,3.333333333333333981e-03,4.847533632286994687e-03,1.277904102817598031e-02
8.780487804878047906e-03,3.333333333333333981e-03,4.847533632286994687e-03,1.277904102817598031e-02
8.780487804878047906e-03,3.333333333333333981e-03,4.847533632286994687e-03,1.277904102817598031e-02
8.780487804878047906e-03,3.333333333333333981e-03,4.847533632286994687e-03,1.277904102817598031e-02
8.780487804878047906e-03,3.333333333333333981e-03,4.847533632286994687e-03,1.277904102817598031e-02
8.780487804878047906e-03,3.333333333333333981e-03,4.847533632286994687e-03,1.277904102817598031e-02
8.780487804878047906e-03,3.333333333333333981e-03,4.847533632286994687e-03,1.277904102817598031e-02
8.780487804878047906e-03,3.333333333333333981e-03,4.847533632286994687e-03,1.277904102817598031e-02
8.780487804878047906e-03,3.333333333333333981e-03,4.847533632286994687e-03,1.277904102817598031e-02
8.780487804878047906e-03,3.333333333333333981e-03,4.847533632286994687e-03,1.277904102817598031e-02
8.780487804878047906e-03,3.333333333333333981e-03,4.847533632286994687e-03,1.277904102817598031e-02
8.780487804878047906e-03,3.333333333333333981e-03,4.847533632286994687e-03,1.277904102817598031e-02
8.780487804878047906e-03,3.333333333333333981e-03,4.847533632286994687e-03,1.277904102817598031e-02
8.780487804878047906e-03,3.333333333333333981e-03,4.847533632286994687e-03,1.277904102817598031e-02
8.780487804878047906e-03,3.333333333333333981e-03,4.847533632286994687e-03,1.277904102817598031e-02
8.780487804878047906e-03,3.333333333333333981e-03,4.847533632286994687e-03,1.277904102817598031e-02
8.780487804878047906e-03,3.333333333333333981e-03,4.847533632286994687e-03,1.277904102817598031e-02
8.780487804878047906e-03,3.333333333333333981e-03,4.847533632286994687e-03,1.277904102817598031e-02
8.780487804878047906e-03,3.333333333333333981e-03,4.847533632286994687e-03,1.277904102817598031e-02
8.780487804878047906e-03,3.333333333333333981e-03,4.847533632286994687e-03,1.277904102817598031e-02
8.780487804878047906e-03,3.333333333333333981e-03,4.847533632286994687e-03,1.277904102817598031e-02
8.780487804878047906e-03,3.333333333333333981e-03,4.847533632286994687e-03,1.277904102817598031e-02
8.780487804878047906e-03,3.333333333333333981e-03,4.847533632286994687e-03,1.277904102817598031e-02
8.780487804878047906e-03,3.333333333333333981e-03,4.847533632286994687e-03,1.277904102817598031e-02
8.780487804878047906e-03,3.333333333333333981e-03,4.847533632286994687e-03,1.277904102817598031e-02
8.780487804878047906e-03,3.333333333333333981e-03,4.847533632286994687e-03,1.277904102817598031e-02
8.780487804878047906e-03,3.333333333333333981e-03,4.847533632286994687e-03,1.277904102817598031e-02
8.780487804878047906e-03,3.333333333333333981e-03,4.847533632286994687e-03,1.277904102817598031e-02
8.780487804878047906e-03,3.333333333333333981e-03,4.847533632286994687e-03,1.277904102817598031e-02
8.780487804878047906e-03,3.333333333333333981e-03,4.847533632286994687e-03,1.277904102817598031e-02
8.780487804878047906e-03,3.333333333333333981e-03,4.847533632286994687e-03,1.277904102817598031e-02
8.780487804878047906e-03,3.333333333333333981e-03,4.847533632286994687e-03,1.277904102817598031e-02
8.780487804878047906e-03,3.333333333333333981e-03,4.847533632286994687e-03,1.277904102817598031e-02
8.780487804878047906e-03,3.333333333333333981e-03,4.847533632286994687e-03,1.277904102817598031e-02
8.780487804878047906e-03,3.333333333333333981e-03,4.847533632286994687e-03,1.277904102817598031e-02
8.780487804878047906e-03,3.333333333333333981e-03,4.847533632286994687e-03,1.277904102817598031e-02
8.780487804878047906e-03,3.333333333333333981e-03,4.847533632286994687e-03,1.277904102817598031e-02
8.780487804878047906e-03,3.333333333333333981e-03,4.847533632286994687e-03,1.277904102817598031e-02
8.780487804878047906e-03,3.333333333333333981e-03,4.847533632286994687e-03,1.277904102817598031e-02
8.780487804878047906e-03,3.333333333333333981e-03,4.847533632286994687e-03,1.277904102817598031e-02
8.780487804878047906e-03,3.333333333333333981e-03,4.847533632286994687e-03,1.277904102817598031e-02
8.780487804878047906e-03,3.333333333333333981e-03,4.847533632286994687e-03,1.277904102817598031e-02
8.780487804878047906e-03,3.333333333333333981e-03,4.847533632286994687e-03,1.277904102817598031e-02
8.780487804878047906e-03,3.333333333333333981e-03,4.847533632286994687e-03,1.277904102817598031e-02
8.780487804878047906e-03,3.333333333333333981e-03,4.847533632286994687e-03,1.277904102817598031e-02
8.780487804878047906e-03,3.333333333333333981e-03,4.847533632286994687e-03,1.277904102817598031e-02
8.780487804878047906e-03,3.333333333333333981e-03,4.847533632286994687e-03,1.277904102817598031e-02
8.780487804878047906e-03,3.333333333333333981e-03,4.847533632286994687e-03,1.277904102817598031e-02
8.780487804878047906e-03,3.333333333333333981e-03,4.847533632286994687e-03,1.277904102817598031e-02
8.780487804878047906e-03,3.333333333333333981e-03,4.847533632286994687e-03,1.277904102817598031e-02
8.780487804878047906e-03,3.333333333333333981e-03,4.847533632286994687e-03,1.277904102817598031e-02
8.780487804878047906e-03,3.333333333333333981e-03,4.847533632286994687e-03,1.277904102817598031e-02
8.780487804878047906e-03,3.333333333333333981e-03,4.847533632286994687e-03,1.277904102817598031e-02
8.780487804878047906e-03,3.333333333333333981e-03,4.847533632286994687e-03,1.277904102817598031e-02
8.780487804878047906e-03,3.333333333333333981e-03,4.847533632286994687e-03,1.277904102817598031e-02
8.780487804878047906e-03,3.333333333333333981e-03,4.847533632286994687e-03,1.277904102817598031e-02
8.780487804878047906e-03,3.333333333333333981e-03,4.847533632286994687e-03,1.277904102817598031e-02
8.780487804878047906e-03,3.333333333333333981e-03,4.847533632286994687e-03,1.277904102817598031e-02
8.780487804878047906e-03,3.333333333333333981e-03,4.847533632286994687e-03,1.277904102817598031e-02
8.780487804878047906e-03,3.333333333333333981e-03,4.847533632286994687e-03,1.277904102817598031e-02
8.780487804878047906e-03,3.333333333333333981e-03,4.847533632286994687e-03,1.277904102817598031e-02
8.780487804878047906e-03,3.333333333333333981e-03,4.847533632286994687e-03,1.277904102817598031e-02
8.780487804878047906e-03,3.333333333333333981e-03,4.847533632286994687e-03,1.277904102817598031e-02
8.780487804878047906e-03,3.333333333333333981e-03,4.847533632286994687e-03,1.277904102817598031e-02
8.780487804878047906e-03,3.333333333333333981e-03,4.847533632286994687e-03,1.277904102817598031e-02
8.780487804878047906e-03,3.333333333333333981e-03,4.847533632286994687e-03,1.277904102817598031e-02
8.780487804878047906e-03,3.333333333333333981e-03,4.847533632286994687e-03,1.277904102817598031e-02
8.780487804878047906e-03,3.333333333333333981e-03,4.847533632286994687e-03,1.277904102817598031e-02
8.780487804878047906e-03,3.333333333333333981e-03,4.847533632286994687e-03,1.277904102817598031e-02
8.780487804878047906e-03,3.333333333333333981e-03,4.847533632286994687e-03,1.277904102817598031e-02
8.780487804878047906e-03,3.333333333333333981e-03,4.847533632286994687e-03,1.277904102817598031e-02
8.780487804878047906e-03,3.333333333333333981e-03,4.847533632286994687e-03,1.277904102817598031e-02
8.780487804878047906e-03,3.333333333333333981e-03,4.847533632286994687e-03,1.277904102817598031e-02
8.780487804878047906e-03,3.333333333333333981e-03,4.847533632286994687e-03,1.277904102817598031e-02
8.780487804878047906e-03,3.333333333333333981e-03,4.847533632286994687e-03,1.277904102817598031e-02
8.780487804878047906e-03,3.333333333333333981e-03,4.847533632286994687e-03,1.277904102817598031e-02
8.780487804878047906e-03,3.333333333333333981e-03,4.847533632286994687e-03,1.277904102817598031e-02
8.780487804878047906e-03,3.333333333333333981e-03,4.847533632286994687e-03,1.277904102817598031e-02
8.780487804878047906e-03,3.333333333333333981e-03,4.847533632286994687e-03,1.277904102817598031e-02
8.780487804878047906e-03,3.333333333333333981e-03,4.847533632286994687e-03,1.277904102817598031e-02
8.780487804878047906e-03,3.333333333333333981e-03,4.847533632286994687e-03,1.277904102817598031e-02
8.780487804878047906e-03,3.333333333333333981e-03,4.847533632286994687e-03,1.277904102817598031e-02
8.780487804878047906e-03,3.333333333333333981e-03,4.847533632286994687e-03,1.277904102817598031e-02
8.780487804878047906e-03,3.333333333333333981e-03,4.847533632286994687e-03,1.277904102817598031e-02
8.780487804878047906e-03,3.333333333333333981e-03,4.847533632286994687e-03,1.277904102817598031e-02
8.780487804878047906e-03,3.333333333333333981e-03,4.847533632286994687e-03,1.277904102817598031e-02
8.780487804878047906e-03,3.333333333333333981e-03,4.847533632286994687e-03,1.277904102817598031e-02
8.780487804878047906e-03,3.333333333333333981e-03,4.847533632286994687e-03,1.277904102817598031e-02
8.780487804878047906e-03,3.333333333333333981e-03,4.847533632286994687e-03,1.277904102817598031e-02
8.780487804878047906e-03,3.333333333333333981e-03,4.847533632286994687e-03,1.277904102817598031e-02
8.780487804878047906e-03,3.333333333333333981e-03,4.847533632286994687e-03,1.277904102817598031e-02
8.780487804878047906e-03,3.333333333333333981e-03,4.847533632286994687e-03,1.277904102817598031e-02
8.780487804878047906e-03,3.333333333333333981e-03,4.847533632286994687e-03,1.277904102817598031e-02
8.780487804878047906e-03,3.333333333333333981e-03,4.847533632286994687e-03,1.277904102817598031e-02
8.780487804878047906e-03,3.333333333333333981e-03,4.847533632286994687e-03,1.277904102817598031e-02
8.780487804878047906e-03,3.333333333333333981e-03,4.847533632286994687e-03,1.277904102817598031e-02
8.780487804878047906e-03,3.333333333333333981e-03,4.847533632286994687e-03,1.277904102817598031e-02
8.780487804878047906e-03,3.333333333333333981e-03,4.847533632286994687e-03,1.277904102817598031e-02
8.780487804878047906e-03,3.333333333333333981e-03,4.847533632286994687e-03,1.277904102817598031e-02
8.780487804878047906e-03,3.333333333333333981e-03,4.847533632286994687e-03,1.277904102817598031e-02
8.780487804878047906e-03,3.333333333333333981e-03,4.847533632286994687e-03,1.277904102817598031e-02
8.780487804878047906e-03,3.333333333333333981e-03,4.847533632286994687e-03,1.277904102817598031e-02
8.780487804878047906e-03,3.333333333333333981e-03,4.847533632286994687e-03,1.277904102817598031e-02
8.780487804878047906e-03,3.333333333333333981e-03,4.847533632286994687e-03,1.277904102817598031e-02
8.780487804878047906e-03,3.333333333333333981e-03,4.847533632286994687e-03,1.277904102817598031e-02
8.780487804878047906e-03,3.333333333333333981e-03,4.847533632286994687e-03,1.277904102817598031e-02
8.780487804878047906e-03,3.333333333333333981e-03,4.847533632286994687e-03,1.277904102817598031e-02
8.780487804878047906e-03,3.333333333333333981e-03,4.847533632286994687e-03,1.277904102817598031e-02
8.780487804878047906e-03,3.333333333333333981e-03,4.847533632286994687e-03,1.277904102817598031e-02
8.780487804878047906e-03,3.333333333333333981e-03,4.847533632286994687e-03,1.277904102817598031e-02
8.780487804878047906e-03,3.333333333333333981e-03,4.847533632286994687e-03,1.277904102817598031e-02
8.780487804878047906e-03,3.333333333333333981e-03,4.847533632286994687e-03,1.277904102817598031e-02
8.780487804878047906e-03,3.333333333333333981e-03,4.847533632286994687e-03,1.277904102817598031e-02
8.780487804878047906e-03,3.333333333333333981e-03,4.847533632286994687e-03,1.277904102817598031e-02
8.780487804878047906e-03,3.333333333333333981e-03,4.847533632286994687e-03,1.277904102817598031e-02
8.780487804878047906e-03,3.333333333333333981e-03,4.847533632286994687e-03,1.277904102817598031e-02
8.780487804878047906e-03,3.333333333333333981e-03,4.847533632286994687e-03,1.277904102817598031e-02
8.780487804878047906e-03,3.333333333333333981e-03,4.847533632286994687e-03,1.277904102817598031e-02
8.780487804878047906e-03,3.333333333333333981e-03,4.847533632286994687e-03,1.277904102817598031e-02
8.780487804878047906e-03,3.333333333333333981e-03,4.847533632286994687e-03,1.277904102817598031e-02
8.780487804878047906e-03,3.333333333333333981e-03,4.847533632286994687e-03,1.277904102817598031e-02
8.780487804878047906e-03,3.333333333333333981e-03,4.847533632286994687e-03,1.277904102817598031e-02
8.780487804878047906e-03,3.333333333333333981e-03,4.847533632286994687e-03,1.277904102817598031e-02
8.780487804878047906e-03,3.333333333333333981e-03,4.847533632286994687e-03,1.277904102817598031e-02
8.780487804878047906e-03,3.333333333333333981e-03,4.847533632286994687e-03,1.277904102817598031e-02
8.780487804878047906e-03,3.333333333333333981e-03,4.847533632286994687e-03,1.277904102817598031e-02
8.780487804878047906e-03,3.333333333333333981e-03,4.847533632286994687e-03,1.277904102817598031e-02
8.780487804878047906e-03,3.333333333333333981e-03,4.847533632286994687e-03,1.277904102817598031e-02
8.780487804878047906e-03,3.333333333333333981e-03,4.847533632286994687e-03,1.277904102817598031e-02
8.780487804878047906e-03,3.333333333333333981e-03,4.847533632286994687e-03,1.277904102817598031e-02
8.780487804878047906e-03,3.333333333333333981e-03,4.847533632286994687e-03,1.277904102817598031e-02
8.780487804878047906e-03,3.333333333333333981e-03,4.847533632286994687e-03,1.277904102817598031e-02
8.780487804878047906e-03,3.333333333333333981e-03,4.847533632286994687e-03,1.277904102817598031e-02
8.780487804878047906e-03,3.333333333333333981e-03,4.847533632286994687e-03,1.277904102817598031e-02
8.780487804878047906e-03,3.333333333333333981e-03,4.847533632286994687e-03,1.277904102817598031e-02
8.780487804878047906e-03,3.333333333333333981e-03,4.847533632286994687e-03,1.277904102817598031e-02
8.780487804878047906e-03,3.333333333333333981e-03,4.847533632286994687e-03,1.277904102817598031e-02
8.780487804878047906e-03,3.333333333333333981e-03,4.847533632286994687e-03,1.277904102817598031e-02
8.780487804878047906e-03,3.333333333333333981e-03,4.847533632286994687e-03,1.277904102817598031e-02
8.780487804878047906e-03,3.333333333333333981e-03,4.847533632286994687e-03,1.277904102817598031e-02
8.780487804878047906e-03,3.333333333333333981e-03,4.847533632286994687e-03,1.277904102817598031e-02
8.780487804878047906e-03,3.333333333333333981e-03,4.847533632286994687e-03,1.277904102817598031e-02
8.780487804878047906e-03,3.333333333333333981e-03,4.847533632286994687e-03,1.277904102817598031e-02
8.780487804878047906e-03,3.333333333333333981e-03,4.847533632286994687e-03,1.277904102817598031e-02
8.780487804878047906e-03,3.333333333333333981e-03,4.847533632286994687e-03,1.277904102817598031e-02
8.780487804878047906e-03,3.333333333333333981e-03,4.847533632286994687e-03,1.277904102817598031e-02
8.780487804878047906e-03,3.333333333333333981e-03,4.847533632286994687e-03,1.277904102817598031e-02
8.780487804878047906e-03,3.333333333333333981e-03,4.847533632286994687e-03,1.277904102817598031e-02
8.780487804878047906e-03,3.333333333333333981e-03,4.847533632286994687e-03,1.277904102817598031e-02
8.780487804878047906e-03,3.333333333333333981e-03,4.847533632286994687e-03,1.277904102817598031e-02
8.780487804878047906e-03,3.333333333333333981e-03,4.847533632286994687e-03,1.277904102817598031e-02
8.780487804878047906e-03,3.333333333333333981e-03,4.847533632286994687e-03,1.277904102817598031e-02
8.780487804878047906e-03,3.333333333333333981e-03,4.847533632286994687e-03,1.277904102817598031e-02
8.780487804878047906e-03,3.333333333333333981e-03,4.847533632286994687e-03,1.277904102817598031e-02
8.780487804878047906e-03,3.333333333333333981e-03,4.847533632286994687e-03,1.277904102817598031e-02
8.780487804878047906e-03,3.333333333333333981e-03,4.847533632286994687e-03,1.277904102817598031e-02
8.780487804878047906e-03,3.333333333333333981e-03,4.847533632286994687e-03,1.277904102817598031e-02
8.780487804878047906e-03,3.333333333333333981e-03,4.847533632286994687e-03,1.277904102817598031e-02
8.780487804878047906e-03,3.333333333333333981e-03,4.847533632286994687e-03,1.277904102817598031e-02
8.780487804878047906e-03,3.333333333333333981e-03,4.847533632286994687e-03,1.277904102817598031e-02
8.780487804878047906e-03,3.333333333333333981e-03,4.847533632286994687e-03,1.277904102817598031e-02
8.780487804878047906e-03,3.333333333333333981e-03,4.847533632286994687e-03,1.277904102817598031e-02
8.780487804878047906e-03,3.333333333333333981e-03,4.847533632286994687e-03,1.277904102817598031e-02
8.780487804878047906e-03,3.333333333333333981e-03,4.847533632286994687e-03,1.277904102817598031e-02
8.780487804878047906e-03,3.333333333333333981e-03,4.847533632286994687e-03,1.277904102817598031e-02
8.780487804878047906e-03,3.333333333333333981e-03,4.847533632286994687e-03,1.277904102817598031e-02
8.780487804878047906e-03,3.333333333333333981e-03,4.847533632286994687e-03,1.277904102817598031e-02
8.780487804878047906e-03,3.333333333333333981e-03,4.847533632286994687e-03,1.277904102817598031e-02
8.780487804878047906e-03,3.333333333333333981e-03,4.847533632286994687e-03,1.277904102817598031e-02
8.780487804878047906e-03,3.333333333333333981e-03,4.847533632286994687e-03,1.277904102817598031e-02
8.780487804878047906e-03,3.333333333333333981e-03,4.847533632286994687e-03,1.277904102817598031e-02
8.780487804878047906e-03,3.333333333333333981e-03,4.847533632286994687e-03,1.277904102817598031e-02
8.780487804878047906e-03,3.333333333333333981e-03,4.847533632286994687e-03,1.277904102817598031e-02
8.780487804878047906e-03,3.333333333333333981e-03,4.847533632286994687e-03,1.277904102817598031e-02
8.780487804878047906e-03,3.333333333333333981e-03,4.847533632286994687e-03,1.277904102817598031e-02
8.780487804878047906e-03,3.333333333333333981e-03,4.847533632286994687e-03,1.277904102817598031e-02
8.780487804878047906e-03,3.333333333333333981e-03,4.847533632286994687e-03,1.277904102817598031e-02
8.780487804878047906e-03,3.333333333333333981e-03,4.847533632286994687e-03,1.277904102817598031e-02
8.780487804878047906e-03,3.333333333333333981e-03,4.847533632286994687e-03,1.277904102817598031e-02
8.780487804878047906e-03,3.333333333333333981e-03,4.847533632286994687e-03,1.277904102817598031e-02
8.780487804878047906e-03,3.333333333333333981e-03,4.847533632286994687e-03,1.277904102817598031e-02
8.780487804878047906e-03,3.333333333333333981e-03,4.847533632286994687e-03,1.277904102817598031e-02
8.780487804878047906e-03,3.333333333333333981e-03,4.847533632286994687e-03,1.277904102817598031e-02
8.780487804878047906e-03,3.333333333333333981e-03,4.847533632286994687e-03,1.277904102817598031e-02
8.780487804878047906e-03,3.333333333333333981e-03,4.847533632286994687e-03,1.277904102817598031e-02
8.780487804878047906e-03,3.333333333333333981e-03,4.847533632286994687e-03,1.277904102817598031e-02
8.780487804878047906e-03,3.333333333333333981e-03,4.847533632286994687e-03,1.277904102817598031e-02
8.780487804878047906e-03,3.333333333333333981e-03,4.847533632286994687e-03,1.277904102817598031e-02
8.780487804878047906e-03,3.333333333333333981e-03,4.847533632286994687e-03,1.277904102817598031e-02
8.780487804878047906e-03,3.333333333333333981e-03,4.847533632286994687e-03,1.277904102817598031e-02
8.780487804878047906e-03,3.333333333333333981e-03,4.847533632286994687e-03,1.277904102817598031e-02
8.780487804878047906e-03,3.333333333333333981e-03,4.847533632286994687e-03,1.277904102817598031e-02
8.780487804878047906e-03,3.333333333333333981e-03,4.847533632286994687e-03,1.277904102817598031e-02
8.780487804878047906e-03,3.333333333333333981e-03,4.847533632286994687e-03,1.277904102817598031e-02
8.780487804878047906e-03,3.333333333333333981e-03,4.847533632286994687e-03,1.277904102817598031e-02
8.780487804878047906e-03,3.333333333333333981e-03,4.847533632286994687e-03,1.277904102817598031e-02
8.780487804878047906e-03,3.333333333333333981e-03,4.847533632286994687e-03,1.277904102817598031e-02
8.780487804878047906e-03,3.333333333333333981e-03,4.847533632286994687e-03,1.277904102817598031e-02
8.780487804878047906e-03,3.333333333333333981e-03,4.847533632286994687e-03,1.277904102817598031e-02
8.780487804878047906e-03,3.333333333333333981e-03,4.847533632286994687e-03,1.277904102817598031e-02
8.780487804878047906e-03,3.333333333333333981e-03,4.847533632286994687e-03,1.277904102817598031e-02
8.780487804878047906e-03,3.333333333333333981e-03,4.847533632286994687e-03,1.277904102817598031e-02
8.780487804878047906e-03,3.333333333333333981e-03,4.847533632286994687e-03,1.277904102817598031e-02
8.780487804878047906e-03,3.333333333333333981e-03,4.847533632286994687e-03,1.277904102817598031e-02
8.780487804878047906e-03,3.333333333333333981e-03,4.847533632286994687e-03,1.277904102817598031e-02
8.780487804878047906e-03,3.333333333333333981e-03,4.847533632286994687e-03,1.277904102817598031e-02
8.780487804878047906e-03,3.333333333333333981e-03,4.847533632286994687e-03,1.277904102817598031e-02
8.780487804878047906e-03,3.333333333333333981e-03,4.847533632286994687e-03,1.277904102817598031e-02
8.780487804878047906e-03,3.333333333333333981e-03,4.847533632286994687e-03,1.277904102817598031e-02
8.780487804878047906e-03,3.333333333333333981e-03,4.847533632286994687e-03,1.277904102817598031e-02
8.780487804878047906e-03,3.333333333333333981e-03,4.847533632286994687e-03,1.277904102817598031e-02
8.780487804878047906e-03,3.333333333333333981e-03,4.847533632286994687e-03,1.277904102817598031e-02
8.780487804878047906e-03,3.333333333333333981e-03,4.847533632286994687e-03,1.277904102817598031e-02
8.780487804878047906e-03,3.333333333333333981e-03,4.847533632286994687e-03,1.277904102817598031e-02
8.780487804878047906e-03,3.333333333333333981e-03,4.847533632286994687e-03,1.277904102817598031e-02
8.780487804878047906e-03,3.333333333333333981e-03,4.847533632286994687e-03,1.277904102817598031e-02
8.780487804878047906e-03,3.333333333333333981e-03,4.847533632286994687e-03,1.277904102817598031e-02
8.780487804878047906e-03,3.333333333333333981e-03,4.847533632286994687e-03,1.277904102817598031e-02
8.780487804878047906e-03,3.333333333333333981e-03,4.847533632286994687e-03,1.277904102817598031e-02
8.780487804878047906e-03,3.333333333333333981e-03,4.847533632286994687e-03,1.277904102817598031e-02
8.780487804878047906e-03,3.333333333333333981e-03,4.847533632286994687e-03,1.277904102817598031e-02
8.780487804878047906e-03,3.333333333333333981e-03,4.847533632286994687e-03,1.277904102817598031e-02
8.780487804878047906e-03,3.333333333333333981e-03,4.847533632286994687e-03,1.277904102817598031e-02
8.780487804878047906e-03,3.333333333333333981e-03,4.847533632286994687e-03,1.277904102817598031e-02
8.780487804878047906e-03,3.333333333333333981e-03,4.847533632286994687e-03,1.277904102817598031e-02
8.780487804878047906e-03,3.333333333333333981e-03,4.847533632286994687e-03,1.277904102817598031e-02
8.780487804878047906e-03,3.333333333333333981e-03,4.847533632286994687e-03,1.277904102817598031e-02
8.780487804878047906e-03,3.333333333333333981e-03,4.847533632286994687e-03,1.277904102817598031e-02
8.780487804878047906e-03,3.333333333333333981e-03,4.847533632286994687e-03,1.277904102817598031e-02
8.780487804878047906e-03,3.333333333333333981e-03,4.847533632286994687e-03,1.277904102817598031e-02
8.780487804878047906e-03,3.333333333333333981e-03,4.847533632286994687e-03,1.277904102817598031e-02
8.780487804878047906e-03,3.333333333333333981e-03,4.847533632286994687e-03,1.277904102817598031e-02
8.780487804878047906e-03,3.333333333333333981e-03,4.847533632286994687e-03,1.277904102817598031e-02
8.780487804878047906e-03,3.333333333333333981e-03,4.847533632286994687e-03,1.277904102817598031e-02
8.780487804878047906e-03,3.333333333333333981e-03,4.847533632286994687e-03,1.277904102817598031e-02
8.780487804878047906e-03,3.333333333333333981e-03,4.847533632286994687e-03,1.277904102817598031e-02
8.780487804878047906e-03,3.333333333333333981e-03,4.847533632286994687e-03,1.277904102817598031e-02
8.780487804878047906e-03,3.333333333333333981e-03,4.847533632286994687e-03,1.277904102817598031e-02
8.780487804878047906e-03,3.333333333333333981e-03,4.847533632286994687e-03,1.277904102817598031e-02
8.780487804878047906e-03,3.333333333333333981e-03,4.847533632286994687e-03,1.277904102817598031e-02
8.780487804878047906e-03,3.333333333333333981e-03,4.847533632286994687e-03,1.277904102817598031e-02
8.780487804878047906e-03,3.333333333333333981e-03,4.847533632286994687e-03,1.277904102817598031e-02
8.780487804878047906e-03,3.333333333333333981e-03,4.847533632286994687e-03,1.277904102817598031e-02
8.780487804878047906e-03,3.333333333333333981e-03,4.847533632286994687e-03,1.277904102817598031e-02
8.780487804878047906e-03,3.333333333333333981e-03,4.847533632286994687e-03,1.277904102817598031e-02
8.780487804878047906e-03,3.333333333333333981e-03,4.847533632286994687e-03,1.277904102817598031e-02
8.780487804878047906e-03,3.333333333333333981e-03,4.847533632286994687e-03,1.277904102817598031e-02
8.780487804878047906e-03,3.333333333333333981e-03,4.847533632286994687e-03,1.277904102817598031e-02
8.780487804878047906e-03,3.333333333333333981e-03,4.847533632286994687e-03,1.277904102817598031e-02
8.780487804878047906e-03,3.333333333333333981e-03,4.847533632286994687e-03,1.277904102817598031e-02
8.780487804878047906e-03,3.333333333333333981e-03,4.847533632286994687e-03,1.277904102817598031e-02
8.780487804878047906e-03,3.333333333333333981e-03,4.847533632286994687e-03,1.277904102817598031e-02
8.780487804878047906e-03,3.333333333333333981e-03,4.847533632286994687e-03,1.277904102817598031e-02
8.780487804878047906e-03,3.333333333333333981e-03,4.847533632286994687e-03,1.277904102817598031e-02
8.780487804878047906e-03,3.333333333333333981e-03,4.847533632286994687e-03,1.277904102817598031e-02
8.780487804878047906e-03,3.333333333333333981e-03,4.847533632286994687e-03,1.277904102817598031e-02
8.780487804878047906e-03,3.333333333333333981e-03,4.847533632286994687e-03,1.277904102817598031e-02
8.780487804878047906e-03,3.333333333333333981e-03,4.847533632286994687e-03,1.277904102817598031e-02
8.780487804878047906e-03,3.333333333333333981e-03,4.847533632286994687e-03,1.277904102817598031e-02
8.780487804878047906e-03,3.333333333333333981e-03,4.847533632286994687e-03,1.277904102817598031e-02
8.780487804878047906e-03,3.333333333333333981e-03,4.847533632286994687e-03,1.277904102817598031e-02
8.780487804878047906e-03,3.333333333333333981e-03,4.847533632286994687e-03,1.277904102817598031e-02
8.780487804878047906e-03,3.333333333333333981e-03,4.847533632286994687e-03,1.277904102817598031e-02
8.780487804878047906e-03,3.333333333333333981e-03,4.847533632286994687e-03,1.277904102817598031e-02
8.780487804878047906e-03,3.333333333333333981e-03,4.847533632286994687e-03,1.277904102817598031e-02
8.780487804878047906e-03,3.333333333333333981e-03,4.847533632286994687e-03,1.277904102817598031e-02
8.780487804878047906e-03,3.333333333333333981e-03,4.847533632286994687e-03,1.277904102817598031e-02
8.780487804878047906e-03,3.333333333333333981e-03,4.847533632286994687e-03,1.277904102817598031e-02
8.780487804878047906e-03,3.333333333333333981e-03,4.847533632286994687e-03,1.277904102817598031e-02
8.780487804878047906e-03,3.333333333333333981e-03,4.847533632286994687e-03,1.277904102817598031e-02
8.780487804878047906e-03,3.333333333333333981e-03,4.847533632286994687e-03,1.277904102817598031e-02
8.780487804878047906e-03,3.333333333333333981e-03,4.847533632286994687e-03,1.277904102817598031e-02
8.780487804878047906e-03,3.333333333333333981e-03,4.847533632286994687e-03,1.277904102817598031e-02
8.780487804878047906e-03,3.333333333333333981e-03,4.847533632286994687e-03,1.277904102817598031e-02
8.780487804878047906e-03,3.333333333333333981e-03,4.847533632286994687e-03,1.277904102817598031e-02
8.780487804878047906e-03,3.333333333333333981e-03,4.847533632286994687e-03,1.277904102817598031e-02
8.780487804878047906e-03,3.333333333333333981e-03,4.847533632286994687e-03,1.277904102817598031e-02
8.780487804878047906e-03,3.333333333333333981e-03,4.847533632286994687e-03,1.277904102817598031e-02
8.780487804878047906e-03,3.333333333333333981e-03,4.847533632286994687e-03,1.277904102817598031e-02
8.780487804878047906e-03,3.333333333333333981e-03,4.847533632286994687e-03,1.277904102817598031e-02
8.780487804878047906e-03,3.333333333333333981e-03,4.847533632286994687e-03,1.277904102817598031e-02
8.780487804878047906e-03,3.333333333333333981e-03,4.847533632286994687e-03,1.277904102817598031e-02
8.780487804878047906e-03,3.333333333333333981e-03,4.847533632286994687e-03,1.277904102817598031e-02
8.780487804878047906e-03,3.333333333333333981e-03,4.847533632286994687e-03,1.277904102817598031e-02
8.780487804878047906e-03,3.333333333333333981e-03,4.847533632286994687e-03,1.277904102817598031e-02
8.780487804878047906e-03,3.333333333333333981e-03,4.847533632286994687e-03,1.277904102817598031e-02
8.780487804878047906e-03,3.333333333333333981e-03,4.847533632286994687e-03,1.277904102817598031e-02
8.780487804878047906e-03,3.333333333333333981e-03,4.847533632286994687e-03,1.277904102817598031e-02
8.780487804878047906e-03,3.333333333333333981e-03,4.847533632286994687e-03,1.277904102817598031e-02
8.780487804878047906e-03,3.333333333333333981e-03,4.847533632286994687e-03,1.277904102817598031e-02
8.780487804878047906e-03,3.333333333333333981e-03,4.847533632286994687e-03,1.277904102817598031e-02
8.780487804878047906e-03,3.333333333333333981e-03,4.847533632286994687e-03,1.277904102817598031e-02
8.780487804878047906e-03,3.333333333333333981e-03,4.847533632286994687e-03,1.277904102817598031e-02
8.780487804878047906e-03,3.333333333333333981e-03,4.847533632286994687e-03,1.277904102817598031e-02
8.780487804878047906e-03,3.333333333333333981e-03,4.847533632286994687e-03,1.277904102817598031e-02
8.780487804878047906e-03,3.333333333333333981e-03,4.847533632286994687e-03,1.277904102817598031e-02
8.780487804878047906e-03,3.333333333333333981e-03,4.847533632286994687e-03,1.277904102817598031e-02
8.780487804878047906e-03,3.333333333333333981e-03,4.847533632286994687e-03,1.277904102817598031e-02
8.780487804878047906e-03,3.333333333333333981e-03,4.847533632286994687e-03,1.277904102817598031e-02
8.780487804878047906e-03,3.333333333333333981e-03,4.847533632286994687e-03,1.277904102817598031e-02
8.780487804878047906e-03,3.333333333333333981e-03,4.847533632286994687e-03,1.277904102817598031e-02
8.780487804878047906e-03,3.333333333333333981e-03,4.847533632286994687e-03,1.277904102817598031e-02
8.780487804878047906e-03,3.333333333333333981e-03,4.847533632286994687e-03,1.277904102817598031e-02
8.780487804878047906e-03,3.333333333333333981e-03,4.847533632286994687e-03,1.277904102817598031e-02
8.780487804878047906e-03,3.333333333333333981e-03,4.847533632286994687e-03,1.277904102817598031e-02
8.780487804878047906e-03,3.333333333333333981e-03,4.847533632286994687e-03,1.277904102817598031e-02
8.780487804878047906e-03,3.333333333333333981e-03,4.847533632286994687e-03,1.277904102817598031e-02
8.780487804878047906e-03,3.333333333333333981e-03,4.847533632286994687e-03,1.277904102817598031e-02
8.780487804878047906e-03,3.333333333333333981e-03,4.847533632286994687e-03,1.277904102817598031e-02
8.780487804878047906e-03,3.333333333333333981e-03,4.847533632286994687e-03,1.277904102817598031e-02
8.780487804878047906e-03,3.333333333333333981e-03,4.847533632286994687e-03,1.277904102817598031e-02
8.780487804878047906e-03,3.333333333333333981e-03,4.847533632286994687e-03,1.277904102817598031e-02
8.780487804878047906e-03,3.333333333333333981e-03,4.847533632286994687e-03,1.277904102817598031e-02
8.780487804878047906e-03,3.333333333333333981e-03,4.847533632286994687e-03,1.277904102817598031e-02
8.780487804878047906e-03,3.333333333333333981e-03,4.847533632286994687e-03,1.277904102817598031e-02
8.780487804878047906e-03,3.333333333333333981e-03,4.847533632286994687e-03,1.277904102817598031e-02
8.780487804878047906e-03,3.333333333333333981e-03,4.847533632286994687e-03,1.277904102817598031e-02
8.780487804878047906e-03,3.333333333333333981e-03,4.847533632286994687e-03,1.277904102817598031e-02
8.780487804878047906e-03,3.333333333333333981e-03,4.847533632286994687e-03,1.277904102817598031e-02
8.780487804878047906e-03,3.333333333333333981e-03,4.847533632286994687e-03,1.277904102817598031e-02
8.780487804878047906e-03,3.333333333333333981e-03,4.847533632286994687e-03,1.277904102817598031e-02
8.780487804878047906e-03,3.333333333333333981e-03,4.847533632286994687e-03,1.277904102817598031e-02
8.780487804878047906e-03,3.333333333333333981e-03,4.847533632286994687e-03,1.277904102817598031e-02
8.780487804878047906e-03,3.333333333333333981e-03,4.847533632286994687e-03,1.277904102817598031e-02
8.780487804878047906e-03,3.333333333333333981e-03,4.847533632286994687e-03,1.277904102817598031e-02
8.780487804878047906e-03,3.333333333333333981e-03,4.847533632286994687e-03,1.277904102817598031e-02
8.780487804878047906e-03,3.333333333333333981e-03,4.847533632286994687e-03,1.277904102817598031e-02
8.780487804878047906e-03,3.333333333333333981e-03,4.847533632286994687e-03,1.277904102817598031e-02
8.780487804878047906e-03,3.333333333333333981e-03,4.847533632286994687e-03,1.277904102817598031e-02
8.780487804878047906e-03,3.333333333333333981e-03,4.847533632286994687e-03,1.277904102817598031e-02
8.780487804878047906e-03,3.333333333333333981e-03,4.847533632286994687e-03,1.277904102817598031e-02
8.780487804878047906e-03,3.333333333333333981e-03,4.847533632286994687e-03,1.277904102817598031e-02
8.780487804878047906e-03,3.333333333333333981e-03,4.847533632286994687e-03,1.277904102817598031e-02
8.780487804878047906e-03,3.333333333333333981e-03,4.847533632286994687e-03,1.277904102817598031e-02
8.780487804878047906e-03,3.333333333333333981e-03,4.847533632286994687e-03,1.277904102817598031e-02
8.780487804878047906e-03,3.333333333333333981e-03,4.847533632286994687e-03,1.277904102817598031e-02
8.780487804878047906e-03,3.333333333333333981e-03,4.847533632286994687e-03,1.277904102817598031e-02
8.780487804878047906e-03,3.333333333333333981e-03,4.847533632286994687e-03,1.277904102817598031e-02
8.780487804878047906e-03,3.333333333333333981e-03,4.847533632286994687e-03,1.277904102817598031e-02
8.780487804878047906e-03,3.333333333333333981e-03,4.847533632286994687e-03,1.277904102817598031e-02
8.780487804878047906e-03,3.333333333333333981e-03,4.847533632286994687e-03,1.277904102817598031e-02
8.780487804878047906e-03,3.333333333333333981e-03,4.847533632286994687e-03,1.277904102817598031e-02
8.780487804878047906e-03,3.333333333333333981e-03,4.847533632286994687e-03,1.277904102817598031e-02
8.780487804878047906e-03,3.333333333333333981e-03,4.847533632286994687e-03,1.277904102817598031e-02
8.780487804878047906e-03,3.333333333333333981e-03,4.847533632286994687e-03,1.277904102817598031e-02
8.780487804878047906e-03,3.333333333333333981e-03,4.847533632286994687e-03,1.277904102817598031e-02
8.780487804878047906e-03,3.333333333333333981e-03,4.847533632286994687e-03,1.277904102817598031e-02
8.780487804878047906e-03,3.333333333333333981e-03,4.847533632286994687e-03,1.277904102817598031e-02
8.780487804878047906e-03,3.333333333333333981e-03,4.847533632286994687e-03,1.277904102817598031e-02
8.780487804878047906e-03,3.333333333333333981e-03,4.847533632286994687e-03,1.277904102817598031e-02
8.780487804878047906e-03,3.333333333333333981e-03,4.847533632286994687e-03,1.277904102817598031e-02
8.780487804878047906e-03,3.333333333333333981e-03,4.847533632286994687e-03,1.277904102817598031e-02
8.780487804878047906e-03,3.333333333333333981e-03,4.847533632286994687e-03,1.277904102817598031e-02
8.780487804878047906e-03,3.333333333333333981e-03,4.847533632286994687e-03,1.277904102817598031e-02
8.780487804878047906e-03,3.333333333333333981e-03,4.847533632286994687e-03,1.277904102817598031e-02
8.780487804878047906e-03,3.333333333333333981e-03,4.847533632286994687e-03,1.277904102817598031e-02
8.780487804878047906e-03,3.333333333333333981e-03,4.847533632286994687e-03,1.277904102817598031e-02
8.780487804878047906e-03,3.333333333333333981e-03,4.847533632286994687e-03,1.277904102817598031e-02
8.780487804878047906e-03,3.333333333333333981e-03,4.847533632286994687e-03,1.277904102817598031e-02
8.780487804878047906e-03,3.333333333333333981e-03,4.847533632286994687e-03,1.277904102817598031e-02
8.780487804878047906e-03,3.333333333333333981e-03,4.847533632286994687e-03,1.277904102817598031e-02
8.780487804878047906e-03,3.333333333333333981e-03,4.847533632286994687e-03,1.277904102817598031e-02
8.780487804878047906e-03,3.333333333333333981e-03,4.847533632286994687e-03,1.277904102817598031e-02
8.780487804878047906e-03,3.333333333333333981e-03,4.847533632286994687e-03,1.277904102817598031e-02
8.780487804878047906e-03,3.333333333333333981e-03,4.847533632286994687e-03,1.277904102817598031e-02
8.780487804878047906e-03,3.333333333333333981e-03,4.847533632286994687e-03,1.277904102817598031e-02
8.780487804878047906e-03,3.333333333333333981e-03,4.847533632286994687e-03,1.277904102817598031e-02
8.780487804878047906e-03,3.333333333333333981e-03,4.847533632286994687e-03,1.277904102817598031e-02
8.780487804878047906e-03,3.333333333333333981e-03,4.847533632286994687e-03,1.277904102817598031e-02
8.780487804878047906e-03,3.333333333333333981e-03,4.847533632286994687e-03,1.277904102817598031e-02
8.780487804878047906e-03,3.333333333333333981e-03,4.847533632286994687e-03,1.277904102817598031e-02
8.780487804878047906e-03,3.333333333333333981e-03,4.847533632286994687e-03,1.277904102817598031e-02
8.780487804878047906e-03,3.333333333333333981e-03,4.847533632286994687e-03,1.277904102817598031e-02
8.780487804878047906e-03,3.333333333333333981e-03,4.847533632286994687e-03,1.277904102817598031e-02
8.780487804878047906e-03,3.333333333333333981e-03,4.847533632286994687e-03,1.277904102817598031e-02
8.780487804878047906e-03,3.333333333333333981e-03,4.847533632286994687e-03,1.277904102817598031e-02
8.780487804878047906e-03,3.333333333333333981e-03,4.847533632286994687e-03,1.277904102817598031e-02
8.780487804878047906e-03,3.333333333333333981e-03,4.847533632286994687e-03,1.277904102817598031e-02
8.780487804878047906e-03,3.333333333333333981e-03,4.847533632286994687e-03,1.277904102817598031e-02
8.780487804878047906e-03,3.333333333333333981e-03,4.847533632286994687e-03,1.277904102817598031e-02
8.780487804878047906e-03,3.333333333333333981e-03,4.847533632286994687e-03,1.277904102817598031e-02
8.780487804878047906e-03,3.333333333333333981e-03,4.847533632286994687e-03,1.277904102817598031e-02
8.780487804878047906e-03,3.333333333333333981e-03,4.847533632286994687e-03,1.277904102817598031e-02
8.780487804878047906e-03,3.333333333333333981e-03,4.847533632286994687e-03,1.277904102817598031e-02
8.780487804878047906e-03,3.333333333333333981e-03,4.847533632286994687e-03,1.277904102817598031e-02
8.780487804878047906e-03,3.333333333333333981e-03,4.847533632286994687e-03,1.277904102817598031e-02
8.780487804878047906e-03,3.333333333333333981e-03,4.847533632286994687e-03,1.277904102817598031e-02
8.780487804878047906e-03,3.333333333333333981e-03,4.847533632286994687e-03,1.277904102817598031e-02
8.780487804878047906e-03,3.333333333333333981e-03,4.847533632286994687e-03,1.277904102817598031e-02
8.780487804878047906e-03,3.333333333333333981e-03,4.847533632286994687e-03,1.277904102817598031e-02
8.780487804878047906e-03,3.333333333333333981e-03,4.847533632286994687e-03,1.277904102817598031e-02
8.780487804878047906e-03,3.333333333333333981e-03,4.847533632286994687e-03,1.277904102817598031e-02
8.780487804878047906e-03,3.333333333333333981e-03,4.847533632286994687e-03,1.277904102817598031e-02
8.780487804878047906e-03,3.333333333333333981e-03,4.847533632286994687e-03,1.277904102817598031e-02
8.780487804878047906e-03,3.333333333333333981e-03,4.847533632286994687e-03,1.277904102817598031e-02
8.780487804878047906e-03,3.333333333333333981e-03,4.847533632286994687e-03,1.277904102817598031e-02
8.780487804878047906e-03,3.333333333333333981e-03,4.847533632286994687e-03,1.277904102817598031e-02
8.780487804878047906e-03,3.333333333333333981e-03,4.847533632286994687e-03,1.277904102817598031e-02
8.780487804878047906e-03,3.333333333333333981e-03,4.847533632286994687e-03,1.277904102817598031e-02
8.780487804878047906e-03,3.333333333333333981e-03,4.847533632286994687e-03,1.277904102817598031e-02
8.780487804878047906e-03,3.333333333333333981e-03,4.847533632286994687e-03,1.277904102817598031e-02
8.780487804878047906e-03,3.333333333333333981e-03,4.847533632286994687e-03,1.277904102817598031e-02
8.780487804878047906e-03,3.333333333333333981e-03,4.847533632286994687e-03,1.277904102817598031e-02
8.780487804878047906e-03,3.333333333333333981e-03,4.847533632286994687e-03,1.277904102817598031e-02
8.780487804878047906e-03,3.333333333333333981e-03,4.847533632286994687e-03,1.277904102817598031e-02
8.780487804878047906e-03,3.333333333333333981e-03,4.847533632286994687e-03,1.277904102817598031e-02
8.780487804878047906e-03,3.333333333333333981e-03,4.847533632286994687e-03,1.277904102817598031e-02
8.780487804878047906e-03,3.333333333333333981e-03,4.847533632286994687e-03,1.277904102817598031e-02
8.780487804878047906e-03,3.333333333333333981e-03,4.847533632286994687e-03,1.277904102817598031e-02
8.780487804878047906e-03,3.333333333333333981e-03,4.847533632286994687e-03,1.277904102817598031e-02
8.780487804878047906e-03,3.333333333333333981e-03,4.847533632286994687e-03,1.277904102817598031e-02
8.780487804878047906e-03,3.333333333333333981e-03,4.847533632286994687e-03,1.277904102817598031e-02
8.780487804878047906e-03,3.333333333333333981e-03,4.847533632286994687e-03,1.277904102817598031e-02
8.780487804878047906e-03,3.333333333333333981e-03,4.847533632286994687e-03,1.277904102817598031e-02
8.780487804878047906e-03,3.333333333333333981e-03,4.847533632286994687e-03,1.277904102817598031e-02
8.780487804878047906e-03,3.333333333333333981e-03,4.847533632286994687e-03,1.277904102817598031e-02
8.780487804878047906e-03,3.333333333333333981e-03,4.847533632286994687e-03,1.277904102817598031e-02
8.780487804878047906e-03,3.333333333333333981e-03,4.847533632286994687e-03,1.277904102817598031e-02
8.780487804878047906e-03,3.333333333333333981e-03,4.847533632286994687e-03,1.277904102817598031e-02
8.780487804878047906e-03,3.333333333333333981e-03,4.847533632286994687e-03,1.277904102817598031e-02
8.780487804878047906e-03,3.333333333333333981e-03,4.847533632286994687e-03,1.277904102817598031e-02
8.780487804878047906e-03,3.333333333333333981e-03,4.847533632286994687e-03,1.277904102817598031e-02
8.780487804878047906e-03,3.333333333333333981e-03,4.847533632286994687e-03,1.277904102817598031e-02
8.780487804878047906e-03,3.333333333333333981e-03,4.847533632286994687e-03,1.277904102817598031e-02
8.780487804878047906e-03,3.333333333333333981e-03,4.847533632286994687e-03,1.277904102817598031e-02
8.780487804878047906e-03,3.333333333333333981e-03,4.847533632286994687e-03,1.277904102817598031e-02
8.780487804878047906e-03,3.333333333333333981e-03,4.847533632286994687e-03,1.277904102817598031e-02
8.780487804878047906e-03,3.333333333333333981e-03,4.847533632286994687e-03,1.277904102817598031e-02
8.780487804878047906e-03,3.333333333333333981e-03,4.847533632286994687e-03,1.277904102817598031e-02
8.780487804878047906e-03,3.333333333333333981e-03,4.847533632286994687e-03,1.277904102817598031e-02
8.780487804878047906e-03,3.333333333333333981e-03,4.847533632286994687e-03,1.277904102817598031e-02
8.780487804878047906e-03,3.333333333333333981e-03,4.847533632286994687e-03,1.277904102817598031e-02
8.780487804878047906e-03,3.333333333333333981e-03,4.847533632286994687e-03,1.277904102817598031e-02
8.780487804878047906e-03,3.333333333333333981e-03,4.847533632286994687e-03,1.277904102817598031e-02
8.780487804878047906e-03,3.333333333333333981e-03,4.847533632286994687e-03,1.277904102817598031e-02
8.780487804878047906e-03,3.333333333333333981e-03,4.847533632286994687e-03,1.277904102817598031e-02
8.780487804878047906e-03,3.333333333333333981e-03,4.847533632286994687e-03,1.277904102817598031e-02
8.780487804878047906e-03,3.333333333333333981e-03,4.847533632286994687e-03,1.277904102817598031e-02
8.780487804878047906e-03,3.333333333333333981e-03,4.847533632286994687e-03,1.277904102817598031e-02
8.780487804878047906e-03,3.333333333333333981e-03,4.847533632286994687e-03,1.277904102817598031e-02
8.780487804878047906e-03,3.333333333333333981e-03,4.847533632286994687e-03,1.277904102817598031e-02
8.780487804878047906e-03,3.333333333333333981e-03,4.847533632286994687e-03,1.277904102817598031e-02
8.780487804878047906e-03,3.333333333333333981e-03,4.847533632286994687e-03,1.277904102817598031e-02
8.780487804878047906e-03,3.333333333333333981e-03,4.847533632286994687e-03,1.277904102817598031e-02
8.780487804878047906e-03,3.333333333333333981e-03,4.847533632286994687e-03,1.277904102817598031e-02
8.780487804878047906e-03,3.333333333333333981e-03,4.847533632286994687e-03,1.277904102817598031e-02
8.780487804878047906e-03,3.333333333333333981e-03,4.847533632286994687e-03,1.277904102817598031e-02
8.780487804878047906e-03,3.333333333333333981e-03,4.847533632286994687e-03,1.277904102817598031e-02
8.780487804878047906e-03,3.333333333333333981e-03,4.847533632286994687e-03,1.277904102817598031e-02
8.780487804878047906e-03,3.333333333333333981e-03,4.847533632286994687e-03,1.277904102817598031e-02
8.780487804878047906e-03,3.333333333333333981e-03,4.847533632286994687e-03,1.277904102817598031e-02
8.780487804878047906e-03,3.333333333333333981e-03,4.847533632286994687e-03,1.277904102817598031e-02
8.780487804878047906e-03,3.333333333333333981e-03,4.847533632286994687e-03,1.277904102817598031e-02
8.780487804878047906e-03,3.333333333333333981e-03,4.847533632286994687e-03,1.277904102817598031e-02
8.780487804878047906e-03,3.333333333333333981e-03,4.847533632286994687e-03,1.277904102817598031e-02
8.780487804878047906e-03,3.333333333333333981e-03,4.847533632286994687e-03,1.277904102817598031e-02
8.780487804878047906e-03,3.333333333333333981e-03,4.847533632286994687e-03,1.277904102817598031e-02
8.780487804878047906e-03,3.333333333333333981e-03,4.847533632286994687e-03,1.277904102817598031e-02
8.780487804878047906e-03,3.333333333333333981e-03,4.847533632286994687e-03,1.277904102817598031e-02
8.780487804878047906e-03,3.333333333333333981e-03,4.847533632286994687e-03,1.277904102817598031e-02
8.780487804878047906e-03,3.333333333333333981e-03,4.847533632286994687e-03,1.277904102817598031e-02
8.780487804878047906e-03,3.333333333333333981e-03,4.847533632286994687e-03,1.277904102817598031e-02
8.780487804878047906e-03,3.333333333333333981e-03,4.847533632286994687e-03,1.277904102817598031e-02
8.780487804878047906e-03,3.333333333333333981e-03,4.847533632286994687e-03,1.277904102817598031e-02
8.780487804878047906e-03,3.333333333333333981e-03,4.847533632286994687e-03,1.277904102817598031e-02
8.780487804878047906e-03,3.333333333333333981e-03,4.847533632286994687e-03,1.277904102817598031e-02
8.780487804878047906e-03,3.333333333333333981e-03,4.847533632286994687e-03,1.277904102817598031e-02
8.780487804878047906e-03,3.333333333333333981e-03,4.847533632286994687e-03,1.277904102817598031e-02
8.780487804878047906e-03,3.333333333333333981e-03,4.847533632286994687e-03,1.277904102817598031e-02
8.780487804878047906e-03,3.333333333333333981e-03,4.847533632286994687e-03,1.277904102817598031e-02
8.780487804878047906e-03,3.333333333333333981e-03,4.847533632286994687e-03,1.277904102817598031e-02
8.780487804878047906e-03,3.333333333333333981e-03,4.847533632286994687e-03,1.277904102817598031e-02
8.780487804878047906e-03,3.333333333333333981e-03,4.847533632286994687e-03,1.277904102817598031e-02
8.780487804878047906e-03,3.333333333333333981e-03,4.847533632286994687e-03,1.277904102817598031e-02
8.780487804878047906e-03,3.333333333333333981e-03,4.847533632286994687e-03,1.277904102817598031e-02
8.780487804878047906e-03,3.333333333333333981e-03,4.847533632286994687e-03,1.277904102817598031e-02
8.780487804878047906e-03,3.333333333333333981e-03,4.847533632286994687e-03,1.277904102817598031e-02
8.780487804878047906e-03,3.333333333333333981e-03,4.847533632286994687e-03,1.277904102817598031e-02
8.780487804878047906e-03,3.333333333333333981e-03,4.847533632286994687e-03,1.277904102817598031e-02
8.780487804878047906e-03,3.333333333333333981e-03,4.847533632286994687e-03,1.277904102817598031e-02
8.780487804878047906e-03,3.333333333333333981e-03,4.847533632286994687e-03,1.277904102817598031e-02
8.780487804878047906e-03,3.333333333333333981e-03,4.847533632286994687e-03,1.277904102817598031e-02
8.780487804878047906e-03,3.333333333333333981e-03,4.847533632286994687e-03,1.277904102817598031e-02
8.780487804878047906e-03,3.333333333333333981e-03,4.847533632286994687e-03,1.277904102817598031e-02
8.780487804878047906e-03,3.333333333333333981e-03,4.847533632286994687e-03,1.277904102817598031e-02
8.780487804878047906e-03,3.333333333333333981e-03,4.847533632286994687e-03,1.277904102817598031e-02
8.780487804878047906e-03,3.333333333333333981e-03,4.847533632286994687e-03,1.277904102817598031e-02
8.780487804878047906e-03,3.333333333333333981e-03,4.847533632286994687e-03,1.277904102817598031e-02
8.780487804878047906e-03,3.333333333333333981e-03,4.847533632286994687e-03,1.277904102817598031e-02
8.780487804878047906e-03,3.333333333333333981e-03,4.847533632286994687e-03,1.277904102817598031e-02
8.780487804878047906e-03,3.333333333333333981e-03,4.847533632286994687e-03,1.277904102817598031e-02
8.780487804878047906e-03,3.333333333333333981e-03,4.847533632286994687e-03,1.277904102817598031e-02
8.780487804878047906e-03,3.333333333333333981e-03,4.847533632286994687e-03,1.277904102817598031e-02
8.780487804878047906e-03,3.333333333333333981e-03,4.847533632286994687e-03,1.277904102817598031e-02
8.780487804878047906e-03,3.333333333333333981e-03,4.847533632286994687e-03,1.277904102817598031e-02
8.780487804878047906e-03,3.333333333333333981e-03,4.847533632286994687e-03,1.277904102817598031e-02
8.780487804878047906e-03,3.333333333333333981e-03,4.847533632286994687e-03,1.277904102817598031e-02
8.780487804878047906e-03,3.333333333333333981e-03,4.847533632286994687e-03,1.277904102817598031e-02
8.780487804878047906e-03,3.333333333333333981e-03,4.847533632286994687e-03,1.277904102817598031e-02
8.780487804878047906e-03,3.333333333333333981e-03,4.847533632286994687e-03,1.277904102817598031e-02
8.780487804878047906e-03,3.333333333333333981e-03,4.847533632286994687e-03,1.277904102817598031e-02
8.780487804878047906e-03,3.333333333333333981e-03,4.847533632286994687e-03,1.277904102817598031e-02
8.780487804878047906e-03,3.333333333333333981e-03,4.847533632286994687e-03,1.277904102817598031e-02
8.780487804878047906e-03,3.333333333333333981e-03,4.847533632286994687e-03,1.277904102817598031e-02
8.780487804878047906e-03,3.333333333333333981e-03,4.847533632286994687e-03,1.277904102817598031e-02
8.780487804878047906e-03,3.333333333333333981e-03,4.847533632286994687e-03,1.277904102817598031e-02
8.780487804878047906e-03,3.333333333333333981e-03,4.847533632286994687e-03,1.277904102817598031e-02
8.780487804878047906e-03,3.333333333333333981e-03,4.847533632286994687e-03,1.277904102817598031e-02
8.780487804878047906e-03,3.333333333333333981e-03,4.847533632286994687e-03,1.277904102817598031e-02
8.780487804878047906e-03,3.333333333333333981e-03,4.847533632286994687e-03,1.277904102817598031e-02
8.780487804878047906e-03,3.333333333333333981e-03,4.847533632286994687e-03,1.277904102817598031e-02
8.780487804878047906e-03,3.333333333333333981e-03,4.847533632286994687e-03,1.277904102817598031e-02
8.780487804878047906e-03,3.333333333333333981e-03,4.847533632286994687e-03,1.277904102817598031e-02
8.780487804878047906e-03,3.333333333333333981e-03,4.847533632286994687e-03,1.277904102817598031e-02
8.780487804878047906e-03,3.333333333333333981e-03,4.847533632286994687e-03,1.277904102817598031e-02
8.780487804878047906e-03,3.333333333333333981e-03,4.847533632286994687e-03,1.277904102817598031e-02
8.780487804878047906e-03,3.333333333333333981e-03,4.847533632286994687e-03,1.277904102817598031e-02
8.780487804878047906e-03,3.333333333333333981e-03,4.847533632286994687e-03,1.277904102817598031e-02
8.780487804878047906e-03,3.333333333333333981e-03,4.847533632286994687e-03,1.277904102817598031e-02
8.780487804878047906e-03,3.333333333333333981e-03,4.847533632286994687e-03,1.277904102817598031e-02
8.780487804878047906e-03,3.333333333333333981e-03,4.847533632286994687e-03,1.277904102817598031e-02
8.780487804878047906e-03,3.333333333333333981e-03,4.847533632286994687e-03,1.277904102817598031e-02
8.780487804878047906e-03,3.333333333333333981e-03,4.847533632286994687e-03,1.277904102817598031e-02
8.780487804878047906e-03,3.333333333333333981e-03,4.847533632286994687e-03,1.277904102817598031e-02
8.780487804878047906e-03,3.333333333333333981e-03,4.847533632286994687e-03,1.277904102817598031e-02
8.780487804878047906e-03,3.333333333333333981e-03,4.847533632286994687e-03,1.277904102817598031e-02
8.780487804878047906e-03,3.333333333333333981e-03,4.847533632286994687e-03,1.277904102817598031e-02
8.780487804878047906e-03,3.333333333333333981e-03,4.847533632286994687e-03,1.277904102817598031e-02
8.780487804878047906e-03,3.333333333333333981e-03,4.847533632286994687e-03,1.277904102817598031e-02
8.780487804878047906e-03,3.333333333333333981e-03,4.847533632286994687e-03,1.277904102817598031e-02
8.780487804878047906e-03,3.333333333333333981e-03,4.847533632286994687e-03,1.277904102817598031e-02
8.780487804878047906e-03,3.333333333333333981e-03,4.847533632286994687e-03,1.277904102817598031e-02
8.780487804878047906e-03,3.333333333333333981e-03,4.847533632286994687e-03,1.277904102817598031e-02
8.780487804878047906e-03,3.333333333333333981e-03,4.847533632286994687e-03,1.277904102817598031e-02
8.780487804878047906e-03,3.333333333333333981e-03,4.847533632286994687e-03,1.277904102817598031e-02
8.780487804878047906e-03,3.333333333333333981e-03,4.847533632286994687e-03,1.277904102817598031e-02
8.780487804878047906e-03,3.333333333333333981e-03,4.847533632286994687e-03,1.277904102817598031e-02
8.780487804878047906e-03,3.333333333333333981e-03,4.847533632286994687e-03,1.277904102817598031e-02
8.780487804878047906e-03,3.333333333333333981e-03,4.847533632286994687e-03,1.277904102817598031e-02
8.780487804878047906e-03,3.333333333333333981e-03,4.847533632286994687e-03,1.277904102817598031e-02
8.780487804878047906e-03,3.333333333333333981e-03,4.847533632286994687e-03,1.277904102817598031e-02
8.780487804878047906e-03,3.333333333333333981e-03,4.847533632286994687e-03,1.277904102817598031e-02
8.780487804878047906e-03,3.333333333333333981e-03,4.847533632286994687e-03,1.277904102817598031e-02
8.780487804878047906e-03,3.333333333333333981e-03,4.847533632286994687e-03,1.277904102817598031e-02
8.780487804878047906e-03,3.333333333333333981e-03,4.847533632286994687e-03,1.277904102817598031e-02
8.780487804878047906e-03,3.333333333333333981e-03,4.847533632286994687e-03,1.277904102817598031e-02
8.780487804878047906e-03,3.333333333333333981e-03,4.847533632286994687e-03,1.277904102817598031e-02
8.780487804878047906e-03,3.333333333333333981e-03,4.847533632286994687e-03,1.277904102817598031e-02
8.780487804878047906e-03,3.333333333333333981e-03,4.847533632286994687e-03,1.277904102817598031e-02
8.780487804878047906e-03,3.333333333333333981e-03,4.847533632286994687e-03,1.277904102817598031e-02
8.780487804878047906e-03,3.333333333333333981e-03,4.847533632286994687e-03,1.277904102817598031e-02
8.780487804878047906e-03,3.333333333333333981e-03,4.847533632286994687e-03,1.277904102817598031e-02
8.780487804878047906e-03,3.333333333333333981e-03,4.847533632286994687e-03,1.277904102817598031e-02
8.780487804878047906e-03,3.333333333333333981e-03,4.847533632286994687e-03,1.277904102817598031e-02
8.780487804878047906e-03,3.333333333333333981e-03,4.847533632286994687e-03,1.277904102817598031e-02
8.780487804878047906e-03,3.333333333333333981e-03,4.847533632286994687e-03,1.277904102817598031e-02
8.780487804878047906e-03,3.333333333333333981e-03,4.847533632286994687e-03,1.277904102817598031e-02
8.780487804878047906e-03,3.333333333333333981e-03,4.847533632286994687e-03,1.277904102817598031e-02
8.780487804878047906e-03,3.333333333333333981e-03,4.847533632286994687e-03,1.277904102817598031e-02
8.780487804878047906e-03,3.333333333333333981e-03,4.847533632286994687e-03,1.277904102817598031e-02
8.780487804878047906e-03,3.333333333333333981e-03,4.847533632286994687e-03,1.277904102817598031e-02
8.780487804878047906e-03,3.333333333333333981e-03,4.847533632286994687e-03,1.277904102817598031e-02
8.780487804878047906e-03,3.333333333333333981e-03,4.847533632286994687e-03,1.277904102817598031e-02
8.780487804878047906e-03,3.333333333333333981e-03,4.847533632286994687e-03,1.277904102817598031e-02
8.780487804878047906e-03,3.333333333333333981e-03,4.847533632286994687e-03,1.277904102817598031e-02
8.780487804878047906e-03,3.333333333333333981e-03,4.847533632286994687e-03,1.277904102817598031e-02
8.780487804878047906e-03,3.333333333333333981e-03,4.847533632286994687e-03,1.277904102817598031e-02
8.780487804878047906e-03,3.333333333333333981e-03,4.847533632286994687e-03,1.277904102817598031e-02
8.780487804878047906e-03,3.333333333333333981e-03,4.847533632286994687e-03,1.277904102817598031e-02
8.780487804878047906e-03,3.333333333333333981e-03,4.847533632286994687e-03,1.277904102817598031e-02
8.780487804878047906e-03,3.333333333333333981e-03,4.847533632286994687e-03,1.277904102817598031e-02
8.780487804878047906e-03,3.333333333333333981e-03,4.847533632286994687e-03,1.277904102817598031e-02
8.780487804878047906e-03,3.333333333333333981e-03,4.847533632286994687e-03,1.277904102817598031e-02
8.780487804878047906e-03,3.333333333333333981e-03,4.847533632286994687e-03,1.277904102817598031e-02
8.780487804878047906e-03,3.333333333333333981e-03,4.847533632286994687e-03,1.277904102817598031e-02
8.780487804878047906e-03,3.333333333333333981e-03,4.847533632286994687e-03,1.277904102817598031e-02
8.780487804878047906e-03,3.333333333333333981e-03,4.847533632286994687e-03,1.277904102817598031e-02
8.780487804878047906e-03,3.333333333333333981e-03,4.847533632286994687e-03,1.277904102817598031e-02
8.780487804878047906e-03,3.333333333333333981e-03,4.847533632286994687e-03,1.277904102817598031e-02
8.780487804878047906e-03,3.333333333333333981e-03,4.847533632286994687e-03,1.277904102817598031e-02
8.780487804878047906e-03,3.333333333333333981e-03,4.847533632286994687e-03,1.277904102817598031e-02
8.780487804878047906e-03,3.333333333333333981e-03,4.847533632286994687e-03,1.277904102817598031e-02
8.780487804878047906e-03,3.333333333333333981e-03,4.847533632286994687e-03,1.277904102817598031e-02
8.780487804878047906e-03,3.333333333333333981e-03,4.847533632286994687e-03,1.277904102817598031e-02
8.780487804878047906e-03,3.333333333333333981e-03,4.847533632286994687e-03,1.277904102817598031e-02
8.780487804878047906e-03,3.333333333333333981e-03,4.847533632286994687e-03,1.277904102817598031e-02
8.780487804878047906e-03,3.333333333333333981e-03,4.847533632286994687e-03,1.277904102817598031e-02
8.780487804878047906e-03,3.333333333333333981e-03,4.847533632286994687e-03,1.277904102817598031e-02
8.780487804878047906e-03,3.333333333333333981e-03,4.847533632286994687e-03,1.277904102817598031e-02
8.780487804878047906e-03,3.333333333333333981e-03,4.847533632286994687e-03,1.277904102817598031e-02
8.780487804878047906e-03,3.333333333333333981e-03,4.847533632286994687e-03,1.277904102817598031e-02
8.780487804878047906e-03,3.333333333333333981e-03,4.847533632286994687e-03,1.277904102817598031e-02
8.780487804878047906e-03,3.333333333333333981e-03,4.847533632286994687e-03,1.277904102817598031e-02
8.780487804878047906e-03,3.333333333333333981e-03,4.847533632286994687e-03,1.277904102817598031e-02
8.780487804878047906e-03,3.333333333333333981e-03,4.847533632286994687e-03,1.277904102817598031e-02
8.780487804878047906e-03,3.333333333333333981e-03,4.847533632286994687e-03,1.277904102817598031e-02
8.780487804878047906e-03,3.333333333333333981e-03,4.847533632286994687e-03,1.277904102817598031e-02
8.780487804878047906e-03,3.333333333333333981e-03,4.847533632286994687e-03,1.277904102817598031e-02
8.780487804878047906e-03,3.333333333333333981e-03,4.847533632286994687e-03,1.277904102817598031e-02
8.780487804878047906e-03,3.333333333333333981e-03,4.847533632286994687e-03,1.277904102817598031e-02
8.780487804878047906e-03,3.333333333333333981e-03,4.847533632286994687e-03,1.277904102817598031e-02
8.780487804878047906e-03,3.333333333333333981e-03,4.847533632286994687e-03,1.277904102817598031e-02
8.780487804878047906e-03,3.333333333333333981e-03,4.847533632286994687e-03,1.277904102817598031e-02
8.780487804878047906e-03,3.333333333333333981e-03,4.847533632286994687e-03,1.277904102817598031e-02
8.780487804878047906e-03,3.333333333333333981e-03,4.847533632286994687e-03,1.277904102817598031e-02
8.780487804878047906e-03,3.333333333333333981e-03,4.847533632286994687e-03,1.277904102817598031e-02
8.780487804878047906e-03,3.333333333333333981e-03,4.847533632286994687e-03,1.277904102817598031e-02
8.780487804878047906e-03,3.333333333333333981e-03,4.847533632286994687e-03,1.277904102817598031e-02
8.780487804878047906e-03,3.333333333333333981e-03,4.847533632286994687e-03,1.277904102817598031e-02
8.780487804878047906e-03,3.333333333333333981e-03,4.847533632286994687e-03,1.277904102817598031e-02
8.780487804878047906e-03,3.333333333333333981e-03,4.847533632286994687e-03,1.277904102817598031e-02
8.780487804878047906e-03,3.333333333333333981e-03,4.847533632286994687e-03,1.277904102817598031e-02
8.780487804878047906e-03,3.333333333333333981e-03,4.847533632286994687e-03,1.277904102817598031e-02
8.780487804878047906e-03,3.333333333333333981e-03,4.847533632286994687e-03,1.277904102817598031e-02
8.780487804878047906e-03,3.333333333333333981e-03,4.847533632286994687e-03,1.277904102817598031e-02
8.780487804878047906e-03,3.333333333333333981e-03,4.847533632286994687e-03,1.277904102817598031e-02
8.780487804878047906e-03,3.333333333333333981e-03,4.847533632286994687e-03,1.277904102817598031e-02
8.780487804878047906e-03,3.333333333333333981e-03,4.847533632286994687e-03,1.277904102817598031e-02
8.780487804878047906e-03,3.333333333333333981e-03,4.847533632286994687e-03,1.277904102817598031e-02
8.780487804878047906e-03,3.333333333333333981e-03,4.847533632286994687e-03,1.277904102817598031e-02
8.780487804878047906e-03,3.333333333333333981e-03,4.847533632286994687e-03,1.277904102817598031e-02
8.780487804878047906e-03,3.333333333333333981e-03,4.847533632286994687e-03,1.277904102817598031e-02
8.780487804878047906e-03,3.333333333333333981e-03,4.847533632286994687e-03,1.277904102817598031e-02
8.780487804878047906e-03,3.333333333333333981e-03,4.847533632286994687e-03,1.277904102817598031e-02
8.780487804878047906e-03,3.333333333333333981e-03,4.847533632286994687e-03,1.277904102817598031e-02
8.780487804878047906e-03,3.333333333333333981e-03,4.847533632286994687e-03,1.277904102817598031e-02
8.780487804878047906e-03,3.333333333333333981e-03,4.847533632286994687e-03,1.277904102817598031e-02
8.780487804878047906e-03,3.333333333333333981e-03,4.847533632286994687e-03,1.277904102817598031e-02
8.780487804878047906e-03,3.333333333333333981e-03,4.847533632286994687e-03,1.277904102817598031e-02
8.780487804878047906e-03,3.333333333333333981e-03,4.847533632286994687e-03,1.277904102817598031e-02
8.780487804878047906e-03,3.333333333333333981e-03,4.847533632286994687e-03,1.277904102817598031e-02
8.780487804878047906e-03,3.333333333333333981e-03,4.847533632286994687e-03,1.277904102817598031e-02
8.780487804878047906e-03,3.333333333333333981e-03,4.847533632286994687e-03,1.277904102817598031e-02
8.780487804878047906e-03,3.333333333333333981e-03,4.847533632286994687e-03,1.277904102817598031e-02
8.780487804878047906e-03,3.333333333333333981e-03,4.847533632286994687e-03,1.277904102817598031e-02
8.780487804878047906e-03,3.333333333333333981e-03,4.847533632286994687e-03,1.277904102817598031e-02
8.780487804878047906e-03,3.333333333333333981e-03,4.847533632286994687e-03,1.277904102817598031e-02
8.780487804878047906e-03,3.333333333333333981e-03,4.847533632286994687e-03,1.277904102817598031e-02
8.780487804878047906e-03,3.333333333333333981e-03,4.847533632286994687e-03,1.277904102817598031e-02
8.780487804878047906e-03,3.333333333333333981e-03,4.847533632286994687e-03,1.277904102817598031e-02
8.780487804878047906e-03,3.333333333333333981e-03,4.847533632286994687e-03,1.277904102817598031e-02
8.780487804878047906e-03,3.333333333333333981e-03,4.847533632286994687e-03,1.277904102817598031e-02
8.780487804878047906e-03,3.333333333333333981e-03,4.847533632286994687e-03,1.277904102817598031e-02
8.780487804878047906e-03,3.333333333333333981e-03,4.847533632286994687e-03,1.277904102817598031e-02
8.780487804878047906e-03,3.333333333333333981e-03,4.847533632286994687e-03,1.277904102817598031e-02
8.780487804878047906e-03,3.333333333333333981e-03,4.847533632286994687e-03,1.277904102817598031e-02
8.780487804878047906e-03,3.333333333333333981e-03,4.847533632286994687e-03,1.277904102817598031e-02
8.780487804878047906e-03,3.333333333333333981e-03,4.847533632286994687e-03,1.277904102817598031e-02
8.780487804878047906e-03,3.333333333333333981e-03,4.847533632286994687e-03,1.277904102817598031e-02
8.780487804878047906e-03,3.333333333333333981e-03,4.847533632286994687e-03,1.277904102817598031e-02
8.780487804878047906e-03,3.333333333333333981e-03,4.847533632286994687e-03,1.277904102817598031e-02
8.780487804878047906e-03,3.333333333333333981e-03,4.847533632286994687e-03,1.277904102817598031e-02
8.780487804878047906e-03,3.333333333333333981e-03,4.847533632286994687e-03,1.277904102817598031e-02
8.780487804878047906e-03,3.333333333333333981e-03,4.847533632286994687e-03,1.277904102817598031e-02
8.780487804878047906e-03,3.333333333333333981e-03,4.847533632286994687e-03,1.277904102817598031e-02
8.780487804878047906e-03,3.333333333333333981e-03,4.847533632286994687e-03,1.277904102817598031e-02
8.780487804878047906e-03,3.333333333333333981e-03,4.847533632286994687e-03,1.277904102817598031e-02
8.780487804878047906e-03,3.333333333333333981e-03,4.847533632286994687e-03,1.277904102817598031e-02
8.780487804878047906e-03,3.333333333333333981e-03,4.847533632286994687e-03,1.277904102817598031e-02
8.780487804878047906e-03,3.333333333333333981e-03,4.847533632286994687e-03,1.277904102817598031e-02
8.780487804878047906e-03,3.333333333333333981e-03,4.847533632286994687e-03,1.277904102817598031e-02
8.780487804878047906e-03,3.333333333333333981e-03,4.847533632286994687e-03,1.277904102817598031e-02
8.780487804878047906e-03,3.333333333333333981e-03,4.847533632286994687e-03,1.277904102817598031e-02
8.780487804878047906e-03,3.333333333333333981e-03,4.847533632286994687e-03,1.277904102817598031e-02
8.780487804878047906e-03,3.333333333333333981e-03,4.847533632286994687e-03,1.277904102817598031e-02
8.780487804878047906e-03,3.333333333333333981e-03,4.847533632286994687e-03,1.277904102817598031e-02
8.780487804878047906e-03,3.333333333333333981e-03,4.847533632286994687e-03,1.277904102817598031e-02
8.780487804878047906e-03,3.333333333333333981e-03,4.847533632286994687e-03,1.277904102817598031e-02
8.780487804878047906e-03,3.333333333333333981e-03,4.847533632286994687e-03,1.277904102817598031e-02
8.780487804878047906e-03,3.333333333333333981e-03,4.847533632286994687e-03,1.277904102817598031e-02
8.780487804878047906e-03,3.333333333333333981e-03,4.847533632286994687e-03,1.277904102817598031e-02
8.780487804878047906e-03,3.333333333333333981e-03,4.847533632286994687e-03,1.277904102817598031e-02
8.780487804878047906e-03,3.333333333333333981e-03,4.847533632286994687e-03,1.277904102817598031e-02
8.780487804878047906e-03,3.333333333333333981e-03,4.847533632286994687e-03,1.277904102817598031e-02
8.780487804878047906e-03,3.333333333333333981e-03,4.847533632286994687e-03,1.277904102817598031e-02
8.780487804878047906e-03,3.333333333333333981e-03,4.847533632286994687e-03,1.277904102817598031e-02
8.780487804878047906e-03,3.333333333333333981e-03,4.847533632286994687e-03,1.277904102817598031e-02
8.780487804878047906e-03,3.333333333333333981e-03,4.847533632286994687e-03,1.277904102817598031e-02
8.780487804878047906e-03,3.333333333333333981e-03,4.847533632286994687e-03,1.277904102817598031e-02
8.780487804878047906e-03,3.333333333333333981e-03,4.847533632286994687e-03,1.277904102817598031e-02
8.780487804878047906e-03,3.333333333333333981e-03,4.847533632286994687e-03,1.277904102817598031e-02
8.780487804878047906e-03,3.333333333333333981e-03,4.847533632286994687e-03,1.277904102817598031e-02
8.780487804878047906e-03,3.333333333333333981e-03,4.847533632286994687e-03,1.277904102817598031e-02
8.780487804878047906e-03,3.333333333333333981e-03,4.847533632286994687e-03,1.277904102817598031e-02
8.780487804878047906e-03,3.333333333333333981e-03,4.847533632286994687e-03,1.277904102817598031e-02
8.780487804878047906e-03,3.333333333333333981e-03,4.847533632286994687e-03,1.277904102817598031e-02
8.780487804878047906e-03,3.333333333333333981e-03,4.847533632286994687e-03,1.277904102817598031e-02
8.780487804878047906e-03,3.333333333333333981e-03,4.847533632286994687e-03,1.277904102817598031e-02
8.780487804878047906e-03,3.333333333333333981e-03,4.847533632286994687e-03,1.277904102817598031e-02
8.780487804878047906e-03,3.333333333333333981e-03,4.847533632286994687e-03,1.277904102817598031e-02
8.780487804878047906e-03,3.333333333333333981e-03,4.847533632286994687e-03,1.277904102817598031e-02
8.780487804878047906e-03,3.333333333333333981e-03,4.847533632286994687e-03,1.277904102817598031e-02
8.780487804878047906e-03,3.333333333333333981e-03,4.847533632286994687e-03,1.277904102817598031e-02
8.780487804878047906e-03,3.333333333333333981e-03,4.847533632286994687e-03,1.277904102817598031e-02
8.780487804878047906e-03,3.333333333333333981e-03,4.847533632286994687e-03,1.277904102817598031e-02
8.780487804878047906e-03,3.333333333333333981e-03,4.847533632286994687e-03,1.277904102817598031e-02
8.780487804878047906e-03,3.333333333333333981e-03,4.847533632286994687e-03,1.277904102817598031e-02
8.780487804878047906e-03,3.333333333333333981e-03,4.847533632286994687e-03,1.277904102817598031e-02
8.780487804878047906e-03,3.333333333333333981e-03,4.847533632286994687e-03,1.277904102817598031e-02
8.780487804878047906e-03,3.333333333333333981e-03,4.847533632286994687e-03,1.277904102817598031e-02
8.780487804878047906e-03,3.333333333333333981e-03,4.847533632286994687e-03,1.277904102817598031e-02
8.780487804878047906e-03,3.333333333333333981e-03,4.847533632286994687e-03,1.277904102817598031e-02
8.780487804878047906e-03,3.333333333333333981e-03,4.847533632286994687e-03,1.277904102817598031e-02
8.780487804878047906e-03,3.333333333333333981e-03,4.847533632286994687e-03,1.277904102817598031e-02
8.780487804878047906e-03,3.333333333333333981e-03,4.847533632286994687e-03,1.277904102817598031e-02
8.780487804878047906e-03,3.333333333333333981e-03,4.847533632286994687e-03,1.277904102817598031e-02
8.780487804878047906e-03,3.333333333333333981e-03,4.847533632286994687e-03,1.277904102817598031e-02
8.780487804878047906e-03,3.333333333333333981e-03,4.847533632286994687e-03,1.277904102817598031e-02
8.780487804878047906e-03,3.333333333333333981e-03,4.847533632286994687e-03,1.277904102817598031e-02
8.780487804878047906e-03,3.333333333333333981e-03,4.847533632286994687e-03,1.277904102817598031e-02
8.780487804878047906e-03,3.333333333333333981e-03,4.847533632286994687e-03,1.277904102817598031e-02
8.780487804878047906e-03,3.333333333333333981e-03,4.847533632286994687e-03,1.277904102817598031e-02
8.780487804878047906e-03,3.333333333333333981e-03,4.847533632286994687e-03,1.277904102817598031e-02
8.780487804878047906e-03,3.333333333333333981e-03,4.847533632286994687e-03,1.277904102817598031e-02
8.780487804878047906e-03,3.333333333333333981e-03,4.847533632286994687e-03,1.277904102817598031e-02
8.780487804878047906e-03,3.333333333333333981e-03,4.847533632286994687e-03,1.277904102817598031e-02
8.780487804878047906e-03,3.333333333333333981e-03,4.847533632286994687e-03,1.277904102817598031e-02
8.780487804878047906e-03,3.333333333333333981e-03,4.847533632286994687e-03,1.277904102817598031e-02
8.780487804878047906e-03,3.333333333333333981e-03,4.847533632286994687e-03,1.277904102817598031e-02
8.780487804878047906e-03,3.333333333333333981e-03,4.847533632286994687e-03,1.277904102817598031e-02
8.780487804878047906e-03,3.333333333333333981e-03,4.847533632286994687e-03,1.277904102817598031e-02
8.780487804878047906e-03,3.333333333333333981e-03,4.847533632286994687e-03,1.277904102817598031e-02
8.780487804878047906e-03,3.333333333333333981e-03,4.847533632286994687e-03,1.277904102817598031e-02
8.780487804878047906e-03,3.333333333333333981e-03,4.847533632286994687e-03,1.277904102817598031e-02
8.780487804878047906e-03,3.333333333333333981e-03,4.847533632286994687e-03,1.277904102817598031e-02
8.780487804878047906e-03,3.333333333333333981e-03,4.847533632286994687e-03,1.277904102817598031e-02
8.780487804878047906e-03,3.333333333333333981e-03,4.847533632286994687e-03,1.277904102817598031e-02
8.780487804878047906e-03,3.333333333333333981e-03,4.847533632286994687e-03,1.277904102817598031e-02
8.780487804878047906e-03,3.333333333333333981e-03,4.847533632286994687e-03,1.277904102817598031e-02
8.780487804878047906e-03,3.333333333333333981e-03,4.847533632286994687e-03,1.277904102817598031e-02
8.780487804878047906e-03,3.333333333333333981e-03,4.847533632286994687e-03,1.277904102817598031e-02
8.780487804878047906e-03,3.333333333333333981e-03,4.847533632286994687e-03,1.277904102817598031e-02
8.780487804878047906e-03,3.333333333333333981e-03,4.847533632286994687e-03,1.277904102817598031e-02
8.780487804878047906e-03,3.333333333333333981e-03,4.847533632286994687e-03,1.277904102817598031e-02
8.780487804878047906e-03,3.333333333333333981e-03,4.847533632286994687e-03,1.277904102817598031e-02
8.780487804878047906e-03,3.333333333333333981e-03,4.847533632286994687e-03,1.277904102817598031e-02
8.780487804878047906e-03,3.333333333333333981e-03,4.847533632286994687e-03,1.277904102817598031e-02
8.780487804878047906e-03,3.333333333333333981e-03,4.847533632286994687e-03,1.277904102817598031e-02
8.780487804878047906e-03,3.333333333333333981e-03,4.847533632286994687e-03,1.277904102817598031e-02
8.780487804878047906e-03,3.333333333333333981e-03,4.847533632286994687e-03,1.277904102817598031e-02
8.780487804878047906e-03,3.333333333333333981e-03,4.847533632286994687e-03,1.277904102817598031e-02
8.780487804878047906e-03,3.333333333333333981e-03,4.847533632286994687e-03,1.277904102817598031e-02
8.780487804878047906e-03,3.333333333333333981e-03,4.847533632286994687e-03,1.277904102817598031e-02
8.780487804878047906e-03,3.333333333333333981e-03,4.847533632286994687e-03,1.277904102817598031e-02
8.780487804878047906e-03,3.333333333333333981e-03,4.847533632286994687e-03,1.277904102817598031e-02
8.780487804878047906e-03,3.333333333333333981e-03,4.847533632286994687e-03,1.277904102817598031e-02
8.780487804878047906e-03,3.333333333333333981e-03,4.847533632286994687e-03,1.277904102817598031e-02
8.780487804878047906e-03,3.333333333333333981e-03,4.847533632286994687e-03,1.277904102817598031e-02
8.780487804878047906e-03,3.333333333333333981e-03,4.847533632286994687e-03,1.277904102817598031e-02
8.780487804878047906e-03,3.333333333333333981e-03,4.847533632286994687e-03,1.277904102817598031e-02
8.780487804878047906e-03,3.333333333333333981e-03,4.847533632286994687e-03,1.277904102817598031e-02
8.780487804878047906e-03,3.333333333333333981e-03,4.847533632286994687e-03,1.277904102817598031e-02
8.780487804878047906e-03,3.333333333333333981e-03,4.847533632286994687e-03,1.277904102817598031e-02
8.780487804878047906e-03,3.333333333333333981e-03,4.847533632286994687e-03,1.277904102817598031e-02
8.780487804878047906e-03,3.333333333333333981e-03,4.847533632286994687e-03,1.277904102817598031e-02
8.780487804878047906e-03,3.333333333333333981e-03,4.847533632286994687e-03,1.277904102817598031e-02
8.780487804878047906e-03,3.333333333333333981e-03,4.847533632286994687e-03,1.277904102817598031e-02
8.780487804878047906e-03,3.333333333333333981e-03,4.847533632286994687e-03,1.277904102817598031e-02
8.780487804878047906e-03,3.333333333333333981e-03,4.847533632286994687e-03,1.277904102817598031e-02
8.780487804878047906e-03,3.333333333333333981e-03,4.847533632286994687e-03,1.277904102817598031e-02
8.780487804878047906e-03,3.333333333333333981e-03,4.847533632286994687e-03,1.277904102817598031e-02
8.780487804878047906e-03,3.333333333333333981e-03,4.847533632286994687e-03,1.277904102817598031e-02
8.780487804878047906e-03,3.333333333333333981e-03,4.847533632286994687e-03,1.277904102817598031e-02
8.780487804878047906e-03,3.333333333333333981e-03,4.847533632286994687e-03,1.277904102817598031e-02
8.780487804878047906e-03,3.333333333333333981e-03,4.847533632286994687e-03,1.277904102817598031e-02
8.780487804878047906e-03,3.333333333333333981e-03,4.847533632286994687e-03,1.277904102817598031e-02
8.780487804878047906e-03,3.333333333333333981e-03,4.847533632286994687e-03,1.277904102817598031e-02
8.780487804878047906e-03,3.333333333333333981e-03,4.847533632286994687e-03,1.277904102817598031e-02
8.780487804878047906e-03,3.333333333333333981e-03,4.847533632286994687e-03,1.277904102817598031e-02
8.780487804878047906e-03,3.333333333333333981e-03,4.847533632286994687e-03,1.277904102817598031e-02
8.780487804878047906e-03,3.333333333333333981e-03,4.847533632286994687e-03,1.277904102817598031e-02
8.780487804878047906e-03,3.333333333333333981e-03,4.847533632286994687e-03,1.277904102817598031e-02
8.780487804878047906e-03,3.333333333333333981e-03,4.847533632286994687e-03,1.277904102817598031e-02
8.780487804878047906e-03,3.333333333333333981e-03,4.847533632286994687e-03,1.277904102817598031e-02
8.780487804878047906e-03,3.333333333333333981e-03,4.847533632286994687e-03,1.277904102817598031e-02
8.780487804878047906e-03,3.333333333333333981e-03,4.847533632286994687e-03,1.277904102817598031e-02
8.780487804878047906e-03,3.333333333333333981e-03,4.847533632286994687e-03,1.277904102817598031e-02
8.780487804878047906e-03,3.333333333333333981e-03,4.847533632286994687e-03,1.277904102817598031e-02
8.780487804878047906e-03,3.333333333333333981e-03,4.847533632286994687e-03,1.277904102817598031e-02
8.780487804878047906e-03,3.333333333333333981e-03,4.847533632286994687e-03,1.277904102817598031e-02
8.780487804878047906e-03,3.333333333333333981e-03,4.847533632286994687e-03,1.277904102817598031e-02
8.780487804878047906e-03,3.333333333333333981e-03,4.847533632286994687e-03,1.277904102817598031e-02
8.780487804878047906e-03,3.333333333333333981e-03,4.847533632286994687e-03,1.277904102817598031e-02
8.780487804878047906e-03,3.333333333333333981e-03,4.847533632286994687e-03,1.277904102817598031e-02
8.780487804878047906e-03,3.333333333333333981e-03,4.847533632286994687e-03,1.277904102817598031e-02
8.780487804878047906e-03,3.333333333333333981e-03,4.847533632286994687e-03,1.277904102817598031e-02
8.780487804878047906e-03,3.333333333333333981e-03,4.847533632286994687e-03,1.277904102817598031e-02
8.780487804878047906e-03,3.333333333333333981e-03,4.847533632286994687e-03,1.277904102817598031e-02
8.780487804878047906e-03,3.333333333333333981e-03,4.847533632286994687e-03,1.277904102817598031e-02
8.780487804878047906e-03,3.333333333333333981e-03,4.847533632286994687e-03,1.277904102817598031e-02
8.780487804878047906e-03,3.333333333333333981e-03,4.847533632286994687e-03,1.277904102817598031e-02
8.780487804878047906e-03,3.333333333333333981e-03,4.847533632286994687e-03,1.277904102817598031e-02
8.780487804878047906e-03,3.333333333333333981e-03,4.847533632286994687e-03,1.277904102817598031e-02
8.780487804878047906e-03,3.333333333333333981e-03,4.847533632286994687e-03,1.277904102817598031e-02
8.780487804878047906e-03,3.333333333333333981e-03,4.847533632286994687e-03,1.277904102817598031e-02
8.780487804878047906e-03,3.333333333333333981e-03,4.847533632286994687e-03,1.277904102817598031e-02
8.780487804878047906e-03,3.333333333333333981e-03,4.847533632286994687e-03,1.277904102817598031e-02
8.780487804878047906e-03,3.333333333333333981e-03,4.847533632286994687e-03,1.277904102817598031e-02
8.780487804878047906e-03,3.333333333333333981e-03,4.847533632286994687e-03,1.277904102817598031e-02
8.780487804878047906e-03,3.333333333333333981e-03,4.847533632286994687e-03,1.277904102817598031e-02
8.780487804878047906e-03,3.333333333333333981e-03,4.847533632286994687e-03,1.277904102817598031e-02
8.780487804878047906e-03,3.333333333333333981e-03,4.847533632286994687e-03,1.277904102817598031e-02
8.780487804878047906e-03,3.333333333333333981e-03,4.847533632286994687e-03,1.277904102817598031e-02
8.780487804878047906e-03,3.333333333333333981e-03,4.847533632286994687e-03,1.277904102817598031e-02
8.780487804878047906e-03,3.333333333333333981e-03,4.847533632286994687e-03,1.277904102817598031e-02
8.780487804878047906e-03,3.333333333333333981e-03,4.847533632286994687e-03,1.277904102817598031e-02
8.780487804878047906e-03,3.333333333333333981e-03,4.847533632286994687e-03,1.277904102817598031e-02
8.780487804878047906e-03,3.333333333333333981e-03,4.847533632286994687e-03,1.277904102817598031e-02
8.780487804878047906e-03,3.333333333333333981e-03,4.847533632286994687e-03,1.277904102817598031e-02
8.780487804878047906e-03,3.333333333333333981e-03,4.847533632286994687e-03,1.277904102817598031e-02
8.780487804878047906e-03,3.333333333333333981e-03,4.847533632286994687e-03,1.277904102817598031e-02
8.780487804878047906e-03,3.333333333333333981e-03,4.847533632286994687e-03,1.277904102817598031e-02
8.780487804878047906e-03,3.333333333333333981e-03,4.847533632286994687e-03,1.277904102817598031e-02
8.780487804878047906e-03,3.333333333333333981e-03,4.847533632286994687e-03,1.277904102817598031e-02
8.780487804878047906e-03,3.333333333333333981e-03,4.847533632286994687e-03,1.277904102817598031e-02
8.780487804878047906e-03,3.333333333333333981e-03,4.847533632286994687e-03,1.277904102817598031e-02
8.780487804878047906e-03,3.333333333333333981e-03,4.847533632286994687e-03,1.277904102817598031e-02
8.780487804878047906e-03,3.333333333333333981e-03,4.847533632286994687e-03,1.277904102817598031e-02
8.780487804878047906e-03,3.333333333333333981e-03,4.847533632286994687e-03,1.277904102817598031e-02
8.780487804878047906e-03,3.333333333333333981e-03,4.847533632286994687e-03,1.277904102817598031e-02
8.780487804878047906e-03,3.333333333333333981e-03,4.847533632286994687e-03,1.277904102817598031e-02
8.780487804878047906e-03,3.333333333333333981e-03,4.847533632286994687e-03,1.277904102817598031e-02
8.780487804878047906e-03,3.333333333333333981e-03,4.847533632286994687e-03,1.277904102817598031e-02
8.780487804878047906e-03,3.333333333333333981e-03,4.847533632286994687e-03,1.277904102817598031e-02
8.780487804878047906e-03,3.333333333333333981e-03,4.847533632286994687e-03,1.277904102817598031e-02
8.780487804878047906e-03,3.333333333333333981e-03,4.847533632286994687e-03,1.277904102817598031e-02
8.780487804878047906e-03,3.333333333333333981e-03,4.847533632286994687e-03,1.277904102817598031e-02
8.780487804878047906e-03,3.333333333333333981e-03,4.847533632286994687e-03,1.277904102817598031e-02
8.780487804878047906e-03,3.333333333333333981e-03,4.847533632286994687e-03,1.277904102817598031e-02
8.780487804878047906e-03,3.333333333333333981e-03,4.847533632286994687e-03,1.277904102817598031e-02
8.780487804878047906e-03,3.333333333333333981e-03,4.847533632286994687e-03,1.277904102817598031e-02
8.780487804878047906e-03,3.333333333333333981e-03,4.847533632286994687e-03,1.277904102817598031e-02
8.780487804878047906e-03,3.333333333333333981e-03,4.847533632286994687e-03,1.277904102817598031e-02
8.780487804878047906e-03,3.333333333333333981e-03,4.847533632286994687e-03,1.277904102817598031e-02
8.780487804878047906e-03,3.333333333333333981e-03,4.847533632286994687e-03,1.277904102817598031e-02
8.780487804878047906e-03,3.333333333333333981e-03,4.847533632286994687e-03,1.277904102817598031e-02
8.780487804878047906e-03,3.333333333333333981e-03,4.847533632286994687e-03,1.277904102817598031e-02
8.780487804878047906e-03,3.333333333333333981e-03,4.847533632286994687e-03,1.277904102817598031e-02
8.780487804878047906e-03,3.333333333333333981e-03,4.847533632286994687e-03,1.277904102817598031e-02
8.780487804878047906e-03,3.333333333333333981e-03,4.847533632286994687e-03,1.277904102817598031e-02
8.780487804878047906e-03,3.333333333333333981e-03,4.847533632286994687e-03,1.277904102817598031e-02
8.780487804878047906e-03,3.333333333333333981e-03,4.847533632286994687e-03,1.277904102817598031e-02
8.780487804878047906e-03,3.333333333333333981e-03,4.847533632286994687e-03,1.277904102817598031e-02
8.780487804878047906e-03,3.333333333333333981e-03,4.847533632286994687e-03,1.277904102817598031e-02
8.780487804878047906e-03,3.333333333333333981e-03,4.847533632286994687e-03,1.277904102817598031e-02
8.780487804878047906e-03,3.333333333333333981e-03,4.847533632286994687e-03,1.277904102817598031e-02
8.780487804878047906e-03,3.333333333333333981e-03,4.847533632286994687e-03,1.277904102817598031e-02
8.780487804878047906e-03,3.333333333333333981e-03,4.847533632286994687e-03,1.277904102817598031e-02
8.780487804878047906e-03,3.333333333333333981e-03,4.847533632286994687e-03,1.277904102817598031e-02
8.780487804878047906e-03,3.333333333333333981e-03,4.847533632286994687e-03,1.277904102817598031e-02
8.780487804878047906e-03,3.333333333333333981e-03,4.847533632286994687e-03,1.277904102817598031e-02
8.780487804878047906e-03,3.333333333333333981e-03,4.847533632286994687e-03,1.277904102817598031e-02
8.780487804878047906e-03,3.333333333333333981e-03,4.847533632286994687e-03,1.277904102817598031e-02
8.780487804878047906e-03,3.333333333333333981e-03,4.847533632286994687e-03,1.277904102817598031e-02
8.780487804878047906e-03,3.333333333333333981e-03,4.847533632286994687e-03,1.277904102817598031e-02
8.780487804878047906e-03,3.333333333333333981e-03,4.847533632286994687e-03,1.277904102817598031e-02
8.780487804878047906e-03,3.333333333333333981e-03,4.847533632286994687e-03,1.277904102817598031e-02
8.780487804878047906e-03,3.333333333333333981e-03,4.847533632286994687e-03,1.277904102817598031e-02
8.780487804878047906e-03,3.333333333333333981e-03,4.847533632286994687e-03,1.277904102817598031e-02
8.780487804878047906e-03,3.333333333333333981e-03,4.847533632286994687e-03,1.277904102817598031e-02
8.780487804878047906e-03,3.333333333333333981e-03,4.847533632286994687e-03,1.277904102817598031e-02
8.780487804878047906e-03,3.333333333333333981e-03,4.847533632286994687e-03,1.277904102817598031e-02
8.780487804878047906e-03,3.333333333333333981e-03,4.847533632286994687e-03,1.277904102817598031e-02
8.780487804878047906e-03,3.333333333333333981e-03,4.847533632286994687e-03,1.277904102817598031e-02
8.780487804878047906e-03,3.333333333333333981e-03,4.847533632286994687e-03,1.277904102817598031e-02
8.780487804878047906e-03,3.333333333333333981e-03,4.847533632286994687e-03,1.277904102817598031e-02
8.780487804878047906e-03,3.333333333333333981e-03,4.847533632286994687e-03,1.277904102817598031e-02
8.780487804878047906e-03,3.333333333333333981e-03,4.847533632286994687e-03,1.277904102817598031e-02
8.780487804878047906e-03,3.333333333333333981e-03,4.847533632286994687e-03,1.277904102817598031e-02
